   113.1680    
   116.5769    
   96.65121    
   67.46606    
   43.70978    
   30.79285    
   26.38550    
   26.26843    
   27.65723    
   29.30023    
   30.87433    
   32.03015    
   32.83038    
   33.09753    
   32.72015    
   31.82404    
   30.21600    
   28.11127    
   25.71356    
   23.03833    
   20.40808    
   18.01617    
   16.12274    
   14.67169    
   13.84393    
   13.63416    
   13.99872    
   14.85480    
   16.18884    
   17.76587    
   19.61200    
   21.64471    
   23.81482    
   26.06024    
   28.44086    
   30.73328    
   33.09668    
   35.46423    
   37.89044    
   40.27930    
   42.65314    
   45.05560    
   47.50378    
   49.87048    
   52.24829    
   54.68085    
   56.95355    
   59.18011    
   61.33167    
   63.26300    
   64.92285    
   66.28876    
   67.23724    
   67.62384    
   67.45551    
   66.75995    
   65.36713    
   63.49847    
   61.24945    
   58.86737    
   56.44812    
   54.26978    
   52.52026    
   51.31659    
   50.73938    
   50.83887    
   51.44891    
   52.58276    
   54.16388    
   56.07892    
   58.26184    
   60.64185    
   63.22101    
   65.86230    
   68.85541    
   73.20068    
   83.56775    
   114.4474    
   195.7715    
   360.6716    
   596.4396    
   796.2244    
   805.1833    
   569.8223    
   220.3059    
  -43.30884    
  -124.7783    
  -63.00195    
   62.05762    
   197.3279    
   298.5989    
   290.8721    
   97.77173    
  -254.6826    
  -589.4358    
  -708.1879    
  -574.0791    
  -321.8819    
  -104.4658    
   20.09512    
   72.43591    
   89.76126    
   95.49500    
   98.01709    
   99.84723    
   101.5816    
   103.2744    
   104.8870    
   106.5141    
   108.0345    
   109.6179    
   111.0968    
   112.6375    
   114.1100    
   115.6149    
   117.1183    
   118.6029    
   120.1337    
   121.6345    
   123.1956    
   124.7679    
   126.3439    
   128.0165    
   129.6664    
   131.4223    
   133.2078    
   135.0810    
   137.0733    
   139.1052    
   141.3470    
   143.6647    
   146.2375    
   149.0012    
   152.0515    
   155.4889    
   159.3526    
   164.3430    
   172.3898    
   192.2269    
   247.8011    
   385.0500    
   645.2194    
   992.7654    
   1264.987    
   1272.145    
   1002.541    
   669.1602    
   472.7793    
   355.1343    
   72.25391    
  -472.9048    
  -1040.831    
  -1273.277    
  -1064.557    
  -628.6624    
  -238.6960    
  -9.098572    
   89.42328    
   122.8558    
   133.8256    
   138.6129    
   141.7010    
   144.5851    
   147.1070    
   149.4789    
   151.7679    
   153.8111    
   155.8023    
   157.6898    
   159.4623    
   161.2130    
   162.8428    
   164.4693    
   165.9740    
   167.5150    
   168.9799    
   170.3432    
   171.8336    
   173.1766    
   174.4158    
   175.8495    
   177.2023    
   178.2582    
   179.6275    
   181.1128    
   181.9895    
   183.1455    
   184.8586    
   185.8018    
   186.4937    
   188.2512    
   189.7187    
   190.0282    
   191.2103    
   193.3161    
   194.0717    
   194.2443    
   196.0918    
   198.1035    
   198.1811    
   198.5700    
   200.9814    
   202.6021    
   202.2408    
   203.0198    
   205.7499    
   206.9491    
   206.3426    
   207.5112    
   210.3739    
   211.2356    
   210.5169    
   212.0032    
   214.9031    
   215.4675    
   214.7670    
   216.5201    
   219.3525    
   219.6823    
   219.0952    
   221.0722    
   223.7399    
   223.8690    
   223.5236    
   225.7025    
   228.0887    
   228.0357    
   228.0623    
   230.4372    
   232.3832    
   232.2248    
   232.8036    
   235.2341    
   236.6026    
   236.5568    
   237.8013    
   240.0150    
   240.8203    
   241.2309    
   243.0042    
   244.6753    
   245.2686    
   246.4078    
   248.2416    
   249.3579    
   250.3347    
   251.9797    
   253.4561    
   254.5861    
   256.1551    
   257.7822    
   259.1932    
   260.8450    
   262.6245    
   264.3615    
   266.2633    
   268.3396    
   270.5094    
   272.9001    
   275.5538    
   278.4840    
   281.7967    
   285.6644    
   290.2977    
   296.5474    
   307.5995    
   333.7318    
   399.1929    
   538.2278    
   760.9556    
   1000.391    
   1118.733    
   1020.770    
   761.6196    
   492.1953    
   305.0728    
   183.9883    
   88.00830    
   19.60815    
   4.987305    
   51.09668    
   142.1274    
   258.3972    
   384.9382    
   486.7393    
   483.9111    
   290.4390    
  -74.59570    
  -430.9001    
  -565.2881    
  -429.3358    
  -160.8907    
   75.20544    
   212.3452    
   270.3887    
   289.4558    
   295.4355    
   297.8772    
   299.5853    
   301.1834    
   302.8430    
   304.4156    
   306.0417    
   307.5986    
   309.1919    
   310.7366    
   312.2855    
   313.8100    
   315.2912    
   316.7792    
   318.1419    
   319.5238    
   320.7415    
   321.9435    
   322.9393    
   323.8611    
   324.5435    
   325.1190    
   325.4062    
   325.5829    
   325.4631    
   325.2729    
   324.8239    
   324.3850    
   323.7937    
   323.2820    
   322.8062    
   322.4336    
   322.2715    
   322.2150    
   322.4534    
   322.8271    
   323.4200    
   324.2282    
   325.1221    
   326.2739    
   327.4161    
   328.7333    
   330.0905    
   331.4925    
   332.9716    
   334.4190    
   335.9497    
   337.4140    
   338.9638    
   340.4763    
   342.4031    
   345.9764    
   356.8563    
   389.6779    
   469.7798    
   613.3969    
   785.8930    
   885.0414    
   811.5616    
   579.4387    
   320.9771    
   164.6265    
   134.8558    
   176.3818    
   230.8770    
   272.7257    
   300.2600    
   318.7778    
   332.1737    
   342.7206    
   351.6718    
   359.8024    
   367.4468    
   375.1481    
   383.2429    
   392.1720    
   402.7637    
   416.0796    
   434.5228    
   462.2748    
   504.1772    
   558.6849    
   599.5529    
   568.2134    
   409.8220    
   150.4329    
  -80.73499    
  -151.6606    
  -50.82678    
   121.9052    
   264.8637    
   343.9568    
   376.0515    
   386.4762    
   389.8456    
   391.2369    
   392.5127    
   393.6389    
   394.6539    
   395.9124    
   397.0352    
   398.0252    
   399.2639    
   400.3909    
   401.3678    
   402.5845    
   403.7164    
   404.6920    
   405.8896    
   407.0233    
   408.0066    
   409.1894    
   410.3226    
   411.3220    
   412.4969    
   413.6257    
   414.6478    
   415.8206    
   416.9443    
   417.9984    
   419.1738    
   420.2948    
   421.3883    
   422.5671    
   423.6937    
   424.8264    
   426.0209    
   427.1781    
   428.3535    
   429.5487    
   430.7684    
   431.9754    
   433.2141    
   434.4966    
   435.7506    
   437.0675    
   438.3992    
   439.7519    
   441.1697    
   442.5905    
   444.0752    
   445.6413    
   447.1992    
   448.8988    
   450.6353    
   452.4739    
   454.4725    
   456.5319    
   458.8337    
   461.2784    
   464.1742    
   468.1729    
   476.8895    
   502.6204    
   575.3699    
   739.2045    
   1009.014    
   1300.506    
   1432.452    
   1276.626    
   918.4648    
   609.0869    
   548.5527    
   749.0171    
   1050.024    
   1175.724    
   856.6729    
   81.85986    
  -759.2959    
  -1161.870    
  -970.0649    
  -458.3883    
   14.62360    
   293.5734    
   411.3818    
   449.2933    
   460.1780    
   463.7611    
   465.6660    
   467.2957    
   468.8572    
   470.3586    
   471.7506    
   473.0453    
   474.3818    
   475.5947    
   476.7950    
   478.0316    
   479.1600    
   480.3586    
   481.4944    
   482.6371    
   483.8124    
   484.9127    
   486.1205    
   487.2077    
   488.4141    
   489.5151    
   490.6998    
   491.8295    
   492.9926    
   494.1419    
   495.2844    
   496.4502    
   497.5796    
   498.7392    
   499.8620    
   501.0144    
   502.1416    
   503.2628    
   504.4005    
   505.4898    
   506.6378    
   507.6985    
   508.8374    
   509.8922    
   511.0115    
   512.0579    
   513.1595    
   514.2050    
   515.2732    
   516.3241    
   517.3671    
   518.4369    
   519.4382    
   520.5021    
   521.5054    
   522.5507    
   523.5597    
   524.5758    
   525.6155    
   526.5970    
   527.6453    
   528.6254    
   529.6642    
   530.6633    
   531.6793    
   532.7179    
   533.6996    
   534.7545    
   535.7528    
   536.7894    
   537.8468    
   538.8364    
   539.9224    
   540.9412    
   541.9961    
   543.0809    
   544.0994    
   545.2115    
   546.2663    
   547.3478    
   548.4711    
   549.5228    
   550.6818    
   552.0533    
   554.7843    
   564.1023    
   596.6608    
   689.3513    
   886.6701    
   1182.293    
   1449.956    
   1484.452    
   1190.035    
   712.2690    
   315.8428    
   147.3577    
   165.1770    
   254.5325    
   339.0962    
   398.1558    
   436.9463    
   464.1699    
   484.4230    
   500.6505    
   514.1874    
   525.9417    
   536.4052    
   545.9486    
   554.9960    
   563.7072    
   572.6094    
   581.8510    
   592.0260    
   603.8409    
   618.5588    
   638.5612    
   668.0914    
   712.9065    
   771.4666    
   817.7017    
   789.6587    
   626.4116    
   350.1829    
   96.49500    
   10.47229    
   112.3710    
   297.9075    
   454.8994    
   543.4020    
   579.9550    
   591.8549    
   595.7793    
   597.5859    
   598.8684    
   600.2335    
   601.4974    
   602.8118    
   604.1013    
   605.3376    
   606.6470    
   607.8722    
   609.1284    
   610.3931    
   611.6069    
   612.8669    
   614.0971    
   615.3162    
   616.5811    
   617.7864    
   619.0273    
   620.2656    
   621.4846    
   622.7418    
   623.9589    
   625.2041    
   626.4532    
   627.6777    
   628.9469    
   630.1713    
   631.4246    
   632.6992    
   633.9143    
   635.1915    
   636.4269    
   637.6705    
   638.9324    
   640.1405    
   641.3784    
   642.5847    
   643.7749    
   644.9733    
   646.0867    
   647.2405    
   648.3028    
   649.3615    
   650.3708    
   651.3032    
   652.2384    
   653.0427    
   653.8779    
   654.5708    
   655.2882    
   655.8860    
   656.4977    
   657.0239    
   657.5747    
   658.0662    
   658.6006    
   659.1116    
   659.6843    
   660.2567    
   660.9305    
   661.5957    
   662.4226    
   663.2161    
   664.1989    
   665.1542    
   666.2744    
   667.4373    
   668.6853    
   670.0471    
   671.4315    
   672.9862    
   674.5189    
   676.2629    
   677.9861    
   679.8787    
   681.8647    
   683.9558    
   686.2224    
   688.5874    
   691.2215    
   693.9681    
   697.0746    
   700.3785    
   704.0975    
   708.2358    
   712.8275    
   718.0685    
   723.8693    
   730.3915    
   737.5287    
   744.9976    
   752.4229    
   758.7592    
   762.7522    
   762.8540    
   757.6458    
   746.3960    
   729.9133    
   710.2919    
   690.5530    
   673.6379    
   661.5085    
   654.7462    
   652.7412    
   654.2325    
   658.0039    
   662.7408    
   667.8642    
   672.8591    
   677.4402    
   681.6907    
   685.5045    
   688.9192    
   692.0087    
   694.8312    
   697.4340    
   699.8511    
   702.1276    
   704.2966    
   706.3683    
   708.3762    
   710.3292    
   712.2283    
   714.1854    
   715.9822    
   717.8052    
   719.6167    
   721.4718    
   723.2352    
   725.0084    
   726.7914    
   728.6061    
   730.3400    
   732.1033    
   733.9305    
   735.6572    
   737.4302    
   739.2528    
   740.9884    
   742.7857    
   744.5807    
   746.3163    
   748.1265    
   749.8470    
   751.5519    
   753.2717    
   754.8381    
   756.3818    
   757.8315    
   759.0717    
   760.2120    
   761.1069    
   761.7351    
   762.1646    
   762.2206    
   761.9819    
   761.5161    
   760.7347    
   759.7258    
   758.6275    
   757.4955    
   756.3273    
   755.3254    
   754.5489    
   754.0321    
   753.7598    
   753.8127    
   754.1989    
   754.8773    
   755.7413    
   756.8406    
   758.1371    
   759.5895    
   761.0733    
   762.6552    
   764.3540    
   766.0007    
   767.6655    
   769.4099    
   771.0710    
   772.7321    
   774.4438    
   776.0422    
   777.7025    
   779.3084    
   780.8961    
   782.5009    
   784.0444    
   785.6307    
   787.1492    
   788.7300    
   790.2368    
   791.8112    
   793.3254    
   794.9106    
   796.4416    
   798.0571    
   799.6281    
   801.2795    
   802.9114    
   804.6427    
   806.3648    
   808.1929    
   810.0503    
   812.0250    
   814.0770    
   816.2604    
   818.5970    
   821.1044    
   823.8483    
   826.8447    
   830.2280    
   834.0008    
   838.3889    
   843.4672    
   849.5452    
   856.9026    
   865.9967    
   877.4236    
   891.7758    
   909.6338    
   930.3950    
   951.7002    
   967.6450    
   969.2765    
   947.9088    
   900.9708    
   836.1582    
   770.2844    
   720.3479    
   695.2957    
   693.4385    
   706.7448    
   726.2324    
   746.0067    
   763.2641    
   777.3799    
   788.6909    
   797.7361    
   805.1516    
   811.2601    
   816.4182    
   820.8431    
   824.7230    
   828.1562    
   831.2540    
   834.1114    
   836.7319    
   839.1399    
   841.4502    
   843.6721    
   845.7352    
   847.7863    
   849.8130    
   852.0817    
   856.1006    
   867.6712    
   904.7618    
   1002.104    
   1193.985    
   1456.408    
   1661.003    
   1641.554    
   1360.757    
   977.8984    
   704.2273    
   622.4688    
   673.6074    
   765.7561    
   848.8752    
   914.5266    
   970.0632    
   1023.883    
   1081.914    
   1145.183    
   1194.788    
   1176.903    
   1020.832    
   719.9546    
   401.2803    
   270.3625    
   461.8003    
   957.2805    
   1600.594    
   2110.305    
   2141.133    
   1522.540    
   502.3794    
  -364.0234    
  -657.3484    
  -399.8093    
   77.63794    
   477.4321    
   704.3227    
   802.3085    
   838.7119    
   853.1967    
   860.9750    
   866.4131    
   871.0967    
   875.0770    
   878.6034    
   881.7595    
   884.7103    
   887.3303    
   889.8052    
   892.1194    
   894.3662    
   896.4481    
   898.4219    
   900.3806    
   902.2229    
   903.9912    
   905.7757    
   907.4194    
   909.1262    
   910.6974    
   912.3593    
   914.3499    
   918.4742    
   931.9857    
   976.6447    
   1094.782    
   1331.959    
   1680.420    
   2041.723    
   2292.479    
   2395.565    
   2373.424    
   2171.185    
   1663.176    
   843.9258    
  -51.55859    
  -660.1475    
  -748.9741    
  -391.7808    
   120.2456    
   531.1985    
   763.6631    
   866.0366    
   905.8666    
   924.3834    
   936.7876    
   947.7167    
   958.8953    
   971.1365    
   985.7184    
   1004.589    
   1031.949    
   1073.354    
   1130.695    
   1185.106    
   1181.158    
   1048.804    
   783.2898    
   499.9351    
   360.5413    
   423.8243    
   604.7235    
   778.8699    
   885.6243    
   932.3276    
   947.7001    
   951.9078    
   953.4276    
   954.2051    
   955.0618    
   956.0515    
   957.1658    
   958.2792    
   959.4833    
   960.8197    
   962.0920    
   963.4494    
   964.8759    
   966.2390    
   967.6713    
   969.1053    
   970.4999    
   971.9629    
   973.3309    
   974.7906    
   976.1484    
   977.5678    
   978.9281    
   980.3108    
   981.6620    
   983.0161    
   984.3436    
   985.6858    
   986.9783    
   988.3179    
   989.5808    
   990.9094    
   992.1630    
   993.4685    
   994.7092    
   996.0063    
   997.2544    
   998.5065    
   999.8064    
   1001.017    
   1002.307    
   1003.539    
   1004.805    
   1006.089    
   1007.308    
   1008.617    
   1009.863    
   1011.148    
   1012.457    
   1013.714    
   1015.058    
   1016.350    
   1017.690    
   1019.057    
   1020.396    
   1021.800    
   1023.196    
   1024.632    
   1026.122    
   1027.574    
   1029.150    
   1030.695    
   1032.330    
   1034.006    
   1035.722    
   1037.552    
   1039.385    
   1041.380    
   1043.409    
   1045.570    
   1047.846    
   1050.238    
   1052.792    
   1055.444    
   1058.312    
   1061.237    
   1064.369    
   1067.477    
   1070.659    
   1073.650    
   1076.353    
   1078.502    
   1079.747    
   1079.899    
   1078.490    
   1075.461    
   1070.899    
   1064.847    
   1057.983    
   1050.925    
   1044.398    
   1038.989    
   1034.986    
   1032.642    
   1031.835    
   1032.358    
   1033.900    
   1036.172    
   1038.927    
   1041.962    
   1045.125    
   1048.322    
   1051.509    
   1054.630    
   1057.677    
   1060.656    
   1063.571    
   1066.484    
   1069.241    
   1072.021    
   1074.769    
   1077.577    
   1080.298    
   1083.041    
   1085.827    
   1088.651    
   1091.395    
   1094.140    
   1096.914    
   1099.461    
   1101.871    
   1104.046    
   1105.852    
   1107.109    
   1107.782    
   1107.803    
   1107.000    
   1105.433    
   1103.203    
   1100.455    
   1097.450    
   1094.379    
   1091.475    
   1089.009    
   1087.083    
   1085.763    
   1085.041    
   1084.851    
   1085.118    
   1085.714    
   1086.542    
   1087.513    
   1088.570    
   1089.645    
   1090.712    
   1091.767    
   1092.796    
   1093.802    
   1094.860    
   1095.873    
   1096.896    
   1097.985    
   1099.117    
   1100.315    
   1101.628    
   1102.923    
   1104.285    
   1105.710    
   1107.234    
   1108.721    
   1110.236    
   1111.823    
   1113.397    
   1114.939    
   1116.555    
   1118.102    
   1119.643    
   1121.239    
   1122.720    
   1124.291    
   1125.750    
   1127.253    
   1128.718    
   1130.169    
   1131.595    
   1133.020    
   1134.414    
   1135.807    
   1137.177    
   1138.552    
   1139.887    
   1141.251    
   1142.548    
   1143.908    
   1145.190    
   1146.526    
   1147.818    
   1149.113    
   1150.444    
   1151.696    
   1153.035    
   1154.301    
   1155.607    
   1156.911    
   1158.197    
   1159.527    
   1160.810    
   1162.149    
   1163.474    
   1164.789    
   1166.168    
   1167.497    
   1168.881    
   1170.263    
   1171.658    
   1173.105    
   1174.505    
   1176.003    
   1177.469    
   1178.981    
   1180.545    
   1182.088    
   1183.727    
   1185.337    
   1187.061    
   1188.761    
   1190.548    
   1192.375    
   1194.249    
   1196.197    
   1198.184    
   1200.279    
   1202.395    
   1204.642    
   1206.922    
   1209.335    
   1211.841    
   1214.451    
   1217.237    
   1220.105    
   1223.242    
   1226.501    
   1230.059    
   1233.950    
   1238.094    
   1242.637    
   1247.612    
   1252.745    
   1257.955    
   1262.753    
   1266.350    
   1267.667    
   1265.287    
   1257.879    
   1244.877    
   1226.690    
   1205.317    
   1183.640    
   1164.794    
   1151.175    
   1143.801    
   1142.335    
   1145.293    
   1151.278    
   1158.682    
   1166.576    
   1174.251    
   1181.434    
   1187.954    
   1193.916    
   1199.242    
   1204.065    
   1208.459    
   1212.500    
   1216.239    
   1219.738    
   1223.038    
   1226.199    
   1229.229    
   1232.166    
   1235.071    
   1237.923    
   1240.711    
   1243.525    
   1246.362    
   1249.275    
   1252.152    
   1255.138    
   1258.235    
   1261.514    
   1264.887    
   1268.578    
   1273.013    
   1280.060    
   1296.662    
   1343.482    
   1459.688    
   1682.616    
   1987.859    
   2245.120    
   2289.229    
   2067.791    
   1668.255    
   1187.271    
   676.9302    
   247.4443    
   76.24902    
   231.0001    
   574.4172    
   901.3402    
   1106.101    
   1199.763    
   1233.695    
   1245.185    
   1250.419    
   1253.576    
   1256.406    
   1258.829    
   1261.073    
   1263.182    
   1265.063    
   1266.899    
   1268.584    
   1270.206    
   1271.768    
   1273.245    
   1274.692    
   1276.084    
   1277.432    
   1278.760    
   1280.044    
   1281.331    
   1282.536    
   1283.796    
   1284.968    
   1286.187    
   1287.339    
   1288.514    
   1289.668    
   1290.795    
   1291.963    
   1293.056    
   1294.214    
   1295.307    
   1296.435    
   1297.567    
   1298.638    
   1299.790    
   1300.875    
   1301.996    
   1303.120    
   1304.218    
   1305.364    
   1306.456    
   1307.609    
   1308.742    
   1309.868    
   1311.037    
   1312.164    
   1313.349    
   1314.522    
   1315.688    
   1316.916    
   1318.095    
   1319.335    
   1320.564    
   1321.817    
   1323.179    
   1324.961    
   1329.177    
   1343.064    
   1385.984    
   1490.111    
   1674.259    
   1890.709    
   2007.549    
   1903.605    
   1604.446    
   1281.165    
   1091.368    
   1059.600    
   1114.026    
   1182.302    
   1234.265    
   1268.337    
   1291.526    
   1308.357    
   1321.798    
   1333.469    
   1344.010    
   1354.167    
   1364.354    
   1375.064    
   1386.713    
   1399.947    
   1415.883    
   1435.898    
   1463.374    
   1504.219    
   1566.773    
   1652.064    
   1728.359    
   1708.321    
   1490.572    
   1080.398    
   662.8220    
   475.4169    
   588.7046    
   864.0218    
   1118.434    
   1270.360    
   1335.590    
   1356.871    
   1363.020    
   1365.108    
   1366.216    
   1367.348    
   1368.422    
   1369.515    
   1370.606    
   1371.657    
   1372.749    
   1373.813    
   1374.845    
   1375.914    
   1376.968    
   1377.993    
   1379.050    
   1380.091    
   1381.104    
   1382.164    
   1383.184    
   1384.199    
   1385.260    
   1386.270    
   1387.279    
   1388.347    
   1389.349    
   1390.354    
   1391.447    
   1392.421    
   1393.438    
   1394.542    
   1395.509    
   1396.540    
   1397.635    
   1398.614    
   1399.652    
   1400.764    
   1401.729    
   1402.790    
   1403.899    
   1404.866    
   1405.950    
   1407.051    
   1408.040    
   1409.128    
   1410.244    
   1411.235    
   1412.343    
   1413.455    
   1414.459    
   1415.584    
   1416.695    
   1417.717    
   1418.861    
   1419.971    
   1421.010    
   1422.176    
   1423.289    
   1424.350    
   1425.525    
   1426.639    
   1427.736    
   1428.917    
   1430.033    
   1431.161    
   1432.350    
   1433.485    
   1434.644    
   1435.820    
   1436.994    
   1438.165    
   1439.345    
   1440.553    
   1441.726    
   1442.931    
   1444.133    
   1445.329    
   1446.541    
   1447.734    
   1448.935    
   1450.152    
   1451.322    
   1452.516    
   1453.694    
   1454.833    
   1455.995    
   1457.079    
   1458.188    
   1459.224    
   1460.240    
   1461.220    
   1462.105    
   1463.007    
   1463.786    
   1464.556    
   1465.230    
   1465.871    
   1466.445    
   1466.964    
   1467.462    
   1467.887    
   1468.338    
   1468.730    
   1469.169    
   1469.580    
   1470.056    
   1470.530    
   1471.074    
   1471.664    
   1472.297    
   1473.016    
   1473.753    
   1474.606    
   1475.450    
   1476.423    
   1477.363    
   1478.436    
   1479.454    
   1480.607    
   1481.687    
   1482.902    
   1484.029    
   1485.267    
   1486.446    
   1487.694    
   1488.892    
   1490.140    
   1491.360    
   1492.596    
   1493.810    
   1495.035    
   1496.232    
   1497.435    
   1498.605    
   1499.777    
   1500.911    
   1502.045    
   1503.135    
   1504.229    
   1505.248    
   1506.291    
   1507.248    
   1508.231    
   1509.121    
   1510.038    
   1510.859    
   1511.710    
   1512.469    
   1513.260    
   1513.966    
   1514.708    
   1515.375    
   1516.089    
   1516.740    
   1517.444    
   1518.097    
   1518.803    
   1519.495    
   1520.223    
   1520.957    
   1521.728    
   1522.517    
   1523.340    
   1524.186    
   1525.055    
   1525.977    
   1526.893    
   1527.869    
   1528.845    
   1529.847    
   1530.877    
   1531.914    
   1532.992    
   1534.039    
   1535.163    
   1536.221    
   1537.365    
   1538.445    
   1539.598    
   1540.688    
   1541.854    
   1542.954    
   1544.104    
   1545.242    
   1546.356    
   1547.531    
   1548.621    
   1549.793    
   1550.909    
   1552.028    
   1553.200    
   1554.278    
   1555.454    
   1556.559    
   1557.680    
   1558.841    
   1559.926    
   1561.067    
   1562.194    
   1563.294    
   1564.446    
   1565.549    
   1566.666    
   1567.807    
   1568.907    
   1570.045    
   1571.168    
   1572.278    
   1573.436    
   1574.539    
   1575.679    
   1576.818    
   1577.943    
   1579.109    
   1580.245    
   1581.385    
   1582.570    
   1583.704    
   1584.893    
   1586.070    
   1587.250    
   1588.477    
   1589.656    
   1590.897    
   1592.135    
   1593.374    
   1594.670    
   1595.938    
   1597.258    
   1598.619    
   1599.957    
   1601.379    
   1602.799    
   1604.285    
   1605.836    
   1607.379    
   1609.064    
   1610.768    
   1612.584    
   1614.515    
   1616.532    
   1618.766    
   1621.105    
   1623.744    
   1626.590    
   1629.858    
   1633.521    
   1637.835    
   1642.914    
   1649.177    
   1657.034    
   1667.641    
   1683.132    
   1709.709    
   1762.846    
   1873.549    
   2074.547    
   2342.930    
   2529.204    
   2404.570    
   1888.428    
   1219.008    
   778.8645    
   740.2136    
   967.8083    
   1233.426    
   1415.783    
   1511.215    
   1555.977    
   1579.070    
   1592.665    
   1602.084    
   1609.200    
   1615.015    
   1619.758    
   1623.804    
   1627.329    
   1630.493    
   1633.260    
   1635.815    
   1638.190    
   1640.441    
   1642.474    
   1644.436    
   1646.342    
   1648.089    
   1649.828    
   1651.483    
   1653.050    
   1654.638    
   1656.088    
   1657.559    
   1658.964    
   1660.297    
   1661.652    
   1662.869    
   1664.153    
   1665.290    
   1666.450    
   1667.539    
   1668.581    
   1669.625    
   1670.559    
   1671.562    
   1672.432    
   1673.336    
   1674.241    
   1675.063    
   1676.007    
   1676.846    
   1677.758    
   1678.733    
   1679.682    
   1680.770    
   1681.869    
   1683.046    
   1684.393    
   1685.749    
   1687.279    
   1688.990    
   1690.786    
   1692.845    
   1695.166    
   1698.083    
   1703.287    
   1717.325    
   1759.851    
   1869.526    
   2084.022    
   2378.390    
   2614.652    
   2616.545    
   2351.633    
   1997.398    
   1760.746    
   1657.816    
   1527.163    
   1253.459    
   932.2334    
   777.2522    
   887.0479    
   1157.849    
   1418.807    
   1581.982    
   1656.260    
   1683.108    
   1692.233    
   1696.599    
   1699.351    
   1701.913    
   1704.289    
   1706.557    
   1708.742    
   1710.770    
   1712.771    
   1714.802    
   1716.691    
   1718.599    
   1720.548    
   1722.416    
   1724.348    
   1726.305    
   1728.245    
   1730.312    
   1732.350    
   1734.525    
   1736.757    
   1739.098    
   1741.618    
   1744.221    
   1747.120    
   1750.147    
   1753.530    
   1757.242    
   1761.310    
   1765.930    
   1770.944    
   1776.547    
   1782.582    
   1788.758    
   1794.698    
   1799.284    
   1801.291    
   1799.212    
   1791.618    
   1778.163    
   1759.967    
   1739.618    
   1720.560    
   1705.630    
   1696.619    
   1693.555    
   1695.309    
   1700.264    
   1706.793    
   1713.797    
   1720.682    
   1727.389    
   1735.728    
   1752.088    
   1794.048    
   1890.483    
   2058.358    
   2254.697    
   2361.264    
   2269.620    
   2002.994    
   1714.879    
   1546.130    
   1518.462    
   1567.562    
   1628.767    
   1675.289    
   1705.671    
   1726.190    
   1740.930    
   1752.508    
   1762.157    
   1770.762    
   1778.661    
   1786.257    
   1793.855    
   1801.878    
   1810.507    
   1820.954    
   1835.792    
   1864.115    
   1928.348    
   2064.766    
   2295.418    
   2565.999    
   2716.196    
   2568.495    
   2100.630    
   1515.619    
   1104.059    
   1023.291    
   1211.220    
   1495.054    
   1746.029    
   1925.807    
   2023.176    
   1991.109    
   1781.789    
   1447.677    
   1165.966    
   1099.732    
   1249.090    
   1477.888    
   1659.314    
   1757.175    
   1796.300    
   1808.885    
   1813.300    
   1815.350    
   1817.049    
   1818.656    
   1820.271    
   1821.818    
   1823.365    
   1824.886    
   1826.384    
   1827.918    
   1829.372    
   1830.903    
   1832.375    
   1833.900    
   1835.401    
   1836.943    
   1838.499    
   1840.046    
   1841.671    
   1843.257    
   1844.929    
   1846.595    
   1848.314    
   1850.065    
   1851.845    
   1853.686    
   1855.499    
   1857.412    
   1859.255    
   1861.174    
   1862.989    
   1864.818    
   1866.458    
   1868.035    
   1869.297    
   1870.363    
   1870.960    
   1871.217    
   1870.921    
   1870.130    
   1868.866    
   1867.113    
   1865.110    
   1862.886    
   1860.639    
   1858.614    
   1856.871    
   1855.522    
   1854.675    
   1854.394    
   1854.521    
   1855.088    
   1856.031    
   1857.302    
   1858.791    
   1860.400    
   1862.137    
   1863.998    
   1865.864    
   1867.718    
   1869.599    
   1871.501    
   1873.302    
   1875.130    
   1876.945    
   1878.656    
   1880.436    
   1882.106    
   1883.772    
   1885.450    
   1887.026    
   1888.664    
   1890.185    
   1891.756    
   1893.263    
   1894.755    
   1896.224    
   1897.639    
   1899.075    
   1900.404    
   1901.776    
   1903.009    
   1904.310    
   1905.451    
   1906.608    
   1907.684    
   1908.685    
   1909.643    
   1910.487    
   1911.335    
   1912.024    
   1912.751    
   1913.313    
   1913.893    
   1914.417    
   1914.874    
   1915.378    
   1915.781    
   1916.262    
   1916.743    
   1917.208    
   1917.802    
   1918.333    
   1918.981    
   1919.689    
   1920.396    
   1921.247    
   1922.082    
   1922.989    
   1924.020    
   1925.006    
   1926.092    
   1927.243    
   1928.370    
   1929.624    
   1930.852    
   1932.122    
   1933.484    
   1934.792    
   1936.223    
   1937.629    
   1939.073    
   1940.619    
   1942.109    
   1943.755    
   1945.354    
   1947.064    
   1948.837    
   1950.650    
   1952.621    
   1954.596    
   1956.798    
   1959.073    
   1961.544    
   1964.258    
   1967.168    
   1970.494    
   1974.137    
   1978.364    
   1983.264    
   1989.010    
   1996.050    
   2004.622    
   2015.488    
   2029.576    
   2047.831    
   2071.474    
   2100.669    
   2132.544    
   2159.394    
   2167.945    
   2144.057    
   2082.112    
   1992.740    
   1900.451    
   1830.674    
   1796.320    
   1794.292    
   1812.386    
   1837.970    
   1863.139    
   1884.553    
   1901.766    
   1915.404    
   1926.273    
   1935.106    
   1942.371    
   1948.543    
   1953.816    
   1958.386    
   1962.427    
   1966.034    
   1969.291    
   1972.259    
   1974.986    
   1977.525    
   1979.938    
   1982.119    
   1984.209    
   1986.259    
   1988.143    
   1989.954    
   1991.783    
   1993.444    
   1995.137    
   1996.750    
   1998.318    
   1999.904    
   2001.393    
   2002.941    
   2004.387    
   2005.899    
   2007.321    
   2008.818    
   2010.227    
   2011.725    
   2013.138    
   2014.635    
   2016.075    
   2017.592    
   2019.079    
   2020.677    
   2022.689    
   2026.853    
   2040.269    
   2082.861    
   2191.617    
   2397.069    
   2663.284    
   2850.319    
   2800.274    
   2503.738    
   2140.435    
   1915.828    
   1896.200    
   2016.588    
   2181.902    
   2317.658    
   2364.851    
   2293.277    
   2136.685    
   1988.444    
   1918.548    
   1890.507    
   1791.995    
   1576.306    
   1350.761    
   1279.398    
   1409.368    
   1638.658    
   1838.809    
   1957.317    
   2010.347    
   2030.661    
   2039.216    
   2044.096    
   2047.601    
   2050.481    
   2052.805    
   2054.611    
   2055.975    
   2056.888    
   2057.320    
   2057.424    
   2057.234    
   2056.809    
   2056.302    
   2055.702    
   2055.144    
   2054.734    
   2054.529    
   2054.602    
   2054.918    
   2055.471    
   2056.304    
   2057.365    
   2058.697    
   2060.073    
   2061.611    
   2063.254    
   2065.019    
   2066.738    
   2068.501    
   2070.354    
   2072.115    
   2073.886    
   2075.714    
   2077.429    
   2079.189    
   2081.144    
   2084.157    
   2092.948    
   2123.318    
   2213.909    
   2420.355    
   2760.905    
   3127.490    
   3288.002    
   3065.664    
   2536.264    
   1978.536    
   1627.136    
   1523.244    
   1577.045    
   1688.166    
   1799.416    
   1889.756    
   1958.147    
   2008.508    
   2047.591    
   2081.659    
   2119.882    
   2183.778    
   2321.649    
   2602.298    
   3044.298    
   3487.086    
   3581.979    
   3063.040    
   2074.857    
   1103.005    
   548.0747    
   479.2339    
   750.4072    
   1174.112    
   1584.513    
   1875.921    
   2032.819    
   2097.521    
   2118.016    
   2123.923    
   2126.251    
   2127.436    
   2128.568    
   2129.967    
   2131.110    
   2132.139    
   2133.533    
   2134.726    
   2135.630    
   2137.008    
   2138.267    
   2139.112    
   2140.372    
   2141.747    
   2142.590    
   2143.701    
   2145.158    
   2146.089    
   2147.038    
   2148.492    
   2149.567    
   2150.416    
   2151.803    
   2153.007    
   2153.839    
   2155.123    
   2156.420    
   2157.293    
   2158.493    
   2159.817    
   2160.776    
   2161.903    
   2163.248    
   2164.291    
   2165.396    
   2166.720    
   2167.837    
   2168.968    
   2170.275    
   2171.441    
   2172.627    
   2173.937    
   2175.158    
   2176.411    
   2177.739    
   2179.035    
   2180.360    
   2181.728    
   2183.135    
   2184.533    
   2186.015    
   2187.525    
   2189.061    
   2190.688    
   2192.356    
   2194.109    
   2196.182    
   2199.354    
   2207.800    
   2234.778    
   2309.622    
   2468.802    
   2709.371    
   2933.404    
   2977.549    
   2761.843    
   2397.694    
   2094.737    
   1972.013    
   1999.205    
   2086.608    
   2175.260    
   2252.306    
   2329.461    
   2423.585    
   2539.783    
   2641.838    
   2628.062    
   2380.734    
   1909.049    
   1429.860    
   1216.447    
   1346.127    
   1656.949    
   1940.722    
   2106.610    
   2174.542    
   2193.626    
   2196.388    
   2195.562    
   2194.559    
   2194.433    
   2195.075    
   2196.355    
   2198.102    
   2200.164    
   2202.429    
   2204.776    
   2207.188    
   2209.542    
   2211.798    
   2213.999    
   2216.115    
   2218.175    
   2220.122    
   2221.946    
   2223.729    
   2225.460    
   2227.059    
   2228.641    
   2230.194    
   2231.614    
   2233.112    
   2234.449    
   2235.835    
   2237.161    
   2238.452    
   2239.766    
   2241.001    
   2242.275    
   2243.475    
   2244.733    
   2245.918    
   2247.142    
   2248.327    
   2249.528    
   2250.709    
   2251.890    
   2253.076    
   2254.236    
   2255.439    
   2256.569    
   2257.791    
   2258.927    
   2260.108    
   2261.289    
   2262.427    
   2263.644    
   2264.778    
   2265.959    
   2267.141    
   2268.292    
   2269.500    
   2270.656    
   2271.827    
   2273.032    
   2274.193    
   2275.384    
   2276.578    
   2277.756    
   2278.978    
   2280.175    
   2281.365    
   2282.592    
   2283.805    
   2285.029    
   2286.271    
   2287.508    
   2288.772    
   2290.029    
   2291.307    
   2292.609    
   2293.889    
   2295.224    
   2296.558    
   2297.922    
   2299.312    
   2300.700    
   2302.135    
   2303.614    
   2305.082    
   2306.629    
   2308.190    
   2309.791    
   2311.469    
   2313.134    
   2314.917    
   2316.709    
   2318.633    
   2321.135    
   2326.020    
   2340.584    
   2382.626    
   2479.839    
   2643.632    
   2823.759    
   2903.324    
   2789.829    
   2524.196    
   2258.405    
   2114.657    
   2099.417    
   2147.356    
   2201.164    
   2239.188    
   2262.098    
   2275.789    
   2284.167    
   2289.729    
   2293.741    
   2296.896    
   2299.744    
   2302.655    
   2305.567    
   2308.632    
   2311.958    
   2315.346    
   2319.015    
   2322.570    
   2326.340    
   2330.107    
   2334.027    
   2337.879    
   2341.844    
   2345.982    
   2350.207    
   2354.607    
   2359.254    
   2364.291    
   2369.718    
   2375.679    
   2382.573    
   2390.358    
   2399.715    
   2411.317    
   2426.157    
   2446.803    
   2477.471    
   2525.367    
   2595.250    
   2670.970    
   2691.577    
   2564.069    
   2253.369    
   1874.850    
   1639.771    
   1665.769    
   1877.656    
   2112.561    
   2269.645    
   2343.658    
   2369.919    
   2377.590    
   2380.336    
   2381.519    
   2382.662    
   2383.668    
   2384.651    
   2385.514    
   2386.301    
   2386.969    
   2387.555    
   2387.999    
   2388.373    
   2388.607    
   2388.800    
   2388.865    
   2388.953    
   2388.924    
   2388.987    
   2388.972    
   2389.046    
   2389.193    
   2389.355    
   2389.708    
   2390.055    
   2390.555    
   2391.181    
   2391.837    
   2392.673    
   2393.528    
   2394.468    
   2395.554    
   2396.592    
   2397.771    
   2398.943    
   2400.152    
   2401.432    
   2402.670    
   2404.016    
   2405.288    
   2406.621    
   2407.970    
   2409.275    
   2410.657    
   2411.953    
   2413.344    
   2414.642    
   2416.039    
   2417.332    
   2418.731    
   2420.020    
   2421.397    
   2422.705    
   2424.064    
   2425.370    
   2426.710    
   2428.031    
   2429.348    
   2430.660    
   2431.961    
   2433.259    
   2434.542    
   2435.814    
   2437.065    
   2438.318    
   2439.535    
   2440.742    
   2441.904    
   2443.073    
   2444.153    
   2445.276    
   2446.274    
   2447.324    
   2448.234    
   2449.215    
   2450.055    
   2450.934    
   2451.719    
   2452.494    
   2453.263    
   2453.952    
   2454.729    
   2455.394    
   2456.148    
   2456.885    
   2457.618    
   2458.484    
   2459.284    
   2460.191    
   2461.186    
   2462.172    
   2463.321    
   2464.483    
   2465.724    
   2467.125    
   2468.510    
   2470.042    
   2471.698    
   2473.374    
   2475.208    
   2477.169    
   2479.175    
   2481.372    
   2483.691    
   2486.110    
   2488.749    
   2491.542    
   2494.472    
   2497.652    
   2501.008    
   2504.511    
   2508.209    
   2512.079    
   2515.912    
   2519.699    
   2523.268    
   2526.399    
   2528.724    
   2530.061    
   2530.127    
   2528.735    
   2525.850    
   2521.603    
   2516.288    
   2510.276    
   2504.016    
   2497.872    
   2492.116    
   2486.898    
   2482.278    
   2478.230    
   2474.893    
   2472.177    
   2470.128    
   2468.938    
   2468.568    
   2468.972    
   2470.233    
   2472.180    
   2474.657    
   2477.543    
   2480.823    
   2484.232    
   2487.713    
   2491.202    
   2494.649    
   2498.027    
   2501.305    
   2504.480    
   2507.565    
   2510.549    
   2513.443    
   2516.253    
   2519.026    
   2521.773    
   2524.389    
   2527.002    
   2529.590    
   2532.225    
   2534.714    
   2537.210    
   2539.667    
   2542.096    
   2544.337    
   2546.461    
   2548.429    
   2550.070    
   2551.343    
   2552.185    
   2552.599    
   2552.309    
   2551.459    
   2550.038    
   2548.161    
   2545.847    
   2543.337    
   2540.844    
   2538.570    
   2536.665    
   2535.307    
   2534.479    
   2534.219    
   2534.531    
   2535.335    
   2536.555    
   2538.095    
   2539.892    
   2541.870    
   2544.041    
   2546.174    
   2548.406    
   2550.661    
   2552.937    
   2555.292    
   2557.533    
   2559.838    
   2562.170    
   2564.563    
   2566.936    
   2569.404    
   2572.009    
   2574.669    
   2577.538    
   2580.665    
   2584.137    
   2588.722    
   2597.240    
   2619.777    
   2681.771    
   2822.471    
   3061.335    
   3337.578    
   3502.782    
   3434.965    
   3160.393    
   2802.320    
   2427.376    
   2041.085    
   1719.864    
   1610.264    
   1760.480    
   2049.258    
   2311.960    
   2471.076    
   2542.301    
   2567.976    
   2576.949    
   2581.346    
   2584.222    
   2586.825    
   2589.089    
   2591.273    
   2593.192    
   2595.073    
   2596.775    
   2598.468    
   2599.988    
   2601.576    
   2602.997    
   2604.413    
   2605.850    
   2607.146    
   2608.457    
   2609.819    
   2611.032    
   2612.262    
   2613.588    
   2614.752    
   2615.881    
   2617.229    
   2618.344    
   2619.386    
   2620.745    
   2621.868    
   2622.822    
   2624.168    
   2625.335    
   2626.213    
   2627.521    
   2628.737    
   2629.592    
   2630.804    
   2632.102    
   2632.956    
   2634.070    
   2635.418    
   2636.327    
   2637.334    
   2638.687    
   2639.676    
   2640.614    
   2641.939    
   2642.994    
   2643.902    
   2645.199    
   2646.302    
   2647.218    
   2648.457    
   2649.604    
   2650.539    
   2651.754    
   2652.905    
   2653.884    
   2655.063    
   2656.224    
   2657.240    
   2658.417    
   2659.577    
   2660.630    
   2661.809    
   2662.964    
   2664.062    
   2665.250    
   2666.407    
   2667.553    
   2668.746    
   2669.920    
   2671.104    
   2672.316    
   2673.531    
   2674.735    
   2675.984    
   2677.239    
   2678.476    
   2679.765    
   2681.052    
   2682.342    
   2683.685    
   2684.997    
   2686.353    
   2687.745    
   2689.090    
   2690.525    
   2691.915    
   2693.339    
   2694.782    
   2696.194    
   2697.650    
   2699.033    
   2700.459    
   2701.785    
   2703.130    
   2704.341    
   2705.516    
   2706.528    
   2707.463    
   2708.161    
   2708.752    
   2709.058    
   2709.239    
   2709.114    
   2708.850    
   2708.367    
   2707.730    
   2707.059    
   2706.254    
   2705.523    
   2704.904    
   2704.328    
   2703.989    
   2703.882    
   2703.930    
   2704.246    
   2704.846    
   2705.563    
   2706.498    
   2707.666    
   2708.932    
   2710.298    
   2711.833    
   2713.424    
   2715.057    
   2716.814    
   2718.853    
   2722.081    
   2731.208    
   2760.787    
   2842.970    
   3016.445    
   3275.234    
   3510.216    
   3545.613    
   3301.401    
   2904.305    
   2579.948    
   2451.068    
   2480.191    
   2569.991    
   2657.414    
   2727.551    
   2788.333    
   2851.404    
   2925.990    
   3019.288    
   3131.218    
   3240.930    
   3282.955    
   3145.597    
   2746.694    
   2169.877    
   1688.849    
   1561.262    
   1795.549    
   2175.049    
   2485.967    
   2657.920    
   2727.604    
   2749.444    
   2755.652    
   2757.790    
   2759.117    
   2760.322    
   2761.563    
   2762.766    
   2763.896    
   2765.107    
   2766.223    
   2767.339    
   2768.517    
   2769.596    
   2770.739    
   2771.906    
   2773.008    
   2774.221    
   2775.374    
   2776.551    
   2777.821    
   2779.021    
   2780.296    
   2781.625    
   2782.909    
   2784.312    
   2785.689    
   2787.105    
   2788.641    
   2790.114    
   2791.696    
   2793.361    
   2795.006    
   2796.780    
   2798.627    
   2800.511    
   2802.563    
   2804.686    
   2806.918    
   2809.371    
   2811.957    
   2814.738    
   2817.823    
   2821.189    
   2824.870    
   2828.993    
   2833.640    
   2838.712    
   2844.355    
   2850.427    
   2856.747    
   2862.583    
   2867.005    
   2868.509    
   2865.245    
   2855.580    
   2838.920    
   2816.440    
   2791.219    
   2767.447    
   2748.980    
   2738.059    
   2734.736    
   2737.684    
   2744.516    
   2753.272    
   2762.487    
   2771.183    
   2779.149    
   2786.109    
   2792.192    
   2797.482    
   2802.115    
   2806.183    
   2809.802    
   2813.037    
   2815.951    
   2818.691    
   2821.092    
   2823.360    
   2825.522    
   2827.464    
   2829.387    
   2831.146    
   2832.869    
   2834.499    
   2836.076    
   2837.594    
   2839.071    
   2840.479    
   2841.914    
   2843.222    
   2844.597    
   2845.855    
   2847.154    
   2848.408    
   2849.620    
   2850.872    
   2852.034    
   2853.213    
   2854.389    
   2855.512    
   2856.668    
   2857.775    
   2858.871    
   2859.989    
   2861.052    
   2862.110    
   2863.188    
   2864.223    
   2865.265    
   2866.309    
   2867.306    
   2868.332    
   2869.335    
   2870.317    
   2871.315    
   2872.306    
   2873.265    
   2874.255    
   2875.222    
   2876.168    
   2877.155    
   2878.100    
   2879.055    
   2880.046    
   2880.983    
   2881.930    
   2882.946    
   2883.865    
   2884.830    
   2885.851    
   2886.775    
   2887.758    
   2888.812    
   2889.719    
   2890.728    
   2891.807    
   2892.713    
   2893.750    
   2894.859    
   2895.761    
   2896.824    
   2897.967    
   2898.865    
   2899.974    
   2901.535    
   2904.534    
   2915.363    
   2951.084    
   3043.207    
   3219.983    
   3451.556    
   3613.508    
   3560.645    
   3277.208    
   2920.084    
   2676.433    
   2607.362    
   2650.030    
   2721.165    
   2779.017    
   2816.769    
   2840.826    
   2857.596    
   2869.852    
   2879.173    
   2887.177    
   2894.001    
   2899.750    
   2905.092    
   2910.118    
   2914.528    
   2918.891    
   2923.178    
   2927.267    
   2931.398    
   2935.584    
   2939.823    
   2944.299    
   2948.991    
   2953.982    
   2959.515    
   2965.551    
   2972.434    
   2980.432    
   2989.861    
   3001.520    
   3016.563    
   3037.195    
   3067.580    
   3112.771    
   3171.885    
   3221.931    
   3207.372    
   3073.245    
   2838.041    
   2619.452    
   2543.281    
   2622.904    
   2762.612    
   2864.001    
   2898.251    
   2890.053    
   2871.861    
   2861.666    
   2862.828    
   2872.192    
   2885.319    
   2899.105    
   2911.709    
   2922.642    
   2931.959    
   2939.821    
   2946.565    
   2952.525    
   2957.792    
   2962.598    
   2967.093    
   2971.442    
   2975.601    
   2979.795    
   2984.105    
   2988.656    
   2993.586    
   2998.957    
   3005.082    
   3012.308    
   3020.805    
   3031.230    
   3044.187    
   3060.166    
   3079.243    
   3100.213    
   3119.323    
   3129.508    
   3122.464    
   3092.522    
   3041.949    
   2982.343    
   2929.677    
   2896.141    
   2884.962    
   2891.349    
   2907.380    
   2926.291    
   2944.130    
   2959.367    
   2971.847    
   2981.868    
   2989.808    
   2996.064    
   3000.754    
   3004.017    
   3005.926    
   3006.723    
   3006.344    
   3005.057    
   3003.123    
   3000.855    
   2998.595    
   2996.639    
   2995.223    
   2994.499    
   2994.513    
   2995.217    
   2996.530    
   2998.327    
   3000.472    
   3002.866    
   3005.398    
   3008.049    
   3010.594    
   3013.150    
   3015.661    
   3018.086    
   3020.492    
   3022.787    
   3024.979    
   3027.132    
   3029.271    
   3031.273    
   3033.267    
   3035.266    
   3037.146    
   3039.091    
   3040.980    
   3042.851    
   3044.781    
   3046.633    
   3048.614    
   3050.517    
   3052.513    
   3054.570    
   3056.642    
   3058.851    
   3061.076    
   3063.509    
   3065.964    
   3068.667    
   3071.481    
   3074.537    
   3077.848    
   3081.392    
   3085.360    
   3089.558    
   3094.204    
   3099.205    
   3104.458    
   3109.941    
   3115.194    
   3119.830    
   3123.212    
   3124.367    
   3122.463    
   3116.862    
   3107.410    
   3094.730    
   3080.077    
   3065.201    
   3051.925    
   3041.495    
   3034.649    
   3031.135    
   3030.484    
   3031.907    
   3034.783    
   3038.436    
   3042.408    
   3046.506    
   3050.546    
   3054.388    
   3058.022    
   3061.455    
   3064.672    
   3067.699    
   3070.544    
   3073.225    
   3075.755    
   3078.146    
   3080.464    
   3082.638    
   3084.690    
   3086.675    
   3088.649    
   3090.451    
   3092.229    
   3094.003    
   3095.628    
   3097.287    
   3098.866    
   3100.399    
   3101.949    
   3103.394    
   3104.891    
   3106.274    
   3107.733    
   3109.065    
   3110.483    
   3111.785    
   3113.156    
   3114.432    
   3115.782    
   3117.036    
   3118.350    
   3119.594    
   3120.881    
   3122.130    
   3123.373    
   3124.638    
   3125.853    
   3127.122    
   3128.318    
   3129.573    
   3130.783    
   3132.014    
   3133.241    
   3134.454    
   3135.718    
   3136.897    
   3138.170    
   3139.371    
   3140.636    
   3141.874    
   3143.123    
   3144.411    
   3145.637    
   3146.966    
   3148.226    
   3149.571    
   3150.887    
   3152.245    
   3153.628    
   3155.028    
   3156.496    
   3157.952    
   3159.532    
   3161.076    
   3162.776    
   3164.477    
   3166.350    
   3168.261    
   3170.396    
   3172.631    
   3175.158    
   3177.876    
   3181.050    
   3184.583    
   3188.846    
   3193.875    
   3200.207    
   3208.420    
   3219.911    
   3237.885    
   3270.160    
   3333.604    
   3451.127    
   3625.380    
   3788.641    
   3792.895    
   3521.304    
   3049.242    
   2631.757    
   2477.756    
   2578.504    
   2779.067    
   2949.029    
   3050.942    
   3102.335    
   3128.101    
   3142.891    
   3152.384    
   3159.379    
   3164.844    
   3169.291    
   3173.032    
   3176.294    
   3179.073    
   3181.627    
   3183.921    
   3186.006    
   3188.010    
   3189.791    
   3191.520    
   3193.266    
   3194.739    
   3196.224    
   3197.860    
   3199.175    
   3200.403    
   3202.018    
   3203.357    
   3204.263    
   3205.803    
   3207.373    
   3208.082    
   3209.237    
   3211.111    
   3212.045    
   3212.591    
   3214.361    
   3215.989    
   3216.292    
   3217.314    
   3219.429    
   3220.371    
   3220.568    
   3222.231    
   3224.200    
   3224.511    
   3225.057    
   3227.193    
   3228.619    
   3228.645    
   3229.818    
   3232.037    
   3232.795    
   3233.009    
   3234.781    
   3236.613    
   3236.938    
   3237.711    
   3239.772    
   3240.956    
   3241.309    
   3242.770    
   3244.596    
   3245.278    
   3246.173    
   3247.981    
   3249.229    
   3250.013    
   3251.529    
   3253.121    
   3254.114    
   3255.571    
   3257.859    
   3262.532    
   3278.428    
   3326.956    
   3441.474    
   3638.828    
   3862.930    
   3973.792    
   3853.629    
   3542.646    
   3221.637    
   3044.308    
   3025.920    
   3090.380    
   3167.573    
   3231.658    
   3286.733    
   3351.978    
   3458.450    
   3646.575    
   3927.306    
   4211.345    
   4304.110    
   4062.348    
   3584.400    
   3143.868    
   2889.347    
   2714.995    
   2485.207    
   2267.384    
   2241.536    
   2453.805    
   2767.307    
   3023.074    
   3165.651    
   3224.043    
   3242.608    
   3248.460    
   3251.135    
   3253.431    
   3256.201    
   3259.214    
   3262.407    
   3265.721    
   3269.055    
   3272.354    
   3275.581    
   3278.689    
   3281.688    
   3284.550    
   3287.382    
   3289.975    
   3292.521    
   3294.970    
   3297.411    
   3299.689    
   3301.953    
   3304.264    
   3306.441    
   3308.695    
   3310.956    
   3313.215    
   3315.629    
   3318.016    
   3320.634    
   3323.358    
   3326.345    
   3329.655    
   3333.368    
   3337.738    
   3342.940    
   3349.986    
   3361.232    
   3385.866    
   3448.240    
   3592.838    
   3852.372    
   4162.113    
   4302.499    
   4031.416    
   3369.167    
   2679.120    
   2352.199    
   2455.998    
   2764.500    
   3040.932    
   3201.025    
   3271.483    
   3298.840    
   3311.085    
   3317.932    
   3322.896    
   3326.973    
   3330.439    
   3333.371    
   3336.004    
   3338.395    
   3340.506    
   3342.549    
   3344.358    
   3346.142    
   3347.757    
   3349.379    
   3350.845    
   3352.353    
   3353.717    
   3355.117    
   3356.440    
   3357.729    
   3359.035    
   3360.241    
   3361.493    
   3362.695    
   3363.850    
   3365.064    
   3366.180    
   3367.333    
   3368.467    
   3369.565    
   3370.693    
   3371.771    
   3372.856    
   3373.960    
   3375.013    
   3376.084    
   3377.156    
   3378.198    
   3379.274    
   3380.316    
   3381.368    
   3382.436    
   3383.483    
   3384.535    
   3385.599    
   3386.644    
   3387.733    
   3388.789    
   3389.867    
   3390.965    
   3392.048    
   3393.154    
   3394.269    
   3395.380    
   3396.542    
   3397.667    
   3398.844    
   3400.039    
   3401.223    
   3402.474    
   3403.699    
   3404.979    
   3406.303    
   3407.610    
   3409.003    
   3410.407    
   3411.865    
   3413.404    
   3414.955    
   3416.644    
   3418.375    
   3420.228    
   3422.282    
   3424.888    
   3430.027    
   3445.662    
   3495.322    
   3624.279    
   3875.528    
   4218.666    
   4499.447    
   4534.929    
   4307.539    
   4000.374    
   3787.079    
   3670.765    
   3565.625    
   3419.273    
   3198.919    
   2886.471    
   2564.118    
   2407.177    
   2512.780    
   2793.225    
   3077.792    
   3265.564    
   3357.155    
   3394.118    
   3409.546    
   3418.463    
   3425.310    
   3431.497    
   3437.416    
   3443.329    
   3449.105    
   3455.142    
   3461.569    
   3468.385    
   3476.239    
   3484.997    
   3495.498    
   3508.357    
   3524.426    
   3545.340    
   3572.583    
   3607.549    
   3650.045    
   3695.943    
   3738.164    
   3770.215    
   3790.186    
   3791.170    
   3735.048    
   3549.946    
   3205.621    
   2811.279    
   2577.760    
   2627.787    
   2882.793    
   3163.524    
   3354.227    
   3446.819    
   3481.958    
   3494.742    
   3502.587    
   3511.485    
   3529.149    
   3574.341    
   3688.693    
   3925.015    
   4275.594    
   4572.224    
   4519.106    
   3963.790    
   3146.347    
   2544.815    
   2433.578    
   2692.068    
   3030.661    
   3269.018    
   3388.168    
   3436.420    
   3456.025    
   3465.775    
   3471.914    
   3476.625    
   3480.441    
   3483.590    
   3486.231    
   3488.499    
   3490.480    
   3492.135    
   3493.615    
   3494.945    
   3496.191    
   3497.244    
   3498.260    
   3499.287    
   3500.183    
   3501.099    
   3502.073    
   3502.962    
   3503.937    
   3504.931    
   3505.909    
   3507.010    
   3508.039    
   3509.178    
   3510.309    
   3511.459    
   3512.689    
   3513.856    
   3515.132    
   3516.320    
   3517.625    
   3518.828    
   3520.135    
   3521.358    
   3522.656    
   3523.885    
   3525.176    
   3526.396    
   3527.680    
   3528.905    
   3530.133    
   3531.404    
   3532.566    
   3533.835    
   3535.028    
   3536.202    
   3537.455    
   3538.600    
   3539.775    
   3541.003    
   3542.141    
   3543.271    
   3544.504    
   3545.625    
   3546.713    
   3547.962    
   3549.075    
   3550.096    
   3551.389    
   3552.492    
   3553.451    
   3554.751    
   3555.890    
   3556.783    
   3558.064    
   3559.273    
   3560.118    
   3561.333    
   3562.628    
   3563.461    
   3564.583    
   3565.939    
   3566.829    
   3567.812    
   3569.206    
   3570.194    
   3571.074    
   3572.445    
   3573.537    
   3574.360    
   3575.677    
   3576.856    
   3577.680    
   3578.897    
   3580.159    
   3581.021    
   3582.157    
   3583.441    
   3584.361    
   3585.452    
   3586.721    
   3587.715    
   3588.761    
   3590.026    
   3591.067    
   3592.122    
   3593.362    
   3594.429    
   3595.508    
   3596.727    
   3597.817    
   3598.926    
   3600.133    
   3601.250    
   3602.392    
   3603.585    
   3604.730    
   3605.900    
   3607.081    
   3608.283    
   3609.462    
   3610.675    
   3611.889    
   3613.105    
   3614.348    
   3615.578    
   3616.831    
   3618.116    
   3619.367    
   3620.676    
   3621.988    
   3623.290    
   3624.654    
   3625.971    
   3627.362    
   3628.743    
   3630.117    
   3631.570    
   3632.968    
   3634.449    
   3635.894    
   3637.397    
   3638.886    
   3640.416    
   3641.934    
   3643.498    
   3645.053    
   3646.648    
   3648.239    
   3649.874    
   3651.521    
   3653.264    
   3654.981    
   3657.058    
   3659.942    
   3667.049    
   3689.165    
   3751.083    
   3886.194    
   4098.127    
   4309.249    
   4376.984    
   4219.323    
   3923.742    
   3682.284    
   3618.605    
   3703.525    
   3798.870    
   3745.593    
   3468.323    
   3070.075    
   2788.710    
   2788.973    
   3019.787    
   3300.934    
   3501.143    
   3601.000    
   3638.635    
   3650.427    
   3654.844    
   3657.057    
   3658.916    
   3660.722    
   3662.396    
   3663.990    
   3665.605    
   3667.035    
   3668.526    
   3669.966    
   3671.306    
   3672.695    
   3674.050    
   3675.318    
   3676.629    
   3677.963    
   3679.169    
   3680.440    
   3681.744    
   3682.913    
   3684.157    
   3685.454    
   3686.598    
   3687.837    
   3689.100    
   3690.254    
   3691.472    
   3692.729    
   3693.880    
   3695.106    
   3696.339    
   3697.507    
   3698.730    
   3699.940    
   3701.120    
   3702.347    
   3703.548    
   3704.739    
   3705.948    
   3707.142    
   3708.331    
   3709.527    
   3710.716    
   3711.877    
   3713.049    
   3714.225    
   3715.343    
   3716.497    
   3717.606    
   3718.702    
   3719.812    
   3720.843    
   3721.904    
   3722.913    
   3723.914    
   3724.907    
   3725.841    
   3726.800    
   3727.705    
   3728.635    
   3729.534    
   3730.428    
   3731.357    
   3732.246    
   3733.225    
   3734.143    
   3735.177    
   3736.182    
   3737.317    
   3738.428    
   3739.699    
   3740.946    
   3742.409    
   3743.854    
   3745.513    
   3747.224    
   3749.146    
   3751.216    
   3753.486    
   3756.024    
   3758.803    
   3761.985    
   3765.502    
   3769.645    
   3774.331    
   3779.880    
   3786.455    
   3794.206    
   3803.497    
   3814.231    
   3826.134    
   3838.135    
   3847.543    
   3850.669    
   3843.103    
   3822.059    
   3788.419    
   3748.185    
   3710.099    
   3682.023    
   3667.715    
   3666.166    
   3673.523    
   3685.296    
   3698.143    
   3710.240    
   3720.823    
   3729.795    
   3737.334    
   3743.759    
   3749.202    
   3753.928    
   3758.076    
   3761.782    
   3765.188    
   3768.259    
   3771.199    
   3774.485    
   3780.274    
   3795.948    
   3840.557    
   3942.874    
   4114.759    
   4303.868    
   4388.903    
   4275.084    
   4005.424    
   3737.003    
   3595.079    
   3585.948    
   3643.148    
   3708.774    
   3762.470    
   3806.924    
   3853.030    
   3910.114    
   3980.091    
   4037.365    
   4016.705    
   3850.123    
   3555.508    
   3276.157    
   3174.229    
   3280.685    
   3485.526    
   3663.832    
   3767.536    
   3813.112    
   3831.276    
   3841.881    
   3855.157    
   3884.533    
   3963.951    
   4156.342    
   4518.087    
   4983.026    
   5266.757    
   5010.573    
   4164.144    
   3165.344    
   2582.399    
   2603.991    
   2979.742    
   3369.394    
   3614.036    
   3725.886    
   3767.505    
   3782.199    
   3787.869    
   3790.383    
   3792.054    
   3793.410    
   3795.031    
   3796.877    
   3799.190    
   3801.872    
   3804.806    
   3807.919    
   3811.137    
   3814.408    
   3817.594    
   3820.677    
   3823.643    
   3826.472    
   3829.148    
   3831.748    
   3834.129    
   3836.395    
   3838.540    
   3840.573    
   3842.583    
   3844.384    
   3846.137    
   3847.866    
   3849.479    
   3851.008    
   3852.561    
   3853.988    
   3855.383    
   3856.783    
   3858.061    
   3859.417    
   3860.637    
   3861.907    
   3863.120    
   3864.315    
   3865.523    
   3866.671    
   3867.863    
   3868.984    
   3870.158    
   3871.258    
   3872.440    
   3873.534    
   3874.698    
   3875.795    
   3876.963    
   3878.069    
   3879.227    
   3880.351    
   3881.500    
   3882.645    
   3883.789    
   3884.959    
   3886.094    
   3887.297    
   3888.425    
   3889.628    
   3890.772    
   3891.988    
   3893.153    
   3894.356    
   3895.558    
   3896.740    
   3897.978    
   3899.154    
   3900.395    
   3901.594    
   3902.827    
   3904.064    
   3905.281    
   3906.535    
   3907.750    
   3909.006    
   3910.242    
   3911.471    
   3912.745    
   3913.939    
   3915.214    
   3916.408    
   3917.651    
   3918.844    
   3920.029    
   3921.228    
   3922.339    
   3923.488    
   3924.537    
   3925.609    
   3926.582    
   3927.530    
   3928.420    
   3929.237    
   3930.019    
   3930.677    
   3931.354    
   3931.866    
   3932.425    
   3932.836    
   3933.315    
   3933.659    
   3934.099    
   3934.435    
   3934.894    
   3935.285    
   3935.823    
   3936.315    
   3936.986    
   3937.615    
   3938.416    
   3939.218    
   3940.152    
   3941.106    
   3942.169    
   3943.387    
   3945.269    
   3950.269    
   3967.488    
   4019.887    
   4145.353    
   4374.015    
   4687.006    
   5008.182    
   5247.078    
   5317.849    
   5118.008    
   4600.499    
   3918.275    
   3376.327    
   3171.940    
   3254.999    
   3451.264    
   3633.764    
   3766.174    
   3861.157    
   3942.494    
   4026.911    
   4120.626    
   4199.384    
   4197.793    
   4050.060    
   3783.670    
   3552.888    
   3509.928    
   3630.500    
   3725.429    
   3651.104    
   3466.937    
   3356.128    
   3421.884    
   3606.081    
   3788.620    
   3903.710    
   3955.937    
   3974.239    
   3979.954    
   3982.474    
   3983.944    
   3985.433    
   3986.833    
   3988.259    
   3989.610    
   3990.980    
   3992.292    
   3993.619    
   3994.905    
   3996.185    
   3997.487    
   3998.703    
   3999.997    
   4001.202    
   4002.461    
   4003.689    
   4004.881    
   4006.138    
   4007.314    
   4008.540    
   4009.749    
   4010.941    
   4012.176    
   4013.346    
   4014.558    
   4015.766    
   4016.943    
   4018.167    
   4019.342    
   4020.563    
   4021.772    
   4022.957    
   4024.190    
   4025.374    
   4026.590    
   4027.819    
   4029.001    
   4030.229    
   4031.421    
   4032.637    
   4033.868    
   4035.043    
   4036.265    
   4037.443    
   4038.633    
   4039.831    
   4040.953    
   4042.133    
   4043.225    
   4044.348    
   4045.407    
   4046.442    
   4047.468    
   4048.388    
   4049.346    
   4050.166    
   4051.023    
   4051.747    
   4052.476    
   4053.097    
   4053.724    
   4054.251    
   4054.774    
   4055.232    
   4055.696    
   4056.107    
   4056.572    
   4056.987    
   4057.476    
   4057.938    
   4058.506    
   4059.045    
   4059.723    
   4060.368    
   4061.168    
   4061.930    
   4062.843    
   4063.745    
   4064.744    
   4065.774    
   4066.853    
   4067.991    
   4069.144    
   4070.371    
   4071.577    
   4072.876    
   4074.135    
   4075.482    
   4076.795    
   4078.186    
   4079.542    
   4080.973    
   4082.366    
   4083.833    
   4085.265    
   4086.779    
   4088.255    
   4089.826    
   4091.361    
   4092.964    
   4094.480    
   4095.705    
   4095.415    
   4090.779    
   4077.024    
   4051.208    
