   66.25269    
  -100.8652    
  -227.6798    
  -277.0778    
  -258.0417    
  -205.3596    
  -149.7970    
  -105.7996    
  -74.91284    
  -53.85022    
  -39.21021    
  -28.55298    
  -20.52832    
  -14.06879    
  -8.861267    
  -4.482056    
 -0.7289429    
   2.624023    
   5.493530    
   8.126648    
   10.57324    
   12.79419    
   14.85159    
   16.84637    
   18.65353    
   20.45541    
   22.12476    
   23.76318    
   25.33731    
   26.86868    
   28.35483    
   29.81580    
   31.23404    
   32.64993    
   33.99506    
   35.39441    
   36.67889    
   38.04898    
   39.31082    
   40.63358    
   41.88199    
   43.17123    
   44.41669    
   45.65326    
   46.90372    
   48.10226    
   49.34982    
   50.51556    
   51.73642    
   52.88870    
   54.08594    
   55.22925    
   56.37570    
   57.52103    
   58.61786    
   59.76599    
   60.81433    
   61.94229    
   62.97244    
   64.05334    
   65.06140    
   66.12808    
   67.10873    
   68.14423    
   69.10931    
   70.13690    
   71.28418    
   73.37860    
   79.96075    
   102.8719    
   168.4048    
   309.8536    
   525.9765    
   729.7410    
   772.7313    
   579.1394    
   246.8386    
  -33.04199    
  -149.0803    
  -125.8560    
  -44.12866    
   43.84937    
   129.4712    
   225.8054    
   342.4397    
   461.1453    
   525.3184    
   463.4578    
   255.7563    
  -21.53662    
  -239.9409    
  -318.5916    
  -271.8286    
  -168.1697    
  -65.96191    
   12.37183    
   69.07617    
   114.0483    
   156.8459    
   207.4827    
   276.8979    
   372.5906    
   474.2993    
   503.5376    
   340.3530    
  -59.63428    
  -546.3767    
  -846.1782    
  -807.8334    
  -529.5421    
  -222.9791    
  -18.36127    
   77.92926    
   112.0927    
   122.1661    
   125.8075    
   127.5874    
   129.2925    
   130.9954    
   132.7126    
   134.4156    
   136.1287    
   137.8054    
   139.5170    
   141.1722    
   142.9183    
   144.6899    
   147.1839    
   152.7191    
   170.5399    
   224.2747    
   351.5364    
   572.2474    
   826.3324    
   960.4670    
   843.6287    
   518.8660    
   189.0542    
   33.31201    
   75.88892    
   216.4475    
   310.1094    
   222.6851    
  -87.96484    
  -488.7126    
  -738.1328    
  -697.3018    
  -446.0309    
  -168.5357    
   18.89044    
   109.0675    
   142.8276    
   154.4899    
   160.2012    
   164.3618    
   168.8008    
   173.5331    
   178.9030    
   185.2047    
   192.5787    
   201.6876    
   213.2933    
   228.2522    
   247.9366    
   273.2964    
   303.1270    
   332.0740    
   348.1163    
   335.2705    
   282.4753    
   195.4094    
   98.22034    
   21.36536    
  -16.41870    
  -16.11194    
   8.051025    
   40.15228    
   70.21240    
   94.45703    
   112.8958    
   126.7306    
   137.2593    
   145.5093    
   152.1094    
   157.5258    
   162.0851    
   165.9951    
   169.3969    
   172.4953    
   175.1647    
   177.6283    
   179.9614    
   182.0216    
   184.0282    
   185.8845    
   187.6544    
   189.3407    
   190.9523    
   192.5139    
   194.0345    
   195.4576    
   196.9430    
   198.2689    
   199.6528    
   201.0141    
   202.2700    
   203.5830    
   204.8887    
   206.0742    
   207.3311    
   208.6331    
   209.7456    
   210.9554    
   212.2697    
   213.3303    
   214.4962    
   215.8170    
   216.8628    
   217.9626    
   219.3185    
   220.3564    
   221.3939    
   222.7612    
   223.8298    
   224.8072    
   226.1729    
   227.2798    
   228.2286    
   229.5484    
   230.7212    
   231.6531    
   232.9307    
   234.1513    
   235.1013    
   236.3316    
   237.5701    
   238.5580    
   239.7598    
   241.0098    
   242.0362    
   243.2364    
   244.4683    
   245.5530    
   246.7432    
   247.9753    
   249.1039    
   250.3109    
   251.5381    
   252.7141    
   253.9427    
   255.1723    
   256.3942    
   257.6489    
   258.9101    
   260.1717    
   261.4447    
   262.7593    
   264.0519    
   265.3774    
   266.7345    
   268.0722    
   269.4626    
   270.8658    
   272.2659    
   273.7337    
   275.1737    
   276.6676    
   278.1891    
   279.6989    
   281.2982    
   282.8444    
   284.4721    
   286.0740    
   287.7310    
   289.3462    
   290.9990    
   292.6104    
   294.1845    
   295.6926    
   297.1383    
   298.4219    
   299.5823    
   300.4638    
   301.1629    
   301.4592    
   301.4852    
   301.0870    
   300.2706    
   299.1815    
   297.6686    
   295.9513    
   294.1560    
   292.2996    
   290.5588    
   289.0633    
   287.9370    
   287.1713    
   286.8079    
   286.8812    
   287.3560    
   288.2194    
   289.3956    
   290.7634    
   292.3698    
   294.1233    
   296.0351    
   298.0214    
   300.0150    
   302.0859    
   304.2088    
   306.3555    
   308.4734    
   310.6357    
   312.8711    
   315.0506    
   317.2957    
   319.6287    
   321.9421    
   324.3557    
   326.8859    
   329.4284    
   332.1596    
   335.0138    
   337.9762    
   341.2132    
   344.5864    
   348.2056    
   352.1743    
   356.3357    
   360.8491    
   365.8767    
   371.9373    
   382.4698    
   409.4532    
   481.8660    
   643.0009    
   907.5040    
   1192.324    
   1318.172    
   1156.501    
   788.6001    
   455.5449    
   337.1016    
   412.1719    
   501.8052    
   402.3950    
   41.25830    
  -422.5410    
  -695.8459    
  -618.0483    
  -292.3873    
   57.62891    
   291.9498    
   399.3785    
   423.0872    
   400.0408    
   352.8131    
   297.8229    
   251.7926    
   225.3365    
   220.3446    
   231.3682    
   250.4504    
   270.9513    
   289.3843    
   304.6198    
   316.7752    
   326.3646    
   334.0916    
   340.3822    
   345.5891    
   350.0039    
   353.8522    
   357.1367    
   360.0797    
   362.8141    
   365.1897    
   367.4565    
   369.5319    
   371.4751    
   373.3465    
   375.0762    
   376.7557    
   378.4047    
   379.9026    
   381.4639    
   382.9301    
   384.3126    
   385.7747    
   387.1659    
   388.4441    
   389.8379    
   391.2134    
   392.4014    
   393.7657    
   395.1189    
   396.2694    
   397.5929    
   398.9718    
   400.0958    
   401.3911    
   402.7871    
   403.9289    
   405.2045    
   406.6187    
   407.8053    
   409.0864    
   410.5141    
   411.7687    
   413.0857    
   414.5408    
   415.8789    
   417.2723    
   418.7749    
   420.2317    
   421.7371    
   423.3354    
   424.9593    
   426.6310    
   428.4161    
   430.2731    
   432.2173    
   434.3261    
   436.5490    
   438.9848    
   441.6419    
   444.5435    
   447.8238    
   451.5431    
   455.7973    
   460.8212    
   466.7532    
   474.0433    
   483.0324    
   494.4217    
   508.8994    
   527.1374    
   548.8881    
   571.9341    
   590.1877    
   594.0225    
   572.9960    
   523.2765    
   452.8928    
   380.3601    
   325.4177    
   298.6697    
   298.1450    
   314.3344    
   336.9077    
   359.0822    
   377.9816    
   393.0900    
   404.9345    
   414.3542    
   421.8432    
   427.9917    
   433.1843    
   437.6469    
   441.4023    
   444.7714    
   447.7705    
   450.5596    
   453.0366    
   455.3478    
   457.5710    
   459.5704    
   461.5822    
   463.3968    
   465.2372    
   466.9482    
   468.6830    
   470.3007    
   471.9655    
   473.5357    
   475.1593    
   476.7109    
   478.3001    
   479.8592    
   481.4447    
   483.0435    
   484.6307    
   486.2798    
   487.9109    
   489.6196    
   491.3477    
   493.1260    
   495.0050    
   496.8914    
   498.9364    
   501.0266    
   503.2903    
   505.6624    
   508.2273    
   511.0297    
   514.0093    
   517.3813    
   521.0240    
   525.1854    
   529.7814    
   535.0479    
   540.9382    
   547.6452    
   554.9894    
   562.9855    
   570.9739    
   578.2560    
   583.3671    
   584.5419    
   580.1169    
   568.8680    
   551.2285    
   529.2791    
   506.4058    
   486.2366    
   471.4542    
   463.1344    
   460.8208    
   463.1107    
   468.3278    
   475.2589    
   482.7072    
   490.5023    
   499.3085    
   513.5267    
   547.3505    
   630.6666    
   797.0441    
   1036.610    
   1246.736    
   1274.836    
   1066.193    
   750.8127    
   532.0859    
   498.6350    
   563.3628    
   552.3538    
   351.2510    
   18.15112    
  -242.4971    
  -263.9319    
  -68.63379    
   188.3864    
   380.1158    
   479.5714    
   518.3943    
   531.0446    
   535.7557    
   538.1980    
   540.1807    
   542.0056    
   543.7751    
   545.3733    
   546.9751    
   548.4388    
   549.9053    
   551.2637    
   552.6563    
   553.9408    
   555.2456    
   556.5100    
   557.7191    
   558.9856    
   560.1362    
   561.3513    
   562.5298    
   563.6538    
   564.8444    
   565.9678    
   567.0811    
   568.2464    
   569.3539    
   570.4249    
   571.5892    
   572.6917    
   573.7256    
   574.9030    
   575.9920    
   576.9919    
   578.1935    
   579.2760    
   580.2236    
   581.4573    
   582.5687    
   583.4547    
   584.6905    
   585.8564    
   586.6942    
   587.8943    
   589.1462    
   589.9580    
   591.0864    
   592.4163    
   593.2698    
   594.2582    
   595.6652    
   596.6106    
   597.4706    
   598.8823    
   599.9669    
   600.7322    
   602.0851    
   603.3196    
   604.0696    
   605.2818    
   606.6562    
   607.4722    
   608.5361    
   609.9662    
   610.9165    
   611.8668    
   613.2821    
   614.3796    
   615.2910    
   616.6545    
   617.8558    
   618.8004    
   620.1100    
   621.3783    
   622.3886    
   623.6848    
   624.9818    
   626.0886    
   627.3832    
   628.7213    
   629.9216    
   631.2656    
   632.6451    
   633.9595    
   635.3781    
   636.8334    
   638.2860    
   639.8153    
   641.4070    
   643.0311    
   644.7375    
   646.5437    
   648.4128    
   650.3986    
   652.5347    
   654.7722    
   657.2189    
   659.8447    
   662.6891    
   665.8472    
   669.2317    
   673.0239    
   677.1085    
   681.5692    
   686.2842    
   691.0956    
   695.6844    
   699.4987    
   701.7933    
   701.6956    
   698.3138    
   691.3232    
   680.8123    
   667.9869    
   654.6099    
   642.4032    
   633.0587    
   627.3047    
   625.1088    
   625.8825    
   628.8440    
   633.5896    
   641.5990    
   660.5138    
   711.3641    
   829.1544    
   1034.176    
   1273.561    
   1403.782    
   1294.119    
   974.2715    
   630.5061    
   432.5505    
   406.0771    
   473.6240    
   559.1475    
   633.2563    
   699.4976    
   770.9712    
   848.0430    
   898.6865    
   852.6301    
   653.2881    
   348.3862    
   99.57471    
   50.15332    
   193.3008    
   402.5938    
   565.6595    
   652.7302    
   687.5749    
   699.0479    
   703.5491    
   706.0941    
   708.2328    
   710.3718    
   712.5683    
   714.6241    
   716.6967    
   718.8292    
   720.8765    
   722.9439    
   725.0954    
   727.2919    
   729.5652    
   732.0342    
   734.8578    
   737.9593    
   741.6570    
   746.1587    
   751.8159    
   759.0699    
   768.5825    
   781.4642    
   799.0985    
   822.9673    
   853.3481    
   886.4846    
   911.0304    
   908.0664    
   859.6366    
   764.2864    
   646.2217    
   544.9741    
   490.8929    
   488.6040    
   520.6377    
   564.7472    
   605.6426    
   637.7371    
   661.1907    
   678.0909    
   690.4930    
   699.8860    
   707.1888    
   713.1534    
   718.0472    
   722.2436    
   725.8173    
   728.9489    
   731.7664    
   734.3651    
   736.6456    
   738.8472    
   740.8341    
   742.7346    
   744.5432    
   746.2404    
   747.8867    
   749.4690    
   750.9662    
   752.5065    
   753.8884    
   755.3347    
   756.7052    
   758.0341    
   759.4170    
   760.6974    
   761.9785    
   763.3000    
   764.5457    
   765.7921    
   767.0754    
   768.2946    
   769.5153    
   770.7842    
   771.9821    
   773.1875    
   774.4561    
   775.6422    
   776.8457    
   778.1196    
   779.2941    
   780.5149    
   781.7870    
   782.9832    
   784.2275    
   785.4933    
   786.7220    
   787.9915    
   789.2717    
   790.5557    
   791.8440    
   793.1727    
   794.4977    
   795.8395    
   797.2328    
   798.6107    
   800.0342    
   801.5011    
   802.9659    
   804.5005    
   806.0709    
   807.6611    
   809.3530    
   811.0482    
   812.8409    
   814.7117    
   816.6302    
   818.6826    
   820.7776    
   823.0472    
   825.3707    
   827.8661    
   830.4720    
   833.2057    
   836.0793    
   839.0171    
   842.0446    
   845.0396    
   847.9068    
   850.5078    
   852.5731    
   853.9608    
   854.2260    
   853.2381    
   850.7621    
   846.6774    
   841.2126    
   834.7648    
   827.7545    
   820.8629    
   814.6942    
   809.6901    
   806.1007    
   803.9943    
   803.2312    
   803.5975    
   804.8497    
   806.7161    
   808.9832    
   811.4950    
   814.1018    
   816.7352    
   819.3267    
   821.8451    
   824.2994    
   826.6572    
   828.8605    
   830.9894    
   833.0320    
   835.0609    
   836.9057    
   838.7097    
   840.5120    
   842.2039    
   843.8288    
   845.5040    
   847.0350    
   848.5801    
   850.1275    
   851.5778    
   853.0978    
   854.5007    
   856.0023    
   857.3866    
   858.8496    
   860.2508    
   861.6890    
   863.1146    
   864.5521    
   865.9980    
   867.4608    
   868.9404    
   870.4568    
   872.0413    
   874.1693    
   878.6951    
   893.2348    
   937.4337    
   1044.359    
   1233.396    
   1456.104    
   1577.903    
   1474.889    
   1172.780    
   846.1499    
   655.9956    
   628.2246    
   689.9868    
   768.7776    
   835.4409    
   892.3633    
   952.2649    
   1023.110    
   1091.974    
   1106.958    
   992.9111    
   730.7175    
   426.8833    
   256.0713    
   302.1947    
   490.6486    
   686.2534    
   812.8491    
   871.3152    
   892.1346    
   898.7701    
   901.6360    
   903.4295    
   905.1472    
   906.8828    
   908.5883    
   910.3320    
   912.0723    
   913.8452    
   915.6727    
   917.6024    
   920.1761    
   925.3829    
   941.2885    
   987.6154    
   1095.538    
   1279.034    
   1484.436    
   1582.888    
   1469.897    
   1187.084    
   901.7214    
   751.7217    
   748.9033    
   825.9231    
   925.6326    
   1030.243    
   1133.713    
   1197.685    
   1137.948    
   889.9568    
   518.1741    
   221.3000    
   167.8047    
   342.4482    
   590.9389    
   781.2252    
   881.1135    
   920.0105    
   932.1108    
   936.3530    
   938.2790    
   939.6416    
   941.1707    
   942.7899    
   943.9222    
   945.1899    
   946.9254    
   948.0388    
   948.9308    
   950.6638    
   952.0781    
   952.6587    
   954.0337    
   955.8845    
   956.5905    
   957.3044    
   959.2249    
   960.5963    
   960.8943    
   962.2251    
   964.2207    
   964.8931    
   965.4066    
   967.2900    
   968.8264    
   969.1263    
   970.2498    
   972.2679    
   973.1323    
   973.6205    
   975.3415    
   976.9402    
   977.4362    
   978.5619    
   980.4117    
   981.3873    
   982.1722    
   983.8197    
   985.2458    
   986.0695    
   987.4725    
   989.0740    
   990.1533    
   991.4611    
   993.0842    
   994.4233    
   995.8232    
   997.4880    
   999.0685    
   1000.674    
   1002.557    
   1004.866    
   1009.302    
   1022.972    
   1065.760    
   1175.258    
   1384.349    
   1659.144    
   1857.353    
   1811.696    
   1503.778    
   1115.146    
   862.8164    
   822.0793    
   927.9971    
   1077.210    
   1175.565    
   1133.252    
   906.9341    
   579.9543    
   343.7256    
   337.1837    
   523.7375    
   756.4279    
   924.5568    
   1008.963    
   1039.592    
   1046.497    
   1045.026    
   1040.052    
   1033.889    
   1027.762    
   1022.990    
   1021.417    
   1028.126    
   1058.407    
   1146.326    
   1337.891    
   1641.750    
   1961.836    
   2114.101    
   1971.044    
   1570.801    
   1043.387    
   498.7881    
   54.78613    
  -135.3328    
  -6.168457    
   322.9440    
   652.9451    
   869.1309    
   971.8511    
   1010.594    
   1023.930    
   1030.002    
   1033.611    
   1036.677    
   1039.489    
   1041.899    
   1044.154    
   1046.253    
   1048.229    
   1050.027    
   1051.796    
   1053.472    
   1055.036    
   1056.651    
   1058.102    
   1059.584    
   1061.026    
   1062.413    
   1063.827    
   1065.161    
   1066.559    
   1067.866    
   1069.240    
   1070.559    
   1071.899    
   1073.252    
   1074.581    
   1075.959    
   1077.303    
   1078.719    
   1080.087    
   1081.555    
   1082.960    
   1084.497    
   1085.968    
   1087.573    
   1089.166    
   1090.850    
   1092.593    
   1094.411    
   1096.358    
   1098.359    
   1100.589    
   1102.900    
   1105.517    
   1108.334    
   1111.522    
   1115.192    
   1119.395    
   1124.545    
   1130.973    
   1140.379    
   1158.367    
   1202.824    
   1315.870    
   1555.951    
   1930.271    
   2283.161    
   2296.764    
   1749.410    
   827.0962    
   51.21533    
  -187.0474    
   62.09338    
   475.4683    
   798.3464    
   971.0137    
   1042.561    
   1069.744    
   1081.769    
   1088.588    
   1093.730    
   1097.974    
   1101.579    
   1104.694    
   1107.479    
   1109.991    
   1112.210    
   1114.362    
   1116.255    
   1118.109    
   1119.835    
   1121.481    
   1123.062    
   1124.585    
   1126.028    
   1127.498    
   1128.819    
   1130.231    
   1131.522    
   1132.800    
   1134.124    
   1135.332    
   1136.567    
   1137.834    
   1138.985    
   1140.177    
   1141.427    
   1142.524    
   1143.656    
   1144.932    
   1145.982    
   1147.053    
   1148.361    
   1149.396    
   1150.395    
   1151.722    
   1152.769    
   1153.689    
   1155.023    
   1156.129    
   1156.964    
   1158.264    
   1159.464    
   1160.249    
   1161.458    
   1162.759    
   1163.550    
   1164.629    
   1166.013    
   1166.875    
   1167.804    
   1169.208    
   1170.199    
   1171.015    
   1172.377    
   1173.498    
   1174.256    
   1175.542    
   1176.767    
   1177.545    
   1178.712    
   1180.007    
   1180.852    
   1181.907    
   1183.239    
   1184.172    
   1185.153    
   1186.467    
   1187.486    
   1188.445    
   1189.728    
   1190.800    
   1191.769    
   1193.036    
   1194.131    
   1195.143    
   1196.378    
   1197.509    
   1198.561    
   1199.794    
   1200.946    
   1202.051    
   1203.289    
   1204.462    
   1205.631    
   1206.885    
   1208.104    
   1209.345    
   1210.623    
   1211.931    
   1213.234    
   1214.602    
   1215.997    
   1217.412    
   1218.905    
   1220.447    
   1222.172    
   1224.722    
   1230.837    
   1250.394    
   1306.360    
   1430.583    
   1629.202    
   1831.008    
   1897.805    
   1741.558    
   1435.071    
   1158.058    
   1032.741    
   1050.799    
   1139.592    
   1246.802    
   1353.497    
   1435.811    
   1431.458    
   1268.284    
   959.6731    
   654.6743    
   532.5896    
   637.1285    
   855.8901    
   1051.125    
   1165.508    
   1214.422    
   1230.802    
   1236.160    
   1238.543    
   1240.169    
   1241.765    
   1243.281    
   1244.765    
   1246.240    
   1247.617    
   1249.053    
   1250.391    
   1251.770    
   1253.107    
   1254.424    
   1255.777    
   1257.051    
   1258.392    
   1259.693    
   1260.987    
   1262.325    
   1263.605    
   1264.935    
   1266.262    
   1267.577    
   1268.940    
   1270.276    
   1271.647    
   1273.039    
   1274.426    
   1275.870    
   1277.299    
   1278.773    
   1280.299    
   1281.793    
   1283.399    
   1284.978    
   1286.632    
   1288.328    
   1290.036    
   1291.854    
   1293.642    
   1295.538    
   1297.428    
   1299.391    
   1301.327    
   1303.304    
   1305.226    
   1307.078    
   1308.812    
   1310.362    
   1311.650    
   1312.614    
   1313.118    
   1313.189    
   1312.641    
   1311.649    
   1310.045    
   1308.063    
   1305.863    
   1303.484    
   1301.213    
   1299.273    
   1297.658    
   1296.543    
   1295.960    
   1295.952    
   1296.385    
   1297.199    
   1298.380    
   1299.814    
   1301.476    
   1303.245    
   1305.060    
   1306.930    
   1308.830    
   1310.747    
   1312.536    
   1314.311    
   1316.064    
   1317.699    
   1319.234    
   1320.710    
   1322.106    
   1323.320    
   1324.486    
   1325.526    
   1326.394    
   1327.224    
   1327.889    
   1328.426    
   1328.974    
   1329.327    
   1329.678    
   1330.039    
   1330.307    
   1330.638    
   1331.031    
   1331.402    
   1331.948    
   1332.496    
   1333.154    
   1333.963    
   1334.778    
   1335.749    
   1336.778    
   1337.850    
   1339.070    
   1340.237    
   1341.559    
   1342.816    
   1344.167    
   1345.519    
   1346.879    
   1348.270    
   1349.642    
   1351.036    
   1352.413    
   1353.807    
   1355.181    
   1356.556    
   1357.934    
   1359.278    
   1360.682    
   1361.989    
   1363.391    
   1364.700    
   1366.076    
   1367.424    
   1368.742    
   1370.133    
   1371.440    
   1372.829    
   1374.187    
   1375.545    
   1376.958    
   1378.326    
   1379.748    
   1381.186    
   1382.624    
   1384.125    
   1385.622    
   1387.174    
   1388.776    
   1390.406    
   1392.131    
   1393.886    
   1395.747    
   1397.729    
   1399.776    
   1402.013    
   1404.395    
   1407.009    
   1409.887    
   1413.063    
   1416.722    
   1420.832    
   1425.712    
   1431.444    
   1438.468    
   1447.138    
   1458.168    
   1472.363    
   1490.782    
   1514.140    
   1542.083    
   1571.106    
   1593.658    
   1598.212    
   1574.723    
   1521.736    
   1450.575    
   1381.040    
   1331.359    
   1309.073    
   1310.821    
   1327.497    
   1350.920    
   1377.034    
   1408.496    
   1461.173    
   1575.372    
   1812.433    
   2193.787    
   2583.349    
   2660.111    
   2156.753    
   1208.141    
   344.7783    
   26.12915    
   255.3262    
   701.1990    
   1068.934    
   1272.494    
   1358.472    
   1390.748    
   1404.385    
   1411.808    
   1417.176    
   1421.762    
   1425.479    
   1428.760    
   1431.659    
   1434.266    
   1436.698    
   1438.838    
   1440.894    
   1442.828    
   1444.604    
   1446.381    
   1447.992    
   1449.584    
   1451.129    
   1452.581    
   1454.041    
   1455.391    
   1456.797    
   1458.071    
   1459.404    
   1460.616    
   1461.900    
   1463.048    
   1464.293    
   1465.398    
   1466.595    
   1467.672    
   1468.830    
   1469.885    
   1471.002    
   1472.062    
   1473.153    
   1474.209    
   1475.292    
   1476.373    
   1477.458    
   1478.575    
   1479.694    
   1480.852    
   1482.022    
   1483.261    
   1484.490    
   1485.854    
   1487.172    
   1488.674    
   1490.146    
   1491.811    
   1493.507    
   1495.397    
   1497.423    
   1499.639    
   1502.144    
   1505.004    
   1509.012    
   1516.817    
   1538.655    
   1599.292    
   1737.156    
   1970.075    
   2236.021    
   2389.004    
   2313.812    
   2048.751    
   1728.955    
   1416.224    
   1081.606    
   758.8257    
   591.6650    
   674.4305    
   930.4282    
   1197.657    
   1375.083    
   1460.360    
   1492.942    
   1504.464    
   1510.112    
   1513.918    
   1517.453    
   1520.936    
   1524.318    
   1527.783    
   1531.423    
   1535.164    
   1539.253    
   1543.720    
   1548.655    
   1554.374    
   1560.926    
   1568.735    
   1578.291    
   1590.096    
   1605.236    
   1625.045    
   1651.159    
   1685.386    
   1727.848    
   1773.609    
   1809.069    
   1811.538    
   1758.452    
   1644.915    
   1495.914    
   1357.646    
   1270.663    
   1247.706    
   1273.270    
   1321.309    
   1371.042    
   1412.570    
   1444.053    
   1467.196    
   1484.244    
   1497.114    
   1507.068    
   1515.062    
   1521.556    
   1526.979    
   1531.600    
   1535.608    
   1539.129    
   1542.271    
   1545.140    
   1547.744    
   1550.099    
   1552.356    
   1554.436    
   1556.380    
   1558.283    
   1560.026    
   1561.775    
   1563.380    
   1565.020    
   1566.525    
   1568.069    
   1569.499    
   1570.982    
   1572.363    
   1573.770    
   1575.151    
   1576.470    
   1577.858    
   1579.146    
   1580.472    
   1581.787    
   1583.063    
   1584.388    
   1585.655    
   1586.936    
   1588.238    
   1589.500    
   1590.795    
   1592.076    
   1593.351    
   1594.670    
   1595.935    
   1597.252    
   1598.561    
   1599.859    
   1601.199    
   1602.513    
   1603.856    
   1605.227    
   1606.558    
   1607.951    
   1609.319    
   1610.704    
   1612.123    
   1613.496    
   1614.917    
   1616.312    
   1617.707    
   1619.109    
   1620.438    
   1621.791    
   1623.054    
   1624.280    
   1625.434    
   1626.464    
   1627.422    
   1628.195    
   1628.874    
   1629.327    
   1629.684    
   1629.782    
   1629.815    
   1629.606    
   1629.377    
   1628.977    
   1628.641    
   1628.223    
   1627.938    
   1627.721    
   1627.624    
   1627.724    
   1627.917    
   1628.400    
   1628.932    
   1629.696    
   1630.597    
   1631.585    
   1632.769    
   1633.942    
   1635.267    
   1636.621    
   1638.018    
   1639.486    
   1640.927    
   1642.469    
   1643.943    
   1645.524    
   1647.028    
   1648.627    
   1650.163    
   1651.789    
   1653.359    
   1655.026    
   1656.638    
   1658.368    
   1660.052    
   1661.857    
   1663.653    
   1665.577    
   1667.533    
   1669.641    
   1671.830    
   1674.223    
   1676.792    
   1679.614    
   1682.785    
   1686.344    
   1690.529    
   1695.421    
   1701.499    
   1709.119    
   1719.373    
   1733.722    
   1755.330    
   1788.874    
   1839.574    
   1906.280    
   1969.771    
   1987.906    
   1915.869    
   1750.544    
   1552.066    
   1406.582    
   1360.986    
   1398.438    
   1470.064    
   1537.267    
   1585.633    
   1616.841    
   1636.765    
   1650.067    
   1659.519    
   1666.648    
   1672.265    
   1676.872    
   1680.747    
   1684.134    
   1687.082    
   1689.697    
   1692.160    
   1694.329    
   1696.439    
   1698.342    
   1700.235    
   1701.948    
   1703.697    
   1705.295    
   1706.913    
   1708.485    
   1710.004    
   1711.963    
   1715.747    
   1728.491    
   1771.909    
   1891.094    
   2136.838    
   2495.816    
   2820.176    
   2886.806    
   2597.598    
   2095.078    
   1626.183    
   1332.337    
   1208.887    
   1198.552    
   1255.673    
   1346.538    
   1442.589    
   1524.994    
   1587.438    
   1632.737    
   1666.319    
   1692.711    
   1715.477    
   1737.362    
   1760.788    
   1789.922    
   1830.591    
   1888.875    
   1959.108    
   2001.472    
   1938.439    
   1712.862    
   1382.930    
   1123.467    
   1080.086    
   1235.698    
   1453.624    
   1619.280    
   1705.463    
   1738.778    
   1749.129    
   1752.541    
   1754.093    
   1755.426    
   1756.658    
   1757.916    
   1759.259    
   1760.457    
   1761.687    
   1763.036    
   1764.226    
   1765.457    
   1766.805    
   1768.001    
   1769.244    
   1770.602    
   1771.831    
   1773.105    
   1774.477    
   1775.749    
   1777.085    
   1778.481    
   1779.830    
   1781.236    
   1782.696    
   1784.168    
   1785.668    
   1787.245    
   1788.857    
   1790.546    
   1792.315    
   1794.162    
   1796.127    
   1798.238    
   1800.510    
   1803.369    
   1808.404    
   1822.148    
   1863.767    
   1969.137    
   2170.716    
   2438.371    
   2638.681    
   2612.184    
   2339.349    
   1993.885    
   1788.487    
   1800.914    
   1953.992    
   2090.019    
   2035.758    
   1698.798    
   1191.339    
   802.8018    
   757.1301    
   1014.152    
   1355.646    
   1608.482    
   1737.895    
   1787.369    
   1802.844    
   1808.454    
   1811.022    
   1813.252    
   1815.386    
   1817.436    
   1819.483    
   1821.462    
   1823.494    
   1825.470    
   1827.540    
   1829.587    
   1831.754    
   1833.952    
   1836.317    
   1838.776    
   1841.438    
   1844.299    
   1847.477    
   1850.987    
   1854.994    
   1859.593    
   1865.047    
   1871.577    
   1879.683    
   1889.926    
   1903.288    
   1920.845    
   1943.925    
   1972.443    
   2003.475    
   2028.218    
   2032.239    
   2001.458    
   1932.773    
   1841.030    
   1754.177    
   1696.816    
   1677.348    
   1687.736    
   1713.350    
   1741.729    
   1766.670    
   1786.438    
   1801.543    
   1813.105    
   1822.071    
   1829.241    
   1835.048    
   1839.881    
   1843.979    
   1847.519    
   1850.606    
   1853.351    
   1855.795    
   1858.017    
   1860.103    
   1861.927    
   1863.648    
   1865.325    
   1866.826    
   1868.253    
   1869.688    
   1870.964    
   1872.246    
   1873.509    
   1874.674    
   1875.912    
   1877.024    
   1878.213    
   1879.330    
   1880.472    
   1881.618    
   1882.732    
   1883.909    
   1885.024    
   1886.207    
   1887.339    
   1888.550    
   1889.699    
   1890.929    
   1892.099    
   1893.355    
   1894.545    
   1895.833    
   1897.051    
   1898.351    
   1899.597    
   1900.931    
   1902.208    
   1903.565    
   1904.888    
   1906.265    
   1907.641    
   1909.042    
   1910.500    
   1911.920    
   1913.454    
   1914.941    
   1916.552    
   1918.142    
   1919.833    
   1921.565    
   1923.388    
   1925.300    
   1927.310    
   1929.476    
   1931.745    
   1934.272    
   1936.950    
   1940.009    
   1943.350    
   1947.238    
   1951.657    
   1956.963    
   1963.267    
   1971.161    
   1981.082    
   1994.161    
   2011.501    
   2034.913    
   2065.564    
   2102.529    
   2139.887    
   2164.249    
   2158.545    
   2111.564    
   2029.625    
   1937.604    
   1866.492    
   1835.887    
   1848.302    
   1898.948    
   1991.961    
   2146.860    
   2371.841    
   2599.896    
   2657.926    
   2381.839    
   1826.436    
   1294.022    
   1071.196    
   1180.437    
   1435.191    
   1659.402    
   1795.119    
   1862.637    
   1895.058    
   1913.083    
   1924.236    
   1932.341    
   1938.654    
   1943.738    
   1947.992    
   1951.628    
   1954.847    
   1957.709    
   1960.256    
   1962.618    
   1964.856    
   1966.862    
   1968.861    
   1970.691    
   1972.483    
   1974.221    
   1975.876    
   1977.542    
   1979.124    
   1980.736    
   1982.280    
   1983.871    
   1985.409    
   1986.984    
   1988.549    
   1990.139    
   1991.853    
   1994.238    
   2000.149    
   2020.465    
   2085.019    
   2244.458    
   2532.168    
   2877.569    
   3072.205    
   2913.183    
   2430.102    
   1897.866    
   1582.875    
   1534.881    
   1636.795    
   1765.755    
   1869.948    
   1949.357    
   2021.840    
   2102.294    
   2190.779    
   2249.449    
   2196.961    
   1967.478    
   1615.314    
   1326.684    
   1267.367    
   1430.479    
   1670.724    
   1858.186    
   1958.007    
   1997.520    
   2010.256    
   2014.686    
   2016.817    
   2018.648    
   2020.330    
   2022.051    
   2023.735    
   2025.379    
   2027.076    
   2028.701    
   2030.412    
   2032.087    
   2033.820    
   2035.578    
   2037.409    
   2039.656    
   2043.578    
   2055.033    
   2090.701    
   2183.203    
   2362.515    
   2603.114    
   2782.865    
   2750.685    
   2480.131    
   2125.339    
   1880.648    
   1817.703    
   1880.959    
   1990.809    
   2107.996    
   2217.227    
   2279.975    
   2217.524    
   1975.404    
   1625.368    
   1359.631    
   1329.661    
   1508.669    
   1746.930    
   1924.325    
   2016.021    
   2051.937    
   2063.919    
   2069.070    
   2072.412    
   2075.620    
   2079.172    
   2083.027    
   2087.600    
   2093.982    
   2106.662    
   2141.786    
   2238.456    
   2457.268    
   2827.746    
   3254.017    
   3494.573    
   3316.097    
   2699.642    
   1869.921    
   1147.566    
   784.3713    
   845.8621    
   1185.379    
   1567.238    
   1837.373    
   1977.040    
   2034.048    
   2055.638    
   2065.990    
   2072.637    
   2078.264    
   2083.353    
   2088.106    
   2092.650    
   2097.088    
   2101.513    
   2106.009    
   2110.654    
   2115.559    
   2120.832    
   2126.597    
   2133.014    
   2140.292    
   2148.684    
   2158.522    
   2170.221    
   2184.217    
   2200.732    
   2219.788    
   2240.079    
   2258.243    
   2268.047    
   2261.111    
   2230.257    
   2174.543    
   2102.607    
   2031.024    
   1976.732    
   1948.973    
   1946.839    
   1962.309    
   1985.976    
   2010.785    
   2033.120    
   2051.786    
   2066.928    
   2079.183    
   2089.173    
   2097.458    
   2104.500    
   2110.527    
   2115.796    
   2120.616    
   2124.968    
   2129.008    
   2132.899    
   2136.545    
   2140.145    
   2143.745    
   2147.372    
   2151.115    
   2155.031    
   2159.097    
   2163.491    
   2168.278    
   2173.576    
   2179.360    
   2185.847    
   2193.068    
   2201.044    
   2209.424    
   2217.801    
   2225.089    
   2229.657    
   2229.398    
   2222.088    
   2206.781    
   2184.226    
   2157.450    
   2130.953    
   2109.156    
   2094.954    
   2088.960    
   2089.801    
   2095.357    
   2103.441    
   2112.373    
   2121.164    
   2129.339    
   2136.666    
   2143.124    
   2148.953    
   2154.075    
   2158.666    
   2162.823    
   2166.615    
   2170.101    
   2173.328    
   2176.351    
   2179.255    
   2181.863    
   2184.355    
   2186.695    
   2188.898    
   2190.886    
   2192.621    
   2194.137    
   2195.449    
   2196.317    
   2196.869    
   2197.082    
   2196.900    
   2196.281    
   2195.360    
   2194.248    
   2192.878    
   2191.486    
   2190.161    
   2189.105    
   2188.207    
   2187.688    
   2187.548    
   2187.845    
   2188.418    
   2189.318    
   2190.494    
   2191.941    
   2193.472    
   2195.121    
   2196.887    
   2198.698    
   2200.472    
   2202.305    
   2204.109    
   2205.854    
   2207.643    
   2209.308    
   2211.006    
   2212.636    
   2214.238    
   2215.815    
   2217.343    
   2218.862    
   2220.331    
   2221.788    
   2223.224    
   2224.611    
   2226.028    
   2227.348    
   2228.738    
   2230.050    
   2231.371    
   2232.708    
   2233.973    
   2235.286    
   2236.561    
   2237.811    
   2239.117    
   2240.358    
   2241.610    
   2242.884    
   2244.123    
   2245.380    
   2246.631    
   2247.877    
   2249.142    
   2250.389    
   2251.645    
   2252.907    
   2254.180    
   2255.445    
   2256.713    
   2257.996    
   2259.290    
   2260.565    
   2261.874    
   2263.183    
   2264.487    
   2265.833    
   2267.142    
   2268.483    
   2269.849    
   2271.161    
   2272.537    
   2273.878    
   2275.225    
   2276.594    
   2277.898    
   2279.252    
   2280.538    
   2281.823    
   2283.083    
   2284.262    
   2285.457    
   2286.516    
   2287.588    
   2288.605    
   2290.106    
   2294.044    
   2308.059    
   2350.899    
   2451.392    
   2620.863    
   2806.185    
   2885.613    
   2764.783    
   2488.163    
   2214.070    
   2067.510    
   2053.810    
   2105.239    
   2162.857    
   2205.109    
   2232.362    
   2250.920    
   2264.410    
   2275.213    
   2284.591    
   2293.104    
   2301.310    
   2309.764    
   2318.683    
   2328.635    
   2340.518    
   2355.298    
   2375.521    
   2405.479    
   2451.787    
   2517.089    
   2581.893    
   2583.917    
   2440.878    
   2139.378    
   1806.007    
   1630.618    
   1692.395    
   1900.197    
   2107.399    
   2237.601    
   2295.928    
   2315.884    
   2321.706    
   2323.834    
   2324.993    
   2326.086    
   2327.177    
   2328.306    
   2329.352    
   2330.452    
   2331.530    
   2332.583    
   2333.680    
   2334.722    
   2335.782    
   2336.853    
   2337.881    
   2338.950    
   2339.990    
   2341.025    
   2342.103    
   2343.113    
   2344.166    
   2345.205    
   2346.225    
   2347.289    
   2348.311    
   2349.333    
   2350.396    
   2351.396    
   2352.440    
   2353.471    
   2354.484    
   2355.538    
   2356.543    
   2357.573    
   2358.613    
   2359.616    
   2360.667    
   2361.674    
   2362.690    
   2363.743    
   2364.726    
   2365.775    
   2366.795    
   2367.807    
   2368.858    
   2369.848    
   2370.885    
   2371.917    
   2372.921    
   2373.975    
   2374.980    
   2376.016    
   2377.070    
   2378.062    
   2379.136    
   2380.147    
   2381.198    
   2382.267    
   2383.284    
   2384.364    
   2385.404    
   2386.479    
   2387.569    
   2388.617    
   2389.723    
   2390.796    
   2391.905    
   2393.032    
   2394.122    
   2395.283    
   2396.397    
   2397.568    
   2398.737    
   2399.893    
   2401.127    
   2402.303    
   2403.569    
   2404.797    
   2406.082    
   2407.384    
   2408.688    
   2410.073    
   2411.427    
   2412.871    
   2414.314    
   2415.815    
   2417.363    
   2418.956    
   2420.625    
   2422.327    
   2424.161    
   2425.988    
   2428.004    
   2430.025    
   2432.252    
   2434.507    
   2436.999    
   2439.536    
   2442.319    
   2445.170    
   2448.256    
   2451.409    
   2454.679    
   2457.963    
   2461.078    
   2464.003    
   2466.265    
   2467.711    
   2468.034    
   2466.718    
   2463.672    
   2458.832    
   2452.381    
   2444.686    
   2436.516    
   2428.590    
   2421.591    
   2416.028    
   2412.162    
   2409.991    
   2409.342    
   2409.948    
   2411.484    
   2413.667    
   2416.271    
   2419.087    
   2422.004    
   2424.914    
   2427.774    
   2430.544    
   2433.211    
   2435.766    
   2438.207    
   2440.552    
   2442.837    
   2444.940    
   2446.988    
   2449.008    
   2450.913    
   2452.720    
   2454.580    
   2456.259    
   2457.970    
   2459.628    
   2461.221    
   2462.838    
   2464.351    
   2465.924    
   2467.388    
   2468.919    
   2470.349    
   2471.853    
   2473.271    
   2474.746    
   2476.165    
   2477.625    
   2479.054    
   2480.510    
   2481.978    
   2483.420    
   2484.955    
   2486.421    
   2487.998    
   2489.536    
   2491.288    
   2493.730    
   2499.740    
   2519.588    
   2578.673    
   2715.790    
   2945.773    
   3196.114    
   3302.571    
   3139.217    
   2768.469    
   2404.618    
   2216.004    
   2208.491    
   2291.272    
   2387.070    
   2471.493    
   2551.699    
   2637.997    
   2713.095    
   2716.521    
   2570.573    
   2272.878    
   1957.603    
   1808.990    
   1891.210    
   2104.415    
   2306.716    
   2430.438    
   2485.002    
   2503.824    
   2509.825    
   2512.484    
   2514.180    
   2515.809    
   2517.390    
   2518.949    
   2520.388    
   2521.918    
   2523.302    
   2524.724    
   2526.129    
   2527.464    
   2528.849    
   2530.187    
   2531.490    
   2532.846    
   2534.164    
   2535.452    
   2536.782    
   2538.106    
   2539.389    
   2540.733    
   2542.062    
   2543.376    
   2544.737    
   2546.094    
   2547.447    
   2548.863    
   2550.254    
   2551.686    
   2553.168    
   2554.664    
   2556.192    
   2557.797    
   2559.443    
   2561.129    
   2562.919    
   2564.785    
   2566.739    
   2568.846    
   2571.064    
   2573.470    
   2576.107    
   2578.944    
   2582.151    
   2585.699    
   2589.743    
   2594.407    
   2599.765    
   2606.114    
   2613.550    
   2622.439    
   2632.815    
   2644.761    
   2657.602    
   2670.127    
   2679.619    
   2682.703    
   2675.862    
   2657.111    
   2627.947    
   2593.232    
   2559.707    
   2533.134    
   2516.598    
   2509.971    
   2510.726    
   2515.932    
   2523.285    
   2531.029    
   2538.494    
   2545.204    
   2551.159    
   2556.368    
   2561.019    
   2565.084    
   2568.724    
   2571.987    
   2574.933    
   2577.630    
   2580.098    
   2582.392    
   2584.523    
   2586.514    
   2588.385    
   2590.178    
   2591.892    
   2593.470    
   2595.021    
   2596.562    
   2598.015    
   2599.405    
   2600.839    
   2602.196    
   2603.515    
   2604.907    
   2606.178    
   2607.493    
   2608.819    
   2610.072    
   2611.419    
   2612.656    
   2613.993    
   2615.236    
   2616.552    
   2617.812    
   2619.110    
   2620.382    
   2621.677    
   2622.934    
   2624.238    
   2625.493    
   2626.809    
   2628.051    
   2629.364    
   2630.607    
   2631.930    
   2633.183    
   2634.483    
   2635.781    
   2637.042    
   2638.484    
   2640.350    
   2644.889    
   2659.448    
   2702.053    
   2798.975    
   2957.754    
   3124.725    
   3186.851    
   3064.397    
   2808.129    
   2564.813    
   2441.992    
   2437.211    
   2487.065    
   2540.162    
   2578.682    
   2603.955    
   2621.646    
   2634.922    
   2646.043    
   2655.989    
   2665.601    
   2675.701    
   2686.643    
   2699.925    
   2717.260    
   2742.349    
   2780.443    
   2833.599    
   2885.350    
   2885.563    
   2768.881    
   2526.860    
   2263.130    
   2128.009    
   2181.451    
   2348.391    
   2512.495    
   2614.717    
   2660.535    
   2676.330    
   2681.127    
   2683.255    
   2684.538    
   2685.740    
   2687.085    
   2688.358    
   2689.591    
   2691.221    
   2694.055    
   2702.670    
   2730.470    
   2803.019    
   2944.492    
   3134.635    
   3275.707    
   3245.755    
   3022.472    
   2728.930    
   2521.879    
   2458.844    
   2492.386    
   2552.876    
   2603.192    
   2637.007    
   2659.397    
   2675.553    
   2688.078    
   2698.748    
   2708.508    
   2717.921    
   2727.454    
   2737.785    
   2749.610    
   2764.000    
   2782.999    
   2810.480    
   2852.616    
   2914.507    
   2983.430    
   3008.336    
   2905.782    
   2636.715    
   2294.795    
   2069.322    
   2076.763    
   2260.454    
   2475.205    
   2623.199    
   2693.869    
   2719.575    
   2727.900    
   2730.247    
   2730.813    
   2732.615    
   2734.232    
   2734.364    
   2735.274    
   2737.536    
   2738.516    
   2738.339    
   2739.856    
   2742.261    
   2742.585    
   2742.354    
   2744.439    
   2746.783    
   2746.603    
   2746.415    
   2748.921    
   2751.203    
   2750.673    
   2750.475    
   2753.254    
   2755.576    
   2754.851    
   2754.512    
   2757.412    
   2759.939    
   2759.150    
   2758.558    
   2761.402    
   2764.253    
   2763.597    
   2762.634    
   2765.242    
   2768.484    
   2768.178    
   2766.815    
   2768.985    
   2772.569    
   2772.809    
   2771.164    
   2772.716    
   2776.501    
   2777.402    
   2775.679    
   2776.522    
   2780.306    
   2781.913    
   2780.303    
   2780.500    
   2784.069    
   2786.259    
   2784.962    
   2784.671    
   2787.888    
   2790.473    
   2789.573    
   2788.999    
   2791.864    
   2794.627    
   2794.058    
   2793.465    
   2796.066    
   2798.749    
   2798.427    
   2798.017    
   2800.503    
   2802.924    
   2802.708    
   2802.701    
   2805.173    
   2807.142    
   2806.992    
   2807.641    
   2810.542    
   2814.549    
   2826.530    
   2868.875    
   2976.861    
   3176.272    
   3429.200    
   3599.057    
   3535.302    
   3236.527    
   2880.953    
   2660.632    
   2629.171    
   2721.914    
   2858.304    
   2990.275    
   3083.821    
   3097.677    
   3002.865    
   2824.788    
   2645.146    
   2546.836    
   2556.717    
   2645.152    
   2770.790    
   2920.623    
   3115.938    
   3385.494    
   3714.183    
   4001.363    
   4078.701    
   3799.722    
   3142.905    
   2275.921    
   1526.478    
   1202.301    
   1364.341    
   1802.038    
   2243.287    
   2547.242    
   2715.966    
   2805.772    
   2868.001    
   2937.023    
   3040.691    
   3193.825    
   3363.215    
   3440.270    
   3296.126    
   2920.344    
   2488.183    
   2227.293    
   2220.161    
   2373.260    
   2549.277    
   2675.516    
   2747.520    
   2785.506    
   2807.001    
   2820.409    
   2829.791    
   2836.980    
   2842.667    
   2847.347    
   2851.309    
   2854.775    
   2857.814    
   2860.505    
   2863.007    
   2865.302    
   2867.387    
   2869.442    
   2871.270    
   2873.127    
   2874.804    
   2876.520    
   2878.093    
   2879.710    
   2881.208    
   2882.750    
   2884.196    
   2885.691    
   2887.132    
   2888.560    
   2890.028    
   2891.417    
   2892.881    
   2894.312    
   2895.743    
   2897.230    
   2898.679    
   2900.187    
   2901.712    
   2903.268    
   2904.896    
   2906.523    
   2908.258    
   2910.055    
   2911.926    
   2913.952    
   2916.064    
   2918.392    
   2920.942    
   2923.718    
   2926.944    
   2930.591    
   2934.942    
   2940.249    
   2946.951    
   2956.191    
   2970.267    
   2996.430    
   3052.371    
   3170.324    
   3375.718    
   3624.884    
   3754.210    
   3569.594    
   3065.783    
   2510.390    
   2213.444    
   2247.474    
   2454.672    
   2656.884    
   2783.434    
   2846.118    
   2874.656    
   2889.182    
   2896.879    
   2901.626    
   2904.650    
   2906.822    
   2908.480    
   2909.977    
   2911.526    
   2913.221    
   2915.132    
   2917.233    
   2919.511    
   2921.912    
   2924.397    
   2926.913    
   2929.427    
   2931.961    
   2934.390    
   2936.747    
   2939.043    
   2941.342    
   2943.454    
   2945.535    
   2947.610    
   2949.526    
   2951.463    
   2953.313    
   2955.118    
   2956.919    
   2958.635    
   2960.388    
   2962.050    
   2963.765    
   2965.402    
   2967.107    
   2968.745    
   2970.446    
   2972.112    
   2973.833    
   2975.558    
   2977.326    
   2979.148    
   2980.998    
   2982.956    
   2984.933    
   2987.082    
   2989.271    
   2991.659    
   2994.170    
   2996.907    
   2999.880    
   3003.151    
   3006.795    
   3010.836    
   3015.449    
   3020.628    
   3026.578    
   3033.238    
   3040.689    
   3048.666    
   3056.612    
   3063.585    
   3067.938    
   3067.971    
   3061.860    
   3049.020    
   3030.496    
   3009.020    
   2988.144    
   2971.287    
   2960.333    
   2955.492    
   2955.669    
   2959.255    
   2964.776    
   2970.956    
   2977.061    
   2982.895    
   2988.084    
   2992.689    
   2996.721    
   3000.170    
   3003.213    
   3005.844    
   3008.005    
   3009.793    
   3011.279    
   3012.497    
   3013.459    
   3014.221    
   3014.852    
   3015.432    
   3015.851    
   3016.314    
   3016.796    
   3017.388    
   3018.065    
   3018.807    
   3019.698    
   3020.730    
   3021.895    
   3023.105    
   3024.445    
   3025.945    
   3027.409    
   3028.955    
   3030.621    
   3032.237    
   3033.897    
   3035.650    
   3037.322    
   3039.065    
   3040.821    
   3042.545    
   3044.364    
   3046.104    
   3047.972    
   3049.768    
   3051.669    
   3053.594    
   3055.572    
   3057.658    
   3059.804    
   3062.106    
   3064.542    
   3067.199    
   3070.096    
   3073.396    
   3077.115    
   3081.567    
   3087.217    
   3095.835    
   3113.651    
   3159.845    
   3274.440    
   3503.649    
   3830.114    
   4089.236    
   4013.994    
   3480.791    
   2716.586    
   2153.935    
   2045.462    
   2289.372    
   2619.095    
   2857.920    
   2979.870    
   3029.453    
   3048.714    
   3057.878    
   3063.471    
   3067.902    
   3071.652    
   3074.927    
   3077.851    
   3080.431    
   3082.885    
   3085.138    
   3087.263    
   3089.336    
   3091.277    
   3093.241    
   3095.091    
   3097.001    
   3098.838    
   3100.746    
   3102.636    
   3104.601    
   3106.608    
   3108.694    
   3111.108    
   3114.628    
   3123.589    
   3152.330    
   3235.453    
   3421.357    
   3721.014    
   4029.285    
   4137.270    
   3908.487    
   3451.625    
   3044.353    
   2882.106    
   2949.750    
   3096.748    
   3153.213    
   3010.910    
   2699.239    
   2400.588    
   2308.308    
   2454.417    
   2706.748    
   2919.857    
   3041.161    
   3092.580    
   3110.455    
   3117.220    
   3120.784    
   3123.616    
   3126.291    
   3128.839    
   3131.350    
   3133.767    
   3136.111    
   3138.442    
   3140.866    
   3143.168    
   3145.533    
   3147.986    
   3150.450    
   3152.948    
   3155.579    
   3158.238    
   3160.948    
   3163.768    
   3166.598    
   3169.366    
   3172.094    
   3174.627    
   3176.747    
   3178.329    
   3179.212    
   3178.949    
   3177.509    
   3174.728    
   3170.727    
   3165.589    
   3159.804    
   3153.929    
   3148.517    
   3144.077    
   3140.914    
   3139.164    
   3138.779    
   3139.564    
   3141.266    
   3143.644    
   3146.459    
   3149.521    
   3152.709    
   3155.911    
   3159.152    
   3162.205    
   3165.227    
   3168.173    
   3171.043    
   3173.918    
   3176.677    
   3179.426    
   3182.205    
   3185.028    
   3187.853    
   3190.815    
   3193.918    
   3197.131    
   3200.654    
   3204.426    
   3208.552    
   3213.244    
   3218.442    
   3224.435    
   3231.411    
   3239.411    
   3248.724    
   3259.224    
   3270.460    
   3281.386    
   3289.896    
   3292.925    
   3287.310    
   3271.020    
   3244.745    
   3212.339    
   3180.090    
   3153.878    
   3137.188    
   3130.368    
   3131.402    
   3137.249    
   3145.477    
   3154.185    
   3162.536    
   3169.989    
   3176.677    
   3182.447    
   3187.497    
   3192.062    
   3196.078    
   3199.722    
   3203.038    
   3206.106    
   3209.011    
   3211.680    
   3214.214    
   3216.641    
   3219.006    
   3221.311    
   3223.498    
   3225.673    
   3227.885    
   3229.996    
   3232.168    
   3234.428    
   3237.025    
   3241.697    
   3254.686    
   3294.323    
   3393.947    
   3580.878    
   3821.025    
   3984.777    
   3926.939    
   3639.733    
   3289.976    
   3065.984    
   3025.699    
   3108.314    
   3235.676    
   3359.353    
   3430.472    
   3375.877    
   3148.898    
   2821.872    
   2578.565    
   2558.708    
   2732.747    
   2958.468    
   3124.574    
   3209.385    
   3242.019    
   3252.515    
   3256.421    
   3258.482    
   3260.184    
   3261.895    
   3263.453    
   3265.035    
   3266.484    
   3267.981    
   3269.365    
   3270.766    
   3272.144    
   3273.446    
   3274.819    
   3276.086    
   3277.378    
   3278.675    
   3279.909    
   3281.183    
   3282.430    
   3283.647    
   3284.918    
   3286.130    
   3287.359    
   3288.598    
   3289.810    
   3291.048    
   3292.266    
   3293.495    
   3294.746    
   3295.964    
   3297.215    
   3298.463    
   3299.711    
   3301.003    
   3302.259    
   3303.552    
   3304.876    
   3306.170    
   3307.531    
   3308.881    
   3310.263    
   3311.696    
   3313.119    
   3314.614    
   3316.132    
   3317.704    
   3319.359    
   3321.026    
   3322.833    
   3324.695    
   3326.672    
   3328.812    
   3331.062    
   3333.593    
   3336.298    
   3339.394    
   3342.850    
   3346.929    
   3351.689    
   3357.591    
   3365.394    
   3377.739    
   3403.467    
   3468.700    
   3624.610    
   3921.112    
   4309.697    
   4550.374    
   4321.270    
   3561.155    
   2657.689    
   2135.730    
   2174.885    
   2540.195    
   2911.583    
   3142.627    
   3248.590    
   3289.686    
   3306.941    
   3315.957    
   3322.169    
   3327.203    
   3331.470    
   3335.139    
   3338.369    
   3341.305    
   3344.080    
   3346.572    
   3348.974    
   3351.334    
   3353.533    
   3355.774    
   3357.937    
   3360.130    
   3362.335    
   3364.579    
   3366.896    
   3369.287    
   3371.836    
   3374.482    
   3377.394    
   3380.490    
   3383.967    
   3387.783    
   3392.209    
   3397.239    
   3403.273    
   3410.433    
   3419.341    
   3430.461    
   3444.687    
   3462.974    
   3485.926    
   3513.180    
   3541.293    
   3562.623    
   3565.833    
   3540.390    
   3483.933    
   3407.361    
   3330.874    
   3273.696    
   3244.691    
   3240.965    
   3253.024    
   3271.491    
   3290.253    
   3306.684    
   3320.173    
   3331.076    
   3339.941    
   3347.265    
   3353.501    
   3358.789    
   3363.524    
   3367.710    
   3371.499    
   3374.960    
   3378.162    
   3381.141    
   3383.928    
   3386.554    
   3389.030    
   3391.427    
   3393.675    
   3395.798    
   3397.841    
   3399.893    
   3401.757    
   3403.595    
   3405.449    
   3407.142    
   3408.861    
   3410.528    
   3412.132    
   3413.752    
   3415.275    
   3416.866    
   3418.333    
   3419.878    
   3421.315    
   3422.835    
   3424.249    
   3425.758    
   3427.164    
   3428.657    
   3430.072    
   3431.563    
   3433.008    
   3434.495    
   3435.991    
   3437.495    
   3439.067    
   3440.598    
   3442.244    
   3443.862    
   3445.611    
   3447.362    
   3449.236    
   3451.205    
   3453.268    
   3455.541    
   3457.927    
   3460.623    
   3463.594    
   3467.391    
   3473.486    
   3488.668    
   3532.655    
   3645.035    
   3866.780    
   4179.295    
   4451.334    
   4503.113    
   4269.960    
   3857.299    
   3400.985    
   2962.100    
   2603.933    
   2449.632    
   2563.059    
   2847.125    
   3132.028    
   3318.352    
   3407.164    
   3440.831    
   3452.794    
   3458.477    
   3462.032    
   3465.089    
   3467.807    
   3470.260    
   3472.558    
   3474.573    
   3476.453    
   3478.214    
   3479.870    
   3481.348    
   3482.747    
   3484.089    
   3485.256    
   3486.365    
   3487.438    
   3488.354    
   3489.240    
   3490.095    
   3490.828    
   3491.558    
   3492.269    
   3492.898    
   3493.566    
   3494.228    
   3494.847    
   3495.545    
   3496.239    
   3496.926    
   3497.721    
   3498.508    
   3499.300    
   3500.229    
   3501.106    
   3502.038    
   3503.080    
   3504.053    
   3505.108    
   3506.237    
   3507.303    
   3508.453    
   3509.620    
   3510.756    
   3512.000    
   3513.163    
   3514.370    
   3515.638    
   3516.821    
   3518.112    
   3519.342    
   3520.601    
   3521.901    
   3523.129    
   3524.483    
   3525.719    
   3527.041    
   3528.375    
   3529.679    
   3531.072    
   3532.384    
   3533.832    
   3535.188    
   3536.640    
   3538.107    
   3539.580    
   3541.149    
   3542.683    
   3544.356    
   3545.994    
   3547.779    
   3549.604    
   3551.501    
   3553.566    
   3555.657    
   3558.000    
   3560.402    
   3563.058    
   3565.964    
   3569.070    
   3572.607    
   3576.429    
   3580.749    
   3585.661    
   3591.098    
   3597.246    
   3604.156    
   3611.594    
   3619.437    
   3627.159    
   3633.762    
   3637.945    
   3638.240    
   3633.352    
   3622.806    
   3607.434    
   3589.410    
   3571.650    
   3556.939    
   3547.020    
   3542.222    
   3541.792    
   3544.219    
   3547.807    
   3551.175    
   3553.234    
   3553.342    
   3551.448    
   3547.730    
   3543.044    
   3538.099    
   3533.964    
   3531.248    
   3530.317    
   3531.310    
   3533.803    
   3537.489    
   3541.978    
   3546.786    
   3551.663    
   3556.383    
   3560.928    
   3565.173    
   3569.085    
   3572.754    
   3576.045    
   3579.110    
   3581.956    
   3584.587    
   3587.131    
   3589.393    
   3591.565    
   3593.688    
   3595.606    
   3597.500    
   3599.302    
   3601.003    
   3602.711    
   3604.279    
   3605.891    
   3607.366    
   3608.891    
   3610.292    
   3611.751    
   3613.083    
   3614.491    
   3615.770    
   3617.121    
   3618.360    
   3619.656    
   3620.868    
   3622.091    
   3623.282    
   3624.447    
   3625.620    
   3626.724    
   3627.871    
   3628.918    
   3630.038    
   3631.053    
   3632.115    
   3633.113    
   3634.129    
   3635.122    
   3636.068    
   3637.079    
   3637.991    
   3638.983    
   3639.898    
   3640.888    
   3641.817    
   3642.792    
   3643.756    
   3644.859    
   3646.648    
   3651.837    
   3670.518    
   3727.668    
   3862.121    
   4090.711    
   4346.452    
   4471.597    
   4341.744    
   4012.074    
   3687.013    
   3529.573    
   3544.448    
   3633.277    
   3700.618    
   3700.815    
   3635.199    
   3538.640    
   3455.752    
   3418.120    
   3428.991    
   3471.393    
   3524.293    
   3575.035    
   3620.224    
   3663.258    
   3711.022    
   3770.876    
   3839.592    
   3884.215    
   3836.579    
   3643.833    
   3352.615    
   3116.658    
   3070.007    
   3203.951    
   3398.872    
   3549.914    
   3630.051    
   3661.754    
   3672.091    
   3675.943    
   3677.866    
   3679.540    
   3681.067    
   3682.646    
   3684.065    
   3685.543    
   3686.892    
   3688.295    
   3689.597    
   3690.936    
   3692.196    
   3693.495    
   3694.710    
   3695.976    
   3697.178    
   3698.376    
   3699.611    
   3700.743    
   3701.968    
   3703.108    
   3704.254    
   3705.445    
   3706.536    
   3707.702    
   3708.835    
   3709.933    
   3711.087    
   3712.189    
   3713.285    
   3714.418    
   3715.518    
   3716.589    
   3717.710    
   3718.806    
   3719.862    
   3720.990    
   3722.068    
   3723.124    
   3724.250    
   3725.313    
   3726.352    
   3727.504    
   3728.534    
   3729.582    
   3730.728    
   3731.758    
   3732.797    
   3733.957    
   3734.964    
   3736.020    
   3737.178    
   3738.181    
   3739.241    
   3740.399    
   3741.405    
   3742.478    
   3743.626    
   3744.640    
   3745.732    
   3746.873    
   3747.897    
   3749.010    
   3750.130    
   3751.188    
   3752.306    
   3753.437    
   3754.510    
   3755.652    
   3756.781    
   3757.889    
   3759.044    
   3760.190    
   3761.328    
   3762.512    
   3763.669    
   3764.850    
   3766.061    
   3767.265    
   3768.480    
   3769.726    
   3770.991    
   3772.247    
   3773.561    
   3774.879    
   3776.220    
   3777.597    
   3778.993    
   3780.425    
   3781.925    
   3783.410    
   3785.010    
   3786.604    
   3788.282    
   3790.035    
   3791.813    
   3793.730    
   3795.679    
   3797.763    
   3799.940    
   3802.195    
   3804.624    
   3807.100    
   3809.777    
   3812.472    
   3815.348    
   3818.182    
   3821.104    
   3823.854    
   3826.502    
   3828.774    
   3830.592    
   3831.849    
   3832.293    
   3832.023    
   3831.004    
   3829.338    
   3827.359    
   3825.444    
   3823.858    
   3823.044    
   3823.329    
   3824.973    
   3828.149    
   3833.000    
   3839.626    
   3848.125    
   3858.529    
   3870.712    
   3884.173    
   3897.736    
   3909.263    
   3915.644    
   3913.767    
   3901.331    
   3878.939    
   3850.363    
   3821.439    
   3797.877    
   3782.525    
   3775.381    
   3773.735    
   3774.375    
   3774.501    
   3772.837    
   3769.398    
   3765.196    
   3761.599    
   3759.791    
   3760.435    
   3763.499    
   3768.640    
   3775.119    
   3782.240    
   3789.572    
   3796.572    
   3803.248    
   3809.336    
   3814.880    
   3819.917    
   3824.573    
   3828.793    
   3832.687    
   3836.356    
   3839.735    
   3842.939    
   3846.013    
   3848.984    
   3851.942    
   3854.798    
   3857.623    
   3860.502    
   3863.442    
   3866.370    
   3869.431    
   3872.633    
   3875.894    
   3879.343    
   3883.059    
   3887.289    
   3893.989    
   3909.895    
   3952.131    
   4047.542    
   4207.873    
   4385.171    
   4466.173    
   4359.019    
   4100.271    
   3836.473    
   3688.144    
   3664.241    
   3703.154    
   3749.737    
   3783.381    
   3804.687    
   3819.478    
   3831.108    
   3841.467    
   3851.318    
   3860.998    
   3870.358    
   3879.601    
   3888.628    
   3897.374    
   3905.869    
   3913.947    
   3921.486    
   3928.622    
   3935.056    
   3941.137    
   3947.374    
   3954.420    
   3963.925    
   3978.669    
   4003.266    
   4045.440    
   4112.487    
   4193.158    
   4230.258    
   4122.431    
   3808.141    
   3383.201    
   3079.175    
   3062.506    
   3285.201    
   3565.720    
   3767.863    
   3868.945    
   3906.729    
   3918.083    
   3921.873    
   3923.651    
   3925.229    
   3926.828    
   3928.521    
   3930.256    
   3932.053    
   3933.953    
   3935.954    
   3938.020    
   3940.251    
   3942.600    
   3945.085    
   3947.789    
   3950.633    
   3953.731    
   3957.006    
   3960.480    
   3964.156    
   3967.835    
   3971.551    
   3974.890    
   3977.733    
   3979.487    
   3979.931    
   3978.444    
   3974.974    
   3969.497    
   3962.369    
   3954.419    
   3946.443    
   3939.306    
   3933.703    
   3929.946    
   3928.056    
   3927.823    
   3928.897    
   3930.901    
   3933.506    
   3936.523    
   3939.616    
   3942.764    
   3945.904    
   3948.971    
   3951.944    
   3954.821    
   3957.618    
   3960.365    
   3963.041    
   3965.627    
   3968.204    
   3970.776    
   3973.366    
   3975.887    
   3978.462    
   3981.148    
   3983.790    
   3986.495    
   3989.301    
   3992.179    
   3995.070    
   3998.055    
   4001.156    
   4004.175    
   4007.217    
   4010.187    
   4013.022    
   4015.519    
   4017.655    
   4019.248    
   4020.174    
   4020.301    
   4019.476    
   4017.792    
   4015.310    
   4012.216    
   4008.781    
   4005.298    
   4002.101    
   3999.459    
   3997.564    
   3996.477    
   3996.340    
   3996.911    
   3998.131    
   3999.789    
   4001.793    
   4003.938    
   4006.016    
   4007.850    
   4009.473    
   4010.673    
   4011.449    
   4011.758    
   4011.871    
   4011.750    
   4011.648    
   4011.738    
   4012.414    
   4013.804    
   4016.146    
   4019.697    
   4024.866    
   4031.968    
   4041.834    
   4056.409    
   4081.289    
   4132.020    
   4242.860    
   4457.481    
   4767.608    
   5018.401    
   4934.097    
   4374.682    
   3582.914    
   3025.663    
   2952.713    
   3224.718    
   3556.452    
   3785.411    
   3902.325    
   3954.160    
   3979.023    
   3993.057    
   4002.522    
   4009.764    
   4015.546    
   4020.344    
   4024.421    
   4027.968    
   4031.097    
   4033.909    
   4036.533    
   4038.885    
   4041.076    
   4043.214    
   4045.137    
   4047.040    
   4048.862    
   4050.591    
   4052.315    
   4053.940    
   4055.602    
   4057.162    
   4058.778    
   4060.308    
   4061.885    
   4063.407    
   4064.984    
   4066.527    
   4068.081    
   4069.618    
   4070.846    
   4070.974    
   4067.443    
   4056.356    
   4034.727    
   4006.938    
   3986.133    
   3985.424    
   4005.252    
   4033.439    
   4057.190    
   4071.475    
   4078.382    
   4081.323    
   4082.890    
   4083.983    
   4085.000    
   4086.000    
   4087.000    
   4088.000    
   4089.000    
   4090.000    
   4091.000    
   4092.000    
   4093.000    
   4094.000    
   4095.000    
