  3.2970039E-03
 -2.2406511E-03
  4.3827617E-03
 -4.0568756E-03
  3.2188548E-03
 -2.4558697E-03
  3.0926503E-03
 -2.3413941E-03
  5.0131050E-03
 -3.7467554E-03
  3.2553822E-03
 -2.3587323E-03
  9.0670269E-03
 -1.0647329E-03
  3.2894447E-02
 -1.7863218E-02
  1.0634386E-02
 -3.3873329E-03
  7.4378066E-02
 -5.8960277E-03
  0.1155724    
 -2.6138152E-03
  3.2539442E-02
 -1.3560749E-03
  0.1651114    
 -3.6765134E-03
  1.9730536E-02
 -3.3382315E-03
  1.1430014E-02
 -1.3161497E-03
  5.8560926E-03
 -2.5147656E-03
  3.9629526E-03
 -2.8322011E-03
  3.9314786E-03
 -1.0497886E-03
  2.3820011E-03
 -6.3648345E-03
  3.8943051E-03
 -2.0776545E-03
  3.1827139E-03
 -2.5495959E-03
  2.5732855E-03
 -2.4338358E-03
  1.2109888E-02
 -2.7849963E-03
  1.0592190E-02
 -1.5005829E-03
  1.5480011E-03
