  2.3078513E-03
 -9.4197644E-04
  4.9211872E-03
 -4.4706492E-03
  2.6259953E-03
 -1.0091246E-03
  2.8740924E-03
 -2.1582362E-03
  4.0975632E-03
 -1.1677800E-03
  4.7971895E-03
 -1.4563909E-02
  1.4112022E-02
 -3.5517938E-02
  7.5619635E-03
 -2.4310248E-03
  1.2268028E-02
 -5.2664941E-03
  1.6474163E-02
 -1.4203412E-03
  8.7002376E-03
  8.7002376E-03
 -2.7921954E-03
  0.1842700    
 -4.4978317E-03
  0.5765597    
  0.5753819    
 -1.5011769E-03
  8.2740961E-03
 -1.3527276E-03
  6.3428548E-03
 -3.2001652E-03
  5.5332039E-03
 -2.1939832E-03
  3.9502708E-03
 -1.1834757E-03
  4.8878719E-03
 -1.1546094E-03
  2.3311405E-03
 -2.2715828E-03
  3.3251042E-03
