  5.2073533E-03
 -2.8517162E-03
  3.3223464E-03
 -1.4136437E-03
  3.6500895E-03
 -2.2195634E-03
  5.7240501E-03
 -4.3685660E-03
  7.4247816E-03
 -1.3209103E-03
  5.2765314E-03
 -2.2843808E-03
  3.6259564E-03
 -6.9436157E-04
  7.7176061E-03
 -2.2312831E-03
  0.1356291    
 -1.7932624E-03
  0.6053819    
  0.6065003    
 -5.1284232E-03
  1.0470060E-02
 -3.0436832E-03
  4.7334405E-03
 -1.5810691E-03
  3.6328970E-03
 -2.3555011E-03
  3.1704600E-03
 -6.8749115E-03
  4.4063148E-03
 -4.7430685E-03
  3.9802059E-03
 -2.7560538E-03
  3.1281640E-03
 -1.3273878E-03
  4.3465248E-03
 -1.4263577E-03
  2.0233600E-03
