  2.4001931E-03
 -1.1069457E-03
  6.9890902E-03
 -3.2568809E-02
  4.3973597E-03
 -1.1008758E-03
  4.6205749E-03
 -3.0117137E-03
  5.1796236E-03
 -1.5194874E-03
  4.4077206E-03
 -3.0707894E-03
  5.9513776E-03
 -4.3191169E-03
  6.1532892E-03
 -2.0784177E-03
  1.0025795E-02
 -3.0177024E-03
  3.4247492E-02
 -3.4413922E-03
  0.8461838    
  0.8257440    
 -2.2115938E-03
  2.1756481E-02
 -3.2568343E-03
  1.7370431E-02
 -1.2855366E-03
  6.0553090E-03
 -1.3304123E-02
  3.9322227E-02
 -1.4019985E-03
  3.7894363E-03
 -3.1747457E-03
  4.5988113E-03
 -1.0322835E-03
  2.5456448E-03
 -1.2492307E-03
  2.5219212E-03
