  2.4692712E-03
 -1.4365035E-03
  6.8493146E-03
 -3.1905430E-03
  7.0199133E-03
 -4.4028168E-03
  2.8401588E-03
 -1.1353418E-03
  5.4627298E-03
 -3.6165535E-03
  1.3401989E-02
  6.7684548E-03
 -1.3904708E-03
  5.2559483E-03
 -1.0423240E-03
  6.8680175E-02
 -1.2629065E-03
  8.5070588E-02
 -3.2725642E-03
  6.5258988E-03
 -2.6805091E-03
  0.8093662    
  0.8093662    
 -1.3059058E-03
  5.4311594E-03
 -9.6970616E-04
  5.1792273E-03
 -5.7753180E-03
  8.4248027E-03
 -2.6742890E-03
  4.1219662E-03
 -3.0728581E-03
  4.0016519E-03
 -1.1652439E-03
  1.7091745E-03
