  2.4105972E-03
 -1.4844474E-03
  3.4121720E-03
 -5.9268265E-03
  2.7612471E-03
 -1.7026915E-03
  2.3246731E-03
 -7.7100296E-04
  8.4115500E-03
 -6.9905124E-03
  4.4667781E-03
 -3.0987978E-03
  4.6148119E-03
 -2.1964232E-03
  1.8838421E-02
 -1.0939646E-02
  2.2960190E-02
 -1.0449417E-03
  9.7720414E-02
  9.7720414E-02
 -4.3886667E-03
  0.6776588    
 -3.8705885E-03
  5.8239728E-02
 -4.0007499E-03
  9.2387972E-03
 -1.1647415E-02
  1.7169503E-02
 -3.5217959E-03
  5.7566240E-03
 -2.4252660E-03
  6.4377668E-03
 -9.4313646E-04
  2.8886977E-03
 -9.8970188E-03
  9.1789579E-03
 -2.6913974E-03
  3.9182827E-03
 -2.8774068E-03
  3.7163829E-03
 -2.9369036E-03
  4.3216962E-03
 -1.5478284E-03
  4.1834936E-03
 -7.3621264E-03
  1.0132807E-02
