  4.6008490E-03
 -2.0384020E-03
  4.1292468E-03
 -2.1743770E-03
  2.8054859E-03
 -2.4137280E-03
  5.8582826E-03
 -5.6040189E-03
  4.5754998E-03
 -1.8402297E-03
  4.0719630E-03
 -9.9528115E-03
  4.5098606E-03
 -1.7309051E-03
  5.9084999E-03
 -3.6297929E-03
  3.2293607E-02
 -1.9969966E-02
  1.3250710E-02
 -4.7693569E-03
  4.3815803E-02
 -1.4231344E-03
  5.2628331E-03
 -4.1864095E-03
  0.5145810    
 -4.3624407E-03
  0.1408010    
 -3.5030732E-03
  1.1306359E-02
 -2.7831097E-03
  5.9256600E-03
 -1.3254411E-03
  7.5670592E-03
 -5.0629843E-03
  1.1722215E-02
 -3.5937198E-03
  1.1094318E-02
 -2.8367713E-03
  4.2979657E-03
 -2.1970370E-03
  3.5644760E-03
 -1.6973693E-03
  3.1823651E-03
 -7.9162850E-04
  2.0293370E-03
