  3.5241607E-03
 -3.9555919E-03
  3.2846942E-03
 -2.2524295E-03
  4.2355158E-03
 -1.1785416E-03
  3.4109328E-03
 -2.5212392E-03
  5.1747682E-03
 -1.2329640E-03
  7.9082018E-03
 -3.4752330E-03
  3.5759497E-02
 -9.6910138E-04
  1.4893124E-02
 -3.3167950E-03
  8.6771391E-02
 -3.2319559E-03
  7.4773692E-02
 -5.7228520E-03
  5.9603672E-03
 -5.8563477E-03
  1.3877172E-02
 -2.4912902E-03
  6.8515721E-03
 -1.2872682E-03
  5.1512001E-03
 -2.7255788E-03
  5.5172076E-03
 -2.0351086E-03
  3.2389129E-03
 -3.4039752E-03
  7.4577541E-03
 -5.9821121E-03
  1.2044029E-02
  2.4306611E-04
 -1.2518038E-03
  2.3501655E-03
 -1.7487548E-03
  2.9071448E-03
