  1.5515499E-03
 -7.6803530E-04
  4.8992783E-03
 -3.7618016E-03
  1.1935462E-02
 -4.1471338E-03
  1.7537603E-03
 -1.5484499E-03
  1.1014346E-02
 -2.1614640E-03
  2.1021945E-02
 -4.7046393E-03
  3.7591085E-03
 -8.0258641E-03
  1.8789852E-02
 -3.8930660E-03
  0.7417231    
  0.7459819    
 -2.9603824E-02
  0.1220937    
 -2.1024405E-03
  1.2371707E-02
 -2.2944182E-03
  7.1399463E-03
 -3.1943850E-03
  1.3929650E-02
 -3.8847215E-03
  6.1702332E-03
 -3.9707930E-03
  3.9835018E-03
 -5.2525010E-03
  6.2800846E-03
 -3.2608141E-03
  6.5207304E-03
 -3.7904130E-03
  4.3717748E-03
 -2.8034977E-03
  2.8933501E-03
 -1.2737672E-03
  2.1601352E-03
