  3.6007746E-03
 -2.1178334E-03
  2.6617819E-03
 -2.2085409E-03
  2.5352568E-03
 -5.2904204E-04
  6.9533950E-03
 -5.0427732E-03
  4.7756266E-03
 -2.5341297E-03
  5.7558101E-03
 -1.6170280E-03
  1.2246386E-02
 -5.1413686E-03
  1.3752512E-02
 -3.2371820E-03
  1.5931915E-02
 -7.3113739E-03
  0.2228919    
  0.2228919    
 -1.1043199E-03
  0.4487476    
 -1.3769973E-03
  4.1261879E-03
 -6.1395117E-03
  1.7190330E-02
 -4.9566538E-03
  8.2075447E-03
 -2.7363601E-03
  4.1491496E-03
 -4.3055331E-03
  3.0976550E-03
 -2.8648265E-03
  3.5038358E-03
 -2.1754140E-03
  2.1307352E-03
