  1.7875689E-03
 -2.0590364E-03
  1.4049420E-03
 -6.1325077E-04
  2.9610856E-03
 -2.3353377E-03
  2.7347989E-03
 -1.1482066E-03
  3.1887186E-03
 -1.7486443E-03
  3.1890743E-03
 -2.3169951E-03
  4.1514621E-03
 -2.9470192E-03
  4.8099789E-03
 -3.2807342E-03
  5.5690138E-03
 -4.8172818E-03
  4.6056421E-03
 -1.3315077E-03
  5.2045579E-03
 -3.5489381E-03
  9.8031471E-03
 -1.1705867E-03
  3.3292625E-02
 -7.4161515E-03
  1.3279215E-02
 -1.0160746E-02
  2.6040424E-03
 -2.5188003E-03
  0.4125549    
  0.4125549    
 -1.4762727E-03
  1.2485663E-02
 -1.3852017E-03
  5.5021332E-03
 -1.7467100E-02
  1.8474419E-02
 -3.4673046E-03
  5.4673660E-03
 -1.6136491E-03
  2.7135029E-03
 -1.4256558E-03
  2.3115547E-03
 -2.0124856E-03
  2.6953947E-03
 -1.0511933E-03
  1.3464740E-03
