  1.7841452E-03
 -1.2980469E-03
  1.7241011E-03
 -7.2008237E-04
  1.2989010E-02
 -4.7123954E-03
  2.3946790E-03
 -1.0488032E-03
  3.5445460E-03
 -9.0886216E-04
  5.3346911E-03
 -3.5178033E-03
  1.2403890E-02
 -5.4126629E-03
  8.0148131E-03
 -1.3504816E-03
  7.3237577E-03
 -2.6342191E-03
  1.1724464E-02
 -5.7170531E-03
  2.5724441E-02
 -3.5976626E-03
  1.0442453E-02
 -4.7257757E-03
  2.2300288E-02
 -0.1268170    
  0.1843402    
  0.1745802    
 -0.1191061    
  0.1941393    
 -2.1860118E-03
  6.9141099E-03
 -6.0619875E-03
  1.4467082E-02
 -2.9008992E-03
  4.5833047E-03
 -1.4153954E-03
  3.1691161E-03
 -1.9960897E-03
  3.4921763E-03
 -1.9103853E-03
  2.7452162E-03
 -2.2207992E-03
  3.6207640E-03
 -4.5386050E-03
  1.8647635E-02
 -2.1075457E-03
  3.5355608E-03
 -4.8141135E-04
  8.3656341E-04
