  4.1385945E-03
 -1.2574638E-03
  3.8830312E-03
 -3.1629247E-03
  6.5062707E-03
 -3.5137113E-03
  3.4090073E-03
 -2.7341354E-03
  3.1124619E-03
 -1.2372335E-03
  2.9415314E-03
 -3.0859150E-03
  5.0493996E-03
 -4.2475215E-03
  2.3826629E-02
 -5.3775650E-03
  2.9374903E-02
 -2.6178444E-03
  6.3726967E-03
 -4.0595937E-03
  0.5251366    
  0.5251366    
 -1.0787350E-02
  1.9455105E-02
 -6.6698585E-03
  2.2120990E-02
 -3.9622732E-03
  7.9648579E-03
 -3.5592010E-03
  9.2993760E-03
 -5.3177401E-03
  1.6461121E-02
 -3.0659416E-03
  3.8399331E-03
 -3.1779676E-03
  3.8776805E-03
 -1.0462666E-03
  2.7059971E-03
 -4.0044035E-03
  6.7934184E-03
