  2.5243063E-03
 -9.6711883E-04
  2.0132454E-03
 -9.9363399E-04
  1.9308595E-03
 -8.6417072E-04
  4.7689625E-03
 -2.8276553E-03
  3.4917314E-03
 -2.1354721E-03
  2.9023872E-03
 -1.7232087E-03
  3.0457398E-03
 -1.8516727E-03
  3.6598572E-03
 -3.1769127E-03
  6.2130173E-03
 -1.4908940E-03
  7.0141489E-03
 -2.8351869E-03
  1.2975967E-02
 -3.1610790E-03
  1.2956931E-02
 -4.9506803E-03
  7.3520304E-03
 -3.7814511E-03
  0.6038023    
  0.6099095    
 -3.1953817E-03
  1.1481816E-02
 -4.8511322E-03
  1.8367959E-02
 -3.2830639E-03
  5.1752930E-03
 -2.4119073E-03
  3.8463417E-03
 -1.0985910E-03
  3.4511215E-03
 -1.6749322E-03
  3.0864079E-03
 -9.6398289E-04
  1.9305145E-03
 -1.6447685E-03
  2.9553501E-03
