  2.1779668E-03
 -1.3239194E-03
  3.9841644E-03
 -2.5517945E-03
  3.1966632E-03
 -3.3882600E-03
 -3.3882600E-03
  3.5689841E-03
 -2.8941883E-03
  4.0183077E-03
 -2.4565207E-03
  4.6346467E-03
 -3.0533122E-03
  3.3100087E-03
 -1.0390844E-03
  3.9268982E-02
 -7.8976844E-03
  1.1659451E-02
 -7.6094590E-04
  7.7333502E-03
 -3.9226278E-03
  2.9284067E-03
 -2.8454126E-03
  6.8584442E-02
 -3.3063081E-03
  0.1056838    
 -4.7292244E-03
  9.3636559E-03
 -1.3699776E-02
  2.1494880E-02
 -2.2928873E-03
  1.2228581E-02
 -2.2239524E-03
  3.7211236E-03
 -3.7289993E-03
  8.0129039E-03
 -8.9817569E-03
  5.6987270E-03
 -1.1808125E-03
  2.4888383E-03
 -9.2401257E-04
  2.0299980E-03
 -3.0701356E-03
  6.8099992E-03
 -1.3430847E-03
  2.6533052E-03
