  1.8399006E-03
 -7.2275318E-04
  4.6288162E-03
 -3.3052543E-03
  4.0159971E-03
 -3.6731272E-03
  3.4970078E-03
 -3.2027622E-03
  4.7563626E-03
 -2.9787705E-03
  4.5489264E-03
 -4.3874169E-03
  6.3057733E-03
 -2.7345936E-03
  7.4757487E-03
 -3.5842545E-03
  2.3325341E-02
 -4.1304477E-03
  6.2417470E-02
 -3.3476498E-02
  3.4634963E-02
 -2.7731683E-03
  2.9259441E-02
 -5.4953238E-03
  0.6188039    
 -2.1139139E-03
  1.0379918E-02
 -7.9343095E-03
  1.2029376E-02
 -1.1076718E-03
  3.0067891E-03
 -2.6580107E-03
  3.7835420E-03
 -4.9064588E-03
  1.4473906E-02
 -2.6711794E-03
  3.7340766E-03
 -3.1995350E-03
  3.3250581E-03
