  3.5478335E-03
 -2.5341690E-03
  5.1831040E-03
 -3.8554976E-03
  3.1957421E-03
 -1.7276417E-03
  4.8851729E-03
 -5.5141849E-03
  3.6900302E-03
 -1.4462695E-03
  4.1934601E-03
 -1.0372136E-03
  5.3636660E-03
 -3.5379641E-03
  7.4097118E-03
  3.6575191E-03
 -1.9246963E-03
  1.5333473E-02
 -4.7040610E-03
  7.2371406E-03
 -3.4934676E-03
  4.4871200E-02
 -4.5748595E-03
  0.1063178    
 -2.3275386E-03
  0.7332295    
  0.7195591    
 -4.1478733E-03
  6.1723463E-02
 -2.2462509E-03
  1.2465477E-02
 -1.4306961E-03
  4.0483903E-03
 -2.3581688E-03
  3.1159271E-03
 -3.1907270E-03
  9.6654147E-03
 -2.6618992E-03
  2.6089987E-03
 -1.4290499E-03
  2.1957492E-03
