  1.4657587E-03
 -9.4738585E-04
  3.7590857E-03
  2.6693959E-03
 -2.2451868E-03
  2.7499127E-03
 -1.3348350E-03
  6.4753899E-03
 -4.5245169E-03
  3.1068171E-03
 -1.2659315E-03
  2.7995410E-03
 -3.4514284E-03
  3.1910355E-03
 -2.2282570E-03
  5.5022188E-03
 -6.3463318E-04
  6.0535455E-03
 -1.2657953E-03
  8.2091779E-02
 -1.5749241E-03
  0.6340150    
  0.6428754    
 -4.3656626E-03
  1.0020525E-02
 -4.2340863E-03
  6.8782070E-03
 -1.0485239E-03
  5.4076836E-03
 -4.3256120E-03
  7.9321656E-03
 -8.3097490E-03
  4.9828470E-02
 -1.1384317E-03
  2.6555671E-03
 -9.0966932E-03
  1.4666442E-02
 -4.5325928E-03
  6.5773576E-03
 -4.2454661E-03
  4.7267601E-03
 -1.6731863E-03
  2.4831414E-03
 -9.6119143E-04
  1.5186645E-03
 -6.6571252E-04
  1.3080431E-03
