  3.9211856E-03
 -3.5309736E-03
  2.9438590E-03
 -2.4912478E-03
  8.5675530E-03
  1.9911400E-03
 -1.6225304E-03
  3.0094853E-03
 -1.9713519E-03
  9.1653820E-03
 -3.0007260E-03
  1.0436120E-02
 -3.2774974E-03
  1.2064414E-02
 -3.3036920E-03
  6.4305954E-02
 -3.3491305E-03
  4.6933454E-02
 -1.7585249E-03
  0.7816622    
  0.7918036    
 -5.6404900E-03
  1.7256159E-02
 -3.5403799E-03
  5.2628364E-02
 -1.3170545E-03
  2.0907719E-02
 -2.0748971E-03
  5.8178967E-03
 -3.9916309E-03
  8.6304164E-03
 -3.0228647E-03
  3.6529501E-03
 -3.1871244E-03
  3.4463478E-03
