  2.6835550E-03
 -1.1865372E-03
  3.6357392E-03
 -2.7951451E-03
  2.5243093E-03
 -1.4848347E-03
  6.2545137E-03
 -3.8181921E-03
  4.4106585E-03
 -2.7339510E-03
  1.4908696E-02
 -2.6777750E-03
  0.1103374    
 -4.3869000E-03
  8.4205121E-03
 -4.8988359E-03
  2.3928972E-02
 -3.6015850E-03
  8.5866868E-02
 -3.5468976E-03
  8.3925826E-03
 -5.9214365E-03
  7.5535993E-03
 -3.5675713E-03
  1.2974703E-02
 -4.7289515E-03
  8.0728121E-03
 -7.9908298E-04
  2.8102964E-03
 -4.8984904E-03
  9.2600863E-03
 -1.0807633E-03
  2.5584360E-03
 -1.1021744E-02
  9.5021473E-03
 -2.8303009E-03
  4.8917448E-03
