  2.2775282E-03
 -1.8954995E-03
  5.5484814E-03
 -4.1383225E-03
  4.0681451E-03
 -2.5748569E-03
  4.8554246E-03
 -3.1929356E-03
  5.6142411E-03
 -3.0079097E-03
  9.6807210E-03
 -9.2150550E-03
  1.0733457E-02
 -3.5154484E-03
  8.5306847E-03
 -2.3021775E-03
  0.3257775    
 -2.1664221E-02
  7.2579071E-02
 -4.8542651E-03
  2.9917028E-02
 -3.4335339E-03
  2.4535358E-02
 -7.5331721E-03
 -3.0231080E-03
  1.2687635E-02
 -7.6534213E-03
  2.0914339E-02
 -2.8838043E-03
  4.9156705E-03
 -8.0060982E-04
  4.5898878E-03
 -1.7863809E-03
  3.8754940E-03
 -1.6219508E-03
  3.8411538E-03
 -1.4442847E-03
  3.7315767E-03
 -2.6303115E-03
  3.4597628E-03
 -6.1069704E-03
  5.0204969E-03
 -4.6164701E-03
  4.8353029E-03
 -1.1065862E-03
  2.2466092E-03
 -3.1548534E-03
  3.4142109E-03
 -4.9958043E-03
  3.2277294E-03
