  2.2379372E-03
 -1.7981144E-03
  8.8935494E-03
 -6.3713784E-03
  4.6277232E-03
 -3.1966236E-03
  3.7098383E-03
 -1.5587658E-03
  3.3264491E-03
 -2.0049447E-03
  3.6416489E-03
 -1.2843113E-03
  3.0466069E-03
 -2.4171097E-03
  3.3553997E-03
 -1.2624885E-03
  5.1941844E-03
 -3.2974021E-03
  1.1589347E-02
 -5.5509852E-03
  1.1925272E-02
 -6.4691389E-03
  0.5054684    
  9.1083825E-02
   8.556350    
  0.3260611    
 -1.1155413E-02
  6.8911798E-03
 -9.6887127E-02
  2.8614942E-02
 -3.6859657E-03
  9.4707832E-03
 -2.7572575E-03
  5.5438522E-03
 -4.4645923E-03
  1.1167968E-02
 -1.1406707E-02
  1.2618802E-02
 -2.8917303E-03
  5.4595247E-03
 -3.4789965E-03
  4.7187447E-03
 -3.7701845E-03
  4.0589194E-03
 -6.0972576E-03
 -1.2148160E-03
  1.8772583E-03
