  1.4738485E-03
 -9.1295748E-04
  1.9520005E-03
 -1.3390338E-03
  2.3699268E-03
 -1.0854966E-03
  3.7558305E-03
 -2.0431424E-03
  4.1951700E-03
 -2.7049105E-03
  4.5180065E-03
 -2.9763980E-03
  5.2114232E-03
 -1.9064127E-03
  5.6478987E-03
 -1.2544907E-03
  8.1756432E-03
 -1.7267015E-03
  1.2148246E-02
 -7.7971662E-03
  5.9804570E-02
 -1.1344840E-03
  0.6703240    
  0.6895332    
 -2.6910633E-03
  2.6794534E-02
 -3.6398049E-03
  3.9252969E-03
 -4.9364325E-03
  5.1626759E-03
 -4.1173110E-03
  1.0607023E-02
 -4.2780656E-03
  1.1069028E-02
 -2.7873635E-03
  4.7707749E-03
 -2.4487048E-03
  4.4634491E-03
 -1.3162596E-03
  2.6894924E-03
 -1.2800904E-03
  2.1487274E-03
 -5.3764707E-03
  1.3309201E-02
