  1.5972578E-03
 -1.1512565E-03
  2.5907513E-03
 -1.3668177E-03
  6.1296970E-03
 -4.6463748E-03
  3.2334242E-03
 -1.3856360E-03
  4.4798744E-03
 -1.8355382E-03
  3.6502010E-03
 -2.8154145E-03
  7.4385963E-03
 -4.6150372E-03
  1.4442215E-02
  1.4442215E-02
 -8.7286737E-03
  5.7779495E-03
 -2.3458852E-03
  1.7320776E-02
 -5.4665664E-03
  5.8605332E-02
 -2.8950353E-03
  0.4743097    
  0.8456694    
 -9.1086708E-02
   1.211521    
 -3.5919552E-03
  1.5743431E-02
 -5.8325478E-03
  4.7070179E-02
 -4.1002682E-03
  1.2798265E-02
 -3.5819097E-03
  9.9442815E-03
 -2.5050731E-03
  6.1893980E-03
 -3.4624336E-03
  3.8383056E-03
 -3.6347499E-03
  3.4008988E-03
 -6.7508989E-03
 -2.5635185E-03
  3.4396728E-03
