  2.1915170E-03
 -2.1202692E-03
  4.5395554E-03
 -5.8829272E-03
  6.2086000E-03
 -5.1346077E-03
  5.3299051E-03
 -2.3787180E-03
  5.6167906E-03
 -3.6578090E-03
  5.4127197E-03
 -2.8341508E-03
  7.5972909E-03
 -1.1440273E-03
  0.1189871    
 -4.3863878E-03
  0.4485027    
  0.4390375    
 -3.4071296E-02
  0.1276907    
 -1.4702609E-02
  2.1560336E-02
 -9.3402211E-03
  2.7461987E-02
 -4.3047280E-03
  4.5934059E-03
 -1.1318219E-03
  5.1116901E-03
 -3.4294261E-03
  6.3215289E-03
 -3.1512999E-03
  5.0976630E-03
 -1.4965198E-03
  2.8006493E-03
 -1.2823498E-03
  1.8965281E-03
