  2.1364149E-03
 -1.8293733E-03
  4.0318929E-03
 -3.0082432E-03
  3.4864142E-03
 -3.4077840E-03
  3.6504865E-03
 -4.7147982E-03
  2.9519135E-03
 -1.5314549E-03
  3.9261640E-03
 -3.0788912E-03
  5.9803654E-03
 -3.7536244E-03
  4.5137685E-03
 -2.8734743E-03
  1.1599456E-02
 -4.0864213E-03
  3.3205651E-02
 -1.7125607E-02
  6.2675014E-02
 -2.6600857E-03
  5.4345232E-02
 -1.6353622E-03
  4.2009931E-02
 -3.6784285E-03
  1.1986036E-02
 -2.6733570E-03
  5.2474150E-03
 -2.1049278E-03
  3.8470116E-03
 -1.8490480E-03
  3.4700602E-03
 -3.0445408E-03
  4.4692811E-03
 -1.3537909E-03
  2.9237575E-03
 -9.5105096E-04
  2.0873337E-03
 -8.4762246E-04
  1.8269554E-03
