  1.7357458E-03
 -9.1272022E-04
 -3.7758548E-03
  3.8637028E-03
 -4.0292754E-03
  2.8250352E-03
 -2.1171833E-03
  3.0774714E-03
 -1.6209462E-03
  5.7725185E-03
 -2.5418797E-03
  8.0857612E-03
 -3.4641232E-03
  2.2699814E-02
 -1.4670802E-02
  4.1964311E-02
 -1.2087388E-03
  9.7366169E-02
 -4.9698246E-03
  0.6067934    
  0.6193392    
 -8.6021249E-04
  1.2180887E-02
 -6.1163171E-03
  2.3639372E-02
 -8.4395139E-03
  3.0366465E-02
 -2.6262267E-03
  7.4272193E-03
 -1.3977886E-03
  3.5353606E-03
 -2.9719428E-03
  4.2184857E-03
 -1.0366865E-03
  3.1672302E-03
 -3.3071488E-03
  4.2623687E-03
