  3.6877976E-03
 -1.4429953E-03
  2.9771824E-03
 -2.6034683E-03
  2.3661566E-03
 -1.8473309E-03
  4.6016397E-03
 -2.9711085E-03
  3.6567755E-03
 -2.4009617E-03
  4.1418499E-03
 -1.8011077E-03
  5.7405415E-03
 -4.0303413E-03
  1.2553211E-02
 -1.2204744E-03
  4.9898382E-03
 -1.2515155E-03
   1.111232    
   1.104992    
   1.061312    
 -4.4804788E-03
  6.7272715E-02
 -1.3561890E-03
  4.9931486E-03
 -3.5611445E-03
  8.0758594E-03
 -9.0597216E-03
  1.9014327E-02
 -4.1437568E-03
  8.2986774E-03
 -1.2890637E-02
  1.1706703E-02
 -2.8732226E-03
  4.5480183E-03
 -1.9920901E-03
  3.2286970E-03
 -4.8894156E-03
  6.2821819E-03
 -4.2468216E-03
  5.3088884E-03
 -4.4773929E-03
  5.8536530E-03
 -4.2136451E-03
  2.1574644E-02
 -1.6803041E-03
  1.9929700E-03
 -3.5634120E-03
  2.7307686E-03
