  2.7520410E-03
 -2.1689904E-03
  2.9860646E-03
 -3.2228064E-03
  3.4516584E-03
 -1.9566291E-03
  1.4021731E-02
 -1.5874121E-02
  2.6084685E-03
 -1.0479878E-03
  5.1019406E-03
 -2.6380704E-03
  1.3828517E-02
 -2.8009862E-03
  8.3887670E-03
 -1.9995742E-03
  0.1329463    
 -2.5312858E-02
  0.1157741    
 -1.5859997E-03
  0.2527966    
 -1.9819879E-03
  4.6342602E-03
 -6.0099806E-03
  1.2872852E-02
 -1.2014563E-03
  2.5416943E-03
 -9.5323869E-04
  2.9509373E-03
 -1.4750648E-03
  2.8292013E-03
 -6.6605089E-03
  7.9364926E-03
 -3.0249723E-03
  3.3939790E-03
 -2.0130831E-03
  2.7143434E-03
