  5.5230218E-03
 -8.8136625E-03
  4.3234616E-03
 -3.9877910E-03
  3.5970085E-03
 -3.5164864E-03
  3.7226817E-03
 -3.7078676E-03
  3.5804845E-03
 -2.3841190E-03
  5.5404701E-03
 -4.1752653E-03
  6.3519226E-03
 -3.5774489E-03
  1.9802267E-02
 -4.7324589E-03
  1.4418854E-02
 -3.3629618E-03
  0.6040300    
  0.5811474    
 -1.4384245E-02
  6.7759037E-02
 -9.8625128E-04
  1.5965108E-02
 -3.3929446E-03
  2.9508173E-02
 -2.6034184E-03
  6.1803102E-03
 -4.9936362E-03
  1.5589140E-02
 -3.8814377E-03
  6.1703031E-03
 -9.8015051E-03
  1.4040380E-02
 -3.8492007E-03
  6.2132422E-03
 -1.7875504E-03
  4.4705053E-03
 -5.9626317E-03
  5.2171699E-03
 -1.5401032E-03
  3.0920079E-03
 -1.3913072E-03
  2.8305121E-03
 -4.3895179E-03
  3.6268386E-03
 -2.6068897E-03
  3.4427398E-03
 -3.3243245E-03
  7.9936460E-03
