  3.6650670E-03
 -3.4891972E-03
  3.1389678E-03
 -1.7627984E-03
  4.2129448E-03
 -4.2251544E-03
  3.3198933E-03
 -1.5357815E-03
  4.0046033E-03
 -3.0370886E-03
  7.8826230E-03
 -3.2851417E-03
  1.0599001E-02
 -1.1897383E-03
  9.6881397E-02
 -9.2802121E-04
  1.2332773E-03
 -1.1184094E-03
  0.7739418    
  0.7861615    
 -4.7730529E-03
  1.8306553E-02
 -4.5072953E-03
  3.5082798E-02
 -1.3331901E-03
  1.0351655E-02
 -2.6861622E-03
  8.8411914E-03
 -6.4769951E-03
  6.6097416E-03
 -2.6497350E-03
  4.5119985E-03
 -7.7862879E-03
  1.3718680E-02
 -3.2349476E-03
  3.9307438E-03
 -1.1427111E-03
  2.2580735E-03
 -3.7436716E-03
  1.2081955E-02
 -2.7159892E-03
  3.4088253E-03
 -5.0360304E-03
  4.2456151E-03
 -1.6999532E-03
  2.2723388E-03
