  6.6089560E-03
 -1.4137281E-03
  2.2751689E-03
 -2.3411305E-03
  3.4151762E-03
 -3.5863132E-03
  1.9820654E-03
 -1.1440880E-03
  1.8935174E-02
 -5.0718552E-03
  3.4049018E-03
 -2.8189272E-03
  2.9867040E-03
 -1.2169961E-03
  4.1513508E-03
 -2.7965077E-03
  3.7899914E-03
 -2.2354443E-03
  4.3180240E-03
 -9.4680942E-04
  6.9001475E-03
 -1.3609483E-03
  1.6315248E-02
 -8.3702122E-04
  0.4652166    
 -0.2655386    
  0.4966795    
 -8.9587859E-04
  2.0921228E-02
 -1.8752603E-03
  1.8402206E-02
 -1.7365718E-02
  5.8216220E-03
 -5.2128406E-03
  1.5047648E-02
 -2.6008759E-03
  4.6589011E-03
 -2.5253382E-03
  6.6253818E-03
 -7.6243798E-03
  1.1338126E-02
 -2.9194520E-03
  3.9093336E-03
 -1.0105470E-03
  2.6110217E-03
 -2.6494728E-03
  5.5110874E-03
