  4.3697683E-03
 -4.3325988E-03
  2.6336983E-03
 -1.8905065E-03
  1.5777701E-03
 -6.7924213E-04
  2.3728737E-03
 -1.5011779E-03
  3.2195931E-03
 -1.2370279E-03
  1.5062368E-02
 -9.5180776E-03
  7.1927793E-03
 -5.9660794E-03
  1.7184794E-02
 -1.8737899E-03
  8.2109265E-02
 -2.0217076E-03
  0.7252451    
  0.7224941    
 -2.9811466E-03
  1.0936344E-02
 -1.3657485E-03
  1.6125904E-02
 -7.2272997E-03
  1.6162157E-02
 -1.5427634E-03
  5.1449356E-03
 -1.7687284E-03
  4.4586025E-03
 -1.1061737E-03
  2.6523026E-03
 -2.5201316E-03
  3.5035016E-03
 -2.5942998E-03
  2.6714364E-03
 -4.1976413E-03
  5.3437077E-03
