  6.1339680E-03
 -2.3336862E-03
  3.3753633E-03
 -2.8419695E-03
  4.7374424E-03
 -3.6959937E-03
  4.1919444E-03
 -2.7873293E-03
  1.8718862E-03
 -6.8511936E-04
  6.7592929E-03
 -4.1541853E-03
  2.0058030E-02
 -6.0410667E-03
  7.3812790E-03
 -2.8744324E-03
  9.7395340E-03
 -5.5210488E-03
  4.8274063E-02
 -2.9237638E-03
  2.5912898E-02
 -3.5617079E-03
  2.4278548E-03
 -4.0053865E-03
  1.2534465E-02
 -2.4820196E-03
  1.5622185E-02
 -2.5731211E-03
  1.7366529E-02
 -1.3129375E-03
  6.4759916E-03
 -3.8109168E-03
  4.8233247E-03
 -4.8764921E-03
  6.2200888E-03
 -1.0684223E-02
  8.3462382E-03
 -7.0782664E-04
  1.8664073E-03
