  1.0164137E-02
 -6.7133564E-03
  3.2052512E-03
 -1.6388864E-03
  5.6191953E-03
 -4.4458071E-03
  4.6985461E-03
 -3.0139254E-03
  9.3608303E-03
 -2.3785522E-03
  2.3633023E-03
 -1.3553740E-03
  9.0212217E-03
 -3.6107576E-03
  8.7559726E-03
 -8.3113508E-03
  1.7043924E-02
 -1.3537327E-03
  0.3177781    
 -2.6394848E-03
  4.1501176E-02
 -7.9221707E-03
  2.4488235E-02
 -3.6368477E-03
  7.4797079E-02
 -1.2036827E-03
  9.5638810E-03
 -2.9933292E-03
  4.7333259E-03
 -3.8237276E-03
  4.6238522E-03
 -3.0571041E-03
  3.7952086E-03
 -7.3543005E-03
  4.4418802E-03
 -1.6676479E-03
  2.4897433E-03
