 -5.5568991E-05
  1.9576228E-03
 -9.6088840E-04
  1.0060952E-02
 -6.6842474E-03
  2.2984964E-03
 -9.3267608E-04
  3.3628386E-03
 -1.5774134E-03
  3.5260203E-03
 -2.1165903E-03
  3.8815234E-03
 -2.7065815E-03
  4.6452540E-03
 -2.2096455E-03
  6.5070200E-03
 -8.4445218E-04
  8.3597470E-03
 -1.9007992E-03
  1.6808085E-02
 -2.8191698E-03
  8.6456733E-03
 -3.4572606E-03
  0.9073566    
 -3.9910045E-03
  7.1569853E-03
 -2.8505574E-03
  7.8475401E-03
 -6.6095963E-02
  8.9199573E-02
 -4.7258032E-03
  1.5184964E-02
  1.5184964E-02
 -1.2901681E-03
  5.7223723E-03
 -2.7910557E-03
  4.3814378E-03
 -3.9272201E-03
  6.0970029E-03
 -2.1374836E-03
  2.5823445E-03
