  3.8740952E-03
 -2.8226881E-03
  1.8358073E-03
 -1.6293305E-03
  2.8079757E-03
  2.8079757E-03
 -1.2461848E-03
  1.2171838E-02
 -6.7169890E-03
  4.1839466E-03
 -4.4179349E-03
  9.8111080E-03
 -4.0698429E-03
  4.3336809E-02
  4.3336809E-02
 -3.1536536E-03
  0.3994326    
  0.6727989    
 -0.5229231    
  0.5312409    
  0.5312408    
 -1.9800353E-03
  6.1476575E-03
 -4.2784996E-03
  2.0482099E-02
 -3.9229017E-02
  4.6479695E-02
 -1.1310849E-03
  8.4188897E-03
 -3.2452766E-03
  5.1717469E-03
 -2.0567947E-03
  9.5885312E-03
 -2.2845617E-03
  3.5363121E-03
 -5.3861289E-04
  3.3194567E-03
 -9.2072954E-04
  3.7336119E-03
 -4.2238864E-03
  6.5167286E-03
 -6.2538744E-03
  4.5437263E-03
 -3.9633848E-03
  3.6005196E-03
 -2.4430105E-03
  2.7450626E-03
 -2.1010849E-03
  2.5222157E-03
