  2.1490431E-03
 -1.1176275E-03
  2.2586284E-03
 -2.4361694E-03
  1.0990913E-02
 -4.9834591E-03
  4.0067732E-03
 -3.0690520E-03
  4.8308866E-03
 -1.2312457E-03
  5.6038927E-03
 -1.2840077E-03
  5.7663564E-03
 -3.1458712E-03
  1.4208457E-02
 -4.9533565E-03
  2.8008370E-02
 -2.2676843E-03
  0.5005347    
 -9.0390891E-03
  1.1800328E-02
 -4.8881606E-03
  8.8840686E-02
 -1.4095762E-03
  5.0493190E-03
 -2.8035149E-03
  4.4646868E-03
 -3.1597381E-03
  4.7893799E-03
 -8.8555575E-04
  2.8520736E-03
 -2.4596080E-03
  3.6694065E-03
 -3.1898373E-03
  6.0182018E-03
