  1.8637495E-03
  2.9200767E-03
 -2.7276552E-03
  5.0321510E-03
 -2.3867460E-03
  7.0690671E-03
 -3.4531159E-03
  5.4181810E-03
 -3.0636669E-03
  1.1039419E-02
 -6.0557583E-03
  9.0450142E-03
 -2.9944957E-03
  8.4885918E-03
 -3.2819568E-03
  0.2475523    
  0.2475523    
 -3.2214046E-02
  0.3383992    
  0.3633058    
 -2.9331353E-03
  6.5523102E-03
 -1.1588272E-03
  1.3479458E-02
 -2.8011224E-03
  6.5157413E-03
 -2.9375169E-03
  8.8589741E-03
 -6.8977769E-03
  5.6764260E-03
 -2.8409720E-03
  2.9827419E-03
 -1.7466682E-03
  3.0927937E-03
 -3.9272425E-03
  4.4226218E-03
