  1.8352197E-03
  5.8424231E-03
 -9.4550205E-03
  1.1188071E-03
  2.1503603E-03
 -1.4167442E-03
  2.9396357E-03
 -1.4594223E-03
  2.3945807E-03
 -1.5049196E-03
  4.0049776E-03
 -3.3929865E-03
  4.5791361E-03
  4.5791361E-03
 -2.1069979E-03
  2.9692198E-03
 -1.8602319E-03
  1.7374264E-02
 -8.9185787E-03
  0.5789614    
  0.5529624    
 -1.1630529E-03
  0.1540298    
 -4.4812635E-03
  2.2887029E-02
 -2.0911680E-03
  6.8677878E-03
 -2.2329264E-03
  6.5151090E-03
 -1.6596111E-03
  3.0442330E-03
 -1.5052349E-03
  3.4943155E-03
 -1.6803888E-03
  3.0968483E-03
 -1.0639436E-03
  2.2389016E-03
