  2.4258844E-03
 -1.2980847E-03
  6.8582315E-03
 -8.8430513E-03
  2.2215848E-03
  7.2420430E-03
 -3.7363791E-03
  2.8231086E-03
 -1.2139425E-03
  3.2148361E-03
 -2.1283450E-03
  4.3536122E-03
 -3.1459823E-03
  3.3019753E-03
 -1.5505003E-03
  5.8046984E-03
 -1.3940517E-03
  5.3333314E-03
 -2.9783503E-03
  5.9911283E-03
  2.3589985E-02
 -8.5405214E-03
  1.5499770E-02
 -2.3487478E-03
  6.4614087E-02
 -1.4013393E-03
  8.1973277E-02
 -5.8702468E-03
  1.1416275E-02
 -1.9563301E-03
  2.8808577E-02
 -3.4662453E-03
  1.3186742E-02
 -3.4104516E-03
  1.1070958E-02
 -6.9792680E-03
  3.1831146E-03
 -5.3901402E-03
  1.8620381E-02
 -3.5712323E-03
  6.6158618E-03
 -3.6140261E-03
  3.8895502E-03
 -2.9235571E-03
  3.7864710E-03
 -1.3201640E-03
  3.3306566E-03
 -6.2115612E-03
  2.2361161E-02
