  2.9644577E-03
 -1.5602740E-02
 -1.2586999E-03
  3.8837176E-03
 -3.6680747E-03
  3.1952583E-03
 -2.1248427E-03
  4.6624639E-03
 -4.5538284E-03
  2.6190707E-03
 -1.0789657E-03
  6.1750365E-03
  4.3015233E-03
 -2.1298944E-03
  4.1076937E-03
 -2.7579558E-03
  1.0517369E-02
 -3.0036680E-03
  8.1973318E-03
 -1.0577780E-03
  0.1062564    
  0.1062564    
 -1.7581813E-02
  0.1098315    
 -3.0339954E-03
  1.8098331E-03
 -9.8249351E-04
  8.3085686E-02
 -1.4444049E-02
  8.5788637E-02
 -1.2554097E-03
  9.7474316E-03
 -3.2129295E-03
  8.6374050E-03
 -1.8758194E-03
  4.7967178E-03
 -8.1659079E-04
  2.9614612E-03
 -1.7264365E-03
  3.4341125E-03
