  2.4630667E-03
 -2.0183346E-03
  3.1700209E-03
 -2.9509275E-03
  5.5746096E-03
 -2.6254558E-03
  3.1420633E-03
 -1.6041847E-03
  3.7568442E-03
 -2.9597813E-03
  4.4843946E-03
 -1.7246075E-03
  3.0665165E-02
 -4.4731493E-03
  0.1243303    
 -1.1246012E-02
  0.7100017    
  0.7100017    
 -5.3492067E-03
  6.7379504E-02
 -3.7553555E-03
  1.2942366E-02
 -3.9216587E-03
  1.4832465E-02
 -4.7241729E-03
  1.0498755E-02
 -1.1442508E-02
  2.4384435E-02
 -6.0450784E-03
  9.9859806E-03
 -5.5028913E-03
  1.0435802E-02
 -2.2739221E-03
  4.3910178E-03
 -1.9240958E-03
  2.6605686E-03
 -1.8760033E-03
  3.2318896E-03
 -1.2870700E-03
  2.7653703E-03
