 -1.7549077E-03
  2.4390772E-03
 -1.4934527E-03
  5.1446282E-03
 -3.6465514E-03
  3.1493090E-03
  6.7962590E-04
 -1.5909094E-03
  2.8938688E-03
 -1.3415609E-03
  3.7256796E-03
 -1.5855847E-03
  1.4890782E-02
 -4.5926129E-03
  5.8340454E-03
 -2.6156814E-03
  5.3203437E-02
 -3.9685115E-02
  0.1385715    
 -1.1477466E-03
  0.2325852    
 -2.3339484E-03
  4.0941063E-02
 -1.0890408E-03
  2.4064355E-02
 -3.5877516E-03
  1.1598963E-02
 -3.0874945E-03
  8.5835522E-03
 -1.3007800E-03
  7.9366378E-03
 -1.2282400E-02
 -2.4486771E-03
  5.8711348E-03
 -2.1058237E-03
  3.0396320E-03
 -3.4887127E-03
  4.2901170E-03
 -1.8586372E-03
  2.9822895E-03
 -3.5649133E-03
  3.0934871E-03
