  2.9907348E-03
 -6.9169095E-03
  3.3673882E-03
 -2.1117560E-03
  2.3058273E-03
 -3.0809341E-03
  2.7324893E-03
 -2.3545006E-03
  3.4297188E-03
 -2.5835880E-03
  2.9448410E-03
 -1.3145354E-03
  6.8098921E-03
 -5.6761960E-03
  3.0263022E-03
 -2.6636631E-03
  5.3989985E-03
 -4.1350140E-03
  0.1846001    
 -1.6628709E-02
  0.3896963    
 -7.1414327E-04
  1.7696133E-02
 -2.6880275E-03
  4.9780780E-03
 -4.0863971E-03
  4.2488412E-03
 -2.6742401E-02
  8.9981630E-03
 -3.7866638E-03
  5.0170841E-03
 -1.2524315E-03
  2.5940107E-03
  5.2037649E-06
 -1.3426708E-03
  1.7221947E-03
 -1.1650423E-03
  1.6550043E-03
