  2.1953108E-03
 -1.3403685E-03
  3.1715280E-03
 -2.4661252E-03
  2.9060589E-03
 -2.0080595E-03
  4.7093318E-03
 -1.7892073E-03
  3.9551281E-03
 -2.5377534E-03
  3.3936643E-03
 -1.0278410E-03
  5.4430682E-03
 -1.1619753E-03
  2.6338294E-02
 -1.4532809E-02
  6.6036074E-03
 -1.5233471E-03
  0.6204181    
 -3.8892548E-03
  0.1589414    
 -4.8468672E-03
  1.0616955E-02
 -8.9108953E-03
  1.0463133E-02
 -2.0009477E-02
  2.7027739E-02
 -2.6001413E-03
  5.9117107E-03
 -6.2090331E-03
  7.5463909E-03
 -4.2231395E-03
  8.2517304E-03
 -2.2393600E-03
  3.3599650E-03
 -5.2776332E-03
  1.9648993E-02
 -2.0670197E-03
  3.8816992E-03
 -1.7249634E-03
  2.6003968E-03
 -9.4762078E-04
  1.7619152E-03
 -4.6815118E-03
  6.4316662E-03
 -2.0510827E-03
  1.0926018E-02
