  2.1103744E-03
 -1.7088355E-03
  2.7386998E-03
 -1.8689577E-03
  3.4306608E-03
 -2.9167079E-03
  1.7490436E-03
 -9.7387558E-04
  1.2441056E-02
 -8.1272908E-03
  8.5244188E-03
 -4.7919154E-03
  5.1718918E-03
 -3.2082058E-03
  6.3362317E-03
 -2.7286746E-03
  7.6953424E-03
 -3.4323800E-03
  1.8102426E-02
 -1.0872104E-02
  8.1926379E-03
 -3.3615981E-03
  3.6601044E-02
 -4.7840518E-03
  4.5992497E-02
  4.5992497E-02
 -4.2623421E-03
  0.4138471    
  0.4138471    
 -5.8252569E-03
  5.6939442E-03
 -1.2407911E-03
  3.8041740E-03
 -2.4604485E-03
  4.2086290E-03
 -1.2391529E-03
  6.3403365E-03
 -1.6943403E-03
  4.4840104E-03
 -2.8020842E-03
  4.2258375E-03
 -3.7808104E-03
  5.8605038E-03
 -3.5150109E-03
  4.9089873E-03
 -4.2079957E-03
  5.5938191E-03
 -2.6575590E-03
  2.3217152E-03
