  1.3867003E-03
 -7.9741335E-04
  2.8795341E-03
  3.2438759E-03
 -3.3178080E-03
  4.8168260E-03
 -2.9931916E-03
  7.3138117E-03
 -2.2496174E-03
  6.0166279E-03
 -3.4813711E-03
  3.2841958E-02
 -2.0408163E-02
  1.7426820E-02
 -2.5034533E-03
  0.1491679    
  0.1491679    
 -1.6135564E-03
  0.5008483    
 -3.8433173E-03
  3.8522128E-02
 -4.3901675E-03
  9.9008465E-03
 -1.1862362E-03
  3.9389632E-03
 -1.3280893E-03
  2.3897260E-03
 -2.3049228E-03
 -2.3049228E-03
  3.6503279E-03
 -4.4729928E-03
  6.6050719E-03
 -4.9910373E-03
  4.9844282E-03
 -1.6066829E-03
  3.0585756E-03
 -1.3359792E-03
  3.8375415E-02
