  2.5108855E-03
 -1.9896748E-03
  2.5706950E-03
 -1.3355922E-03
  3.0808181E-03
 -1.6662476E-03
  3.9874846E-03
 -3.1561491E-03
  7.2366493E-03
 -4.2621223E-03
  4.3758806E-03
 -2.6847748E-03
  6.4155078E-03
 -1.2710976E-03
  8.4929829E-03
 -3.5725844E-03
 -9.8378740E-02
  0.2815410    
 -9.5974014E-04
  1.5344459E-03
 -5.8625208E-04
  0.2230089    
  0.2398934    
 -8.7527721E-04
  2.5251593E-02
 -5.0636921E-03
  5.5125430E-03
 -2.8256986E-03
  9.5011657E-03
 -2.9513510E-03
  4.6355464E-03
 -3.8516293E-03
  5.5424413E-03
 -2.9986347E-03
  4.0632905E-03
 -3.6287415E-03
  4.1437275E-03
 -1.8460529E-03
  3.2264462E-03
 -3.4940636E-03
  4.1974932E-03
 -3.0054378E-03
  4.1671563E-03
 -1.3623416E-03
  2.2578633E-03
 -1.8685858E-03
  2.6306156E-03
