  2.6621751E-03
 -2.0404118E-03
  2.0941338E-03
 -9.1285451E-04
  3.5142568E-03
 -1.3353433E-03
  2.1307308E-02
 -1.2846004E-02
  1.0660850E-02
 -5.0957380E-03
  8.8334586E-03
 -3.0319495E-03
  3.2646425E-02
 -2.4925091E-03
  0.2029657    
 -1.8558827E-03
  1.9032449E-03
 -1.2738623E-03
  0.3882878    
 -5.7276059E-03
  9.5121982E-03
 -7.2402542E-04
  2.3421776E-02
 -8.1312275E-03
  2.4176102E-02
 -2.2021423E-03
  5.5026915E-03
 -1.1794646E-03
  3.1968644E-03
 -2.0327251E-03
  3.3965630E-03
 -1.5443141E-03
  2.9379656E-03
 -3.1063671E-03
  4.0940498E-03
 -2.1582885E-02
  6.9186175E-03
 -1.3440269E-03
  2.6538826E-03
 -3.3369234E-03
  2.8454363E-03
