  5.4491488E-03
 -3.2460175E-03
  4.9991487E-03
 -3.4103068E-03
  3.8831693E-03
 -2.0236503E-03
  6.0011223E-03
 -1.8832062E-03
  1.3228307E-02
 -6.4413450E-03
  4.7648572E-03
 -3.0864896E-03
  4.2642546E-03
 -2.7283931E-03
  4.8565557E-03
 -2.0860538E-03
  1.1133672E-02
 -3.9746617E-03
  6.1650584E-03
 -2.9376727E-03
  1.8120605E-02
 -4.5993067E-03
  0.1932326    
 -5.7860870E-02
  0.5716517    
  0.5830190    
 -5.4009575E-03
  1.1897777E-02
 -1.4655596E-03
  3.5835332E-03
 -2.5349702E-03
  3.3872873E-03
 -1.9089323E-03
  3.7713784E-03
 -3.6781542E-03
  6.8194265E-03
 -4.2459234E-03
  3.7878489E-03
 -7.5975212E-04
  1.7965322E-03
 -5.1207813E-03
  8.6561600E-03
