  3.0490526E-03
 -6.0427599E-03
  2.6762022E-03
 -1.6153662E-03
  2.5225761E-03
 -1.6703791E-03
  2.9933816E-03
 -1.2560533E-03
  2.1806257E-03
 -2.2594107E-03
  4.8456681E-03
 -1.8642688E-03
  4.6430589E-03
 -1.3234522E-03
  5.6280284E-03
 -1.2806827E-03
  5.4214675E-02
 -1.5278109E-02
  0.3570942    
 -6.1372304E-03
  1.8273314E-02
 -2.3522559E-03
  7.8537399E-03
 -1.1873518E-03
  2.6934610E-03
 -4.5889136E-03
  1.6792804E-02
 -3.2304111E-03
  8.3014546E-03
 -2.2282426E-03
  7.1402355E-03
 -3.7408511E-03
  1.0203192E-02
 -3.1813916E-03
  5.0152410E-03
 -1.0221913E-03
  3.6642391E-03
 -1.5835323E-03
  3.2904104E-03
 -1.1337542E-03
  2.4377701E-03
 -2.4980239E-03
  3.2323021E-03
 -2.3841648E-03
  3.7784600E-03
 -1.1006339E-03
  1.8928611E-03
 -2.7912403E-03
  6.9598318E-03
 -4.8003448E-03
  3.8690986E-03
 -1.9419943E-03
  2.6305472E-03
 -6.1063785E-03
  3.1342949E-03
