  3.1447383E-03
 -2.0599777E-03
  3.3490567E-03
 -1.5978703E-03
  9.6728560E-03
 -1.1491609E-02
  4.4920258E-03
 -2.8813963E-03
  8.6059999E-03
 -8.4961448E-03
  9.9645304E-03
 -2.8417842E-03
  7.4524363E-03
 -4.3149265E-03
  5.6555211E-03
 -5.0292965E-03
  1.4759297E-02
 -6.6213175E-03
  1.7824855E-02
 -1.5234524E-02
  0.1031667    
 -5.7943622E-03
  5.3555019E-02
 -8.8222630E-02
  0.1091016    
  0.1091016    
 -3.3115793E-03
  3.6156714E-02
 -1.3657819E-03
  7.2639119E-03
 -1.9960098E-03
  1.1307546E-02
 -2.9543501E-03
  5.4484620E-03
 -2.8219200E-03
  4.4748057E-03
 -4.0389858E-03
  4.8602759E-03
 -6.8472545E-03
  2.7597377E-03
