  3.8392092E-03
  3.1479434E-03
 -2.5267822E-03
  2.2525154E-03
 -1.4335483E-03
  3.4430565E-03
 -1.3341480E-03
  3.2248474E-03
 -1.2833093E-03
  1.6543545E-02
 -1.6860061E-03
  7.6886611E-03
 -2.2494777E-03
  3.0980429E-02
 -1.8740762E-02
  5.3064693E-03
 -1.2911075E-03
  0.8459969    
  0.8459969    
 -3.4472395E-03
  0.1269330    
  0.1269330    
 -3.5093103E-03
  7.6266304E-03
 -7.4967511E-02
  0.1017324    
 -1.5421762E-03
  1.3760297E-02
 -1.4672085E-03
  5.4802438E-03
 -4.2227237E-03
  1.0328802E-02
 -2.7010809E-03
  4.1895206E-03
 -1.3183788E-03
  2.3653386E-03
 -3.7659451E-03
  3.2684759E-03
 -1.8520895E-03
  2.8617370E-03
 -1.3025048E-02
  4.0565357E-03
