  2.1016514E-03
 -1.7025296E-03
  2.5536614E-03
 -3.1918930E-03
  5.0608576E-03
 -1.6389192E-03
  4.5890734E-03
 -4.1578016E-03
  3.2438978E-03
 -2.2081495E-03
  4.0817810E-03
 -1.5433320E-03
  4.8384103E-03
 -9.7607373E-04
  2.3833530E-03
 -7.7717059E-04
  5.0690309E-03
 -2.7670702E-03
  6.9281468E-03
 -1.1438383E-03
   1.167864    
   1.269337    
 -1.0176587E-02
  0.1606353    
 -1.2301675E-03
  7.9449285E-03
 -1.0466778E-03
  1.6687818E-02
 -3.0186321E-03
  1.5310475E-02
 -1.1428170E-03
  7.1329246E-03
 -2.4372118E-03
  3.9940556E-03
 -3.6802527E-03
  9.5483419E-03
 -2.0253495E-03
  3.3132522E-03
 -1.2243546E-03
  3.1467306E-03
 -1.3254295E-03
  2.4404724E-03
 -1.1195912E-03
  2.4054949E-03
