  4.1905902E-03
 -3.8010250E-03
  4.1454253E-03
 -4.1647940E-03
  4.8508057E-03
 -3.4513411E-03
  5.5882451E-03
 -3.5946504E-03
  5.4108035E-03
 -2.6769352E-03
  6.0302736E-03
 -1.5641528E-03
  2.6687646E-02
 -2.4916085E-03
  1.9213811E-02
 -3.2227559E-03
  5.5550695E-03
 -1.3215556E-03
  2.7301341E-02
 -1.3692930E-03
  4.2696600E-03
 -4.4856016E-03
  0.7561498    
  0.7558590    
 -0.1107310    
  0.2104506    
 -3.2261368E-03
  4.4173249E-03
 -3.2576970E-03
  6.6956715E-03
 -7.5082943E-02
  2.1856524E-02
 -3.8304359E-03
  2.4490547E-03
 -1.4193726E-03
  5.1591885E-03
 -2.7926276E-03
  3.6551026E-03
 -1.7154691E-03
  3.0680543E-03
 -2.0593624E-03
  3.5438687E-03
 -1.5939770E-02
