  2.5780844E-03
 -2.3011651E-03
  3.7731885E-03
 -5.3664474E-03
  5.3037656E-03
 -2.6416397E-03
  1.1072070E-02
 -7.4526113E-03
  5.5268221E-03
 -9.7063725E-04
  9.7765895E-03
 -1.3936779E-03
  2.0952530E-02
 -7.6739298E-04
  0.3534615    
 -6.3911118E-02
 -6.3911118E-02
  0.1882331    
  0.1882331    
 -0.4431290    
 -0.6385036    
  0.4828623    
  0.4828623    
 -1.0516241E-03
  3.6213142E-03
 -1.9579106E-03
  3.2885044E-03
 -1.9265882E-03
  3.5108533E-03
 -1.2764323E-03
  2.7259127E-03
 -7.5577194E-04
  1.5016416E-03
