  1.6728203E-03
 -9.0026134E-04
  2.9163109E-03
  4.2086919E-03
 -5.9084105E-03
  3.3054715E-03
 -1.1965714E-03
  2.7637873E-03
 -1.1133521E-03
  8.2233185E-03
 -5.2751149E-03
  3.0203906E-03
  3.0203906E-03
 -1.2587825E-03
  6.7259991E-03
 -2.5938433E-03
  7.2918208E-03
 -3.5592660E-03
  1.3988212E-02
 -1.6850004E-02
  0.4845169    
  0.3347020    
 -3.9814031E-03
  1.7904839E-02
 -4.1586920E-03
  9.3903709E-03
 -8.1179636E-03
  9.4690751E-03
 -3.2706119E-03
  9.6840393E-03
 -3.5596001E-03
  9.5603764E-03
 -4.3691085E-03
  1.5530241E-02
 -2.7188596E-03
  4.7858162E-03
 -3.8070930E-03
  5.0210385E-03
 -5.7000197E-03
  6.9491249E-03
 -3.0436832E-03
  4.6407785E-03
 -1.7452050E-03
  2.6267178E-03
 -2.9278013E-03
  3.3822937E-03
 -3.7928910E-03
  6.4724307E-03
 -4.7371825E-03
  4.2201611E-03
 -3.7323260E-03
  3.9361129E-03
 -3.4159236E-03
  3.4070117E-03
