  3.8489585E-03
 -3.9949361E-03
  2.8363147E-03
 -8.4288570E-04
  1.4103589E-02
 -5.6077708E-03
  4.3405429E-03
 -1.9106938E-03
  9.1630546E-03
 -3.0958769E-03
  8.4476769E-03
 -3.2937138E-03
  8.1617767E-03
 -2.9318961E-03
  4.6367678E-03
 -2.2906945E-03
  8.3460681E-02
 -3.2134261E-03
  0.7337551    
  0.7406370    
 -1.1816852E-03
  8.1779338E-02
 -5.6559583E-03
  3.7997963E-03
 -9.1751749E-03
  1.4949750E-02
 -1.2360746E-03
  2.6718110E-03
 -5.4726289E-03
  3.0149570E-02
 -2.7804419E-03
  4.0386859E-03
 -2.0411194E-03
  3.6146471E-03
 -2.8104149E-03
  3.0175801E-03
 -1.6455019E-02
  5.5844062E-03
 -2.2372317E-03
  3.1321892E-03
 -6.6184456E-04
  2.0204198E-03
