  5.0203246E-03
 -2.6516218E-03
  3.3651660E-03
 -2.4131748E-03
  4.1698976E-03
 -3.9628139E-03
  3.6031250E-03
 -2.8440454E-03
  3.9589098E-03
 -1.2704013E-03
  5.8324896E-03
 -2.2489431E-03
  3.4022152E-03
 -1.6746392E-03
  6.2572155E-03
 -1.3225916E-03
  2.9317137E-02
 -8.9024315E-03
  0.1275973    
 -1.1535877E-03
  0.4380434    
 -1.6037839E-02
  8.5757203E-02
  8.5757203E-02
 -7.8171520E-03
  7.1547660E-03
 -7.9824263E-04
  3.0969305E-02
 -2.7845344E-03
  4.2358618E-03
 -8.8885607E-04
  3.8285472E-03
 -1.0777008E-03
  3.3220851E-03
 -2.9316803E-03
  5.5531077E-03
 -5.6337640E-03
  5.1260679E-03
 -5.2220058E-03
  4.7076996E-03
 -2.4110796E-03
  2.8697478E-03
