  2.5558388E-03
 -1.4749900E-03
  2.9377160E-03
 -3.1778296E-03
  1.3211603E-02
 -5.8061574E-03
  3.5305505E-03
 -2.2324347E-03
  4.1108713E-03
 -1.3675176E-03
  4.8393714E-03
 -2.6848030E-03
  9.0118879E-03
 -3.5879593E-03
 -3.5879593E-03
  2.3323648E-02
 -3.1224843E-03
  7.8051011E-03
 -3.0286226E-03
  3.0138480E-02
 -3.8923929E-03
  0.1043826    
 -2.1393949E-03
  6.2350150E-02
 -1.5007016E-02
  6.9569051E-02
  6.9569051E-02
 -5.7309717E-03
  9.8177856E-03
 -2.7545393E-03
  6.1966903E-03
 -2.6352783E-03
  4.0488327E-03
 -2.2801284E-03
  4.1234600E-03
 -3.1434519E-03
  4.0733661E-03
 -1.3325500E-03
  2.3893642E-03
 -4.2366218E-03
  2.7219565E-03
 -1.4900017E-03
  2.8095494E-03
  3.9095641E-04
