  2.9682773E-03
 -2.9103684E-03
  2.7176136E-02
  3.9732242E-03
 -4.9432600E-03
  3.3000442E-03
 -8.9233427E-04
  6.0687908E-03
 -3.4808917E-03
  4.3071709E-03
 -1.7874645E-03
  4.1137752E-03
 -1.1187680E-03
  7.0923059E-03
 -1.1794877E-03
  7.1812239E-03
 -3.4766104E-03
  2.3790486E-02
 -4.4198558E-03
  9.2540920E-02
 -1.0416259E-03
  0.5893547    
  0.5778170    
 -1.6025929E-03
  8.2402878E-02
 -2.1998950E-03
  4.6529591E-02
 -3.1917959E-03
  8.6311763E-03
 -5.3232964E-03
  1.2346647E-02
 -9.2239410E-04
  4.1991780E-03
 -2.7482850E-03
  3.6191505E-03
 -2.6261562E-03
  3.5571379E-03
 -4.0102606E-03
  2.5922344E-03
 -1.2773471E-03
  2.2482092E-03
