  2.0867782E-03
 -2.4954276E-03
  1.5701323E-03
 -7.1145396E-04
  2.8040053E-03
 -1.6670838E-03
  4.2520547E-03
 -3.1933191E-03
  2.6696499E-03
 -1.0782841E-03
  6.3118436E-03
 -1.2569575E-03
  8.7408423E-03
 -2.1142871E-03
  2.7287474E-02
 -7.4300757E-03
  1.0001338E-02
 -3.7456027E-03
  1.2432691E-02
 -4.0205424E-03
  2.9008139E-02
 -3.4302790E-03
  3.4027565E-02
 -3.7107060E-03
  0.4099017    
  0.4874304    
 -1.1170411E-03
  0.1464479    
 -1.4734400E-03
  1.3092767E-02
 -1.7543409E-02
  2.1715388E-02
 -3.2120403E-03
  4.9597803E-03
 -1.1656591E-03
  3.5809015E-03
 -2.7956408E-03
  3.3699237E-03
 -2.9719493E-03
  4.0899385E-03
 -4.8639262E-03
  5.9722490E-03
 -2.0900967E-03
  4.1798712E-03
 -5.2878796E-04
  1.7569424E-03
