  1.2587851E-03
 -7.4917742E-04
  2.6696569E-03
 -2.5812939E-03
  2.0006073E-03
 -1.0893443E-03
  2.3672702E-03
 -9.5320231E-04
  4.0627746E-03
 -3.0412558E-03
  3.6813577E-03
 -2.4346549E-03
  4.3152389E-03
 -2.3883856E-03
  1.2598812E-02
 -5.8775079E-03
  1.0635785E-02
 -1.5686058E-03
  2.1670008E-02
 -7.2301701E-03
  0.1910559    
 -1.2423453E-03
  0.3209842    
 -4.4375015E-03
  0.1391281    
  0.1391281    
 -7.0436825E-03
  3.2812756E-02
 -1.5937402E-03
  6.9107385E-03
 -1.8759406E-03
  3.2077248E-03
 -3.1420148E-03
  3.5172128E-03
 -5.9881117E-03
  8.3805714E-03
