  1.7577860E-03
 -8.4495870E-04
  2.7066451E-03
 -1.6384340E-03
  4.1807913E-03
 -6.1364537E-03
  4.7395383E-03
 -2.7219274E-03
  1.7781819E-03
 -2.0719990E-03
  5.6100809E-03
 -2.6730360E-03
  6.4499904E-03
 -2.1112878E-03
  1.6291592E-02
 -5.4437392E-03
  5.3263720E-02
 -2.6579765E-03
  1.3163222E-02
 -1.3870761E-03
  3.7572294E-02
 -1.8186137E-03
  9.9224202E-02
 -5.5855713E-03
  1.8528780E-02
 -4.5287441E-03
  8.5773058E-03
 -8.9995973E-03
  2.0731393E-02
 -7.9843588E-03
  1.7282190E-02
 -3.4050536E-03
  6.5009375E-03
 -2.0226371E-03
  4.9327156E-03
 -1.1102046E-02
  6.6757118E-03
 -2.9823969E-03
  5.3050052E-03
 -6.1758365E-03
  2.7557178E-03
