  1.0585611E-03
 -4.0561540E-04
  2.9939529E-03
 -1.1580565E-03
  3.7588619E-03
 -2.3579895E-03
  3.3819517E-03
 -3.3773088E-03
  4.4184923E-03
 -3.6396366E-03
  4.1363398E-03
 -3.3665302E-03
  4.0549920E-03
 -1.8667056E-03
  5.1776581E-03
 -2.7359286E-03
  7.6654991E-03
 -3.1487274E-03
  1.4474059E-02
 -4.7154715E-03
  5.5355127E-03
 -1.4982894E-03
  6.2838949E-02
 -9.7170984E-03
  0.6964210    
 -2.8397548E-03
  2.0236854E-02
 -3.6585997E-03
  1.4785882E-02
 -3.6187612E-03
  1.5850535E-02
 -3.6107702E-03
  5.4653739E-03
 -1.3990685E-03
  5.3190454E-03
 -7.8632106E-04
  3.4633218E-03
 -3.1751322E-03
  3.5182147E-03
 -3.6073742E-03
  3.7355495E-03
