  2.0144058E-03
 -1.2649425E-03
  4.6165558E-03
 -4.5579229E-03
  4.4691605E-03
 -3.1365175E-03
  4.2850240E-03
 -3.5322341E-03
  5.3286450E-03
 -3.0029502E-03
  9.3422560E-03
 -4.0431321E-03
  8.4464755E-03
 -1.5696879E-03
  0.8249512    
  0.7906001    
 -6.3575335E-02
  0.1300070    
 -2.6813336E-03
  6.2746606E-03
 -8.2790796E-03
  1.8651415E-02
 -4.5639588E-03
  7.2332821E-03
 -2.0047014E-03
  5.2293986E-03
 -6.0708281E-03
  1.0525991E-02
  1.0525991E-02
 -3.1296322E-03
  4.7952197E-03
 -1.0846274E-03
  2.0147436E-03
 -4.1779717E-03
  3.5345538E-03
 -1.6557891E-03
  3.0064646E-03
 -2.8339822E-03
  3.1964590E-03
 -2.5641636E-03
  3.0900335E-03
 -1.9289783E-03
  2.3379528E-03
