  5.8639063E-03
 -7.9420637E-03
  2.6922633E-03
 -1.9316800E-03
  3.0161969E-03
 -1.1874693E-03
  5.3627850E-03
 -3.3709547E-03
  4.4009602E-03
 -1.1649224E-03
  2.0242054E-02
 -2.9605430E-02
  2.3791462E-03
 -1.4435770E-03
  1.6600806E-02
 -2.1742132E-02
  8.6174430E-03
 -9.0100191E-04
  3.0746365E-02
 -1.1657738E-03
  0.7942112    
  0.7904856    
 -1.4356767E-03
  8.3651580E-03
 -3.5080567E-03
  4.4143640E-02
 -2.3934222E-03
  5.0393296E-03
 -3.1674101E-03
  5.0743874E-03
 -2.5406545E-03
  6.6099088E-03
 -5.5395029E-03
  5.4599829E-03
 -3.2668971E-03
  6.2475451E-03
