  5.3744465E-03
 -4.4586388E-03
  3.4742409E-03
 -5.9191091E-03
  3.0477233E-03
 -1.5408330E-03
  6.3666324E-03
 -4.8423000E-03
  4.2574601E-03
 -1.3061424E-03
  9.8979510E-03
 -3.5976213E-03
  4.7065080E-03
 -3.0210100E-03
  2.5898265E-03
  1.1624747E-02
 -3.9920704E-03
  0.4117411    
  0.3821163    
 -1.8754622E-02
  0.1516644    
 -5.0136787E-03
  8.7907366E-02
 -3.4546275E-03
  9.3053794E-03
 -1.5410140E-02
  3.0298995E-02
 -2.0262983E-03
  7.2946297E-03
 -2.6626415E-03
  4.8988722E-03
 -1.1438574E-03
  3.7053621E-03
 -2.8351652E-03
  3.7996429E-03
 -2.5540874E-03
  3.6404538E-03
 -3.7555997E-03
  4.2250631E-03
 -2.6097684E-03
  2.0740606E-02
 -1.1553102E-03
  2.2681432E-03
 -2.4105334E-03
  8.2285013E-03
