  2.3578024E-03
 -1.7348471E-03
 -1.5686959E-02
  2.7593318E-03
 -2.3534955E-03
  7.9154922E-03
 -1.1722652E-03
  9.1495970E-03
 -3.2979543E-03
  1.4433411E-02
 -3.5609400E-03
  6.8491455E-03
 -5.9264917E-03
  0.2715100    
 -6.4835258E-02
  0.3724314    
 -7.6173956E-04
  5.8406647E-02
 -5.4176236E-03
  1.8060541E-02
 -8.2304719E-04
  7.9154568E-03
 -2.6792185E-03
  7.1255290E-03
 -3.6705865E-03
  4.2260592E-03
 -1.3341715E-03
  3.0314769E-03
 -1.6047824E-03
  4.1736444E-03
 -2.2757603E-03
  2.4954800E-03
 -1.8250655E-03
  4.6815495E-03
 -6.4589316E-04
  1.5386750E-03
