  1.2159391E-03
 -1.1655350E-03
  1.1344595E-02
 -3.2522597E-03
  5.1807445E-03
 -1.0131666E-02
  3.6031313E-03
 -2.8393751E-03
  2.5018232E-03
 -1.6683611E-03
  4.1353093E-03
 -5.7267733E-03
  3.1094488E-03
 -1.6746926E-03
  3.5574306E-03
 -2.6709444E-03
  5.8919420E-03
 -3.5761306E-03
  1.5329743E-02
 -6.3177603E-03
  9.1499649E-03
 -2.0880103E-03
  4.3511748E-02
  4.3511748E-02
 -2.9258816E-02
   1.030755    
  0.7519908    
 -1.6942212E-02
 -1.6942212E-02
  8.2961582E-02
 -3.3403086E-03
  4.3525961E-03
 -3.2911545E-03
  5.2544936E-03
 -5.5607976E-03
  8.0405641E-03
 -3.5934553E-03
  3.9332751E-03
 -5.1171603E-03
  4.9905921E-03
 -1.5072023E-03
  2.2438075E-03
