  1.9369141E-03
 -1.3843572E-03
  2.9017776E-03
 -1.4936890E-03
  6.2402538E-03
 -3.3020591E-03
  4.8671355E-03
 -5.6385379E-03
  3.3294430E-03
 -2.0967559E-03
  5.0271871E-03
 -8.5541303E-04
  8.8500017E-03
 -1.0220958E-03
  3.2849930E-02
 -5.3231376E-03
  0.3721268    
 -1.2415710E-03
  0.2827243    
 -4.0777358E-03
  4.1290903E-03
 -2.3965340E-03
  1.6555883E-02
 -2.8602672E-03
  8.9699943E-03
 -3.7391230E-03
  5.1477756E-03
 -1.9953826E-03
  3.2125395E-03
 -4.9424754E-03
  8.2846889E-03
 -2.0341433E-03
  3.1255602E-03
 -7.6475099E-04
  1.0530923E-03
