  2.4416626E-03
 -1.5166933E-03
  2.2187615E-03
 -8.7976624E-04
  2.6038671E-03
 -1.1279061E-03
  3.7045798E-03
 -4.1612186E-03
  2.7872659E-03
 -1.0848630E-03
  9.7896168E-03
 -6.2487130E-03
  1.2812091E-02
 -3.4587698E-03
  9.0539539E-03
 -5.7842974E-03
  8.7731048E-02
 -9.8785537E-04
  0.7115090    
  0.7331633    
 -2.3863623E-03
  7.3418833E-02
 -2.5255561E-03
  7.9620108E-03
 -9.4977819E-04
  5.9303744E-03
 -2.7930294E-03
  4.4357064E-03
 -1.6167152E-03
  3.2208539E-03
 -1.4922980E-02
 -1.4922980E-02
  8.7513141E-03
 -2.3885581E-03
  2.9654633E-03
 -2.0660677E-03
  3.1133587E-03
 -8.3844567E-04
  1.4851611E-03
