  1.3858058E-03
 -7.6702080E-04
  2.1335955E-03
 -7.1546098E-04
  3.7828553E-03
 -4.2027887E-03
  4.4008382E-03
 -3.6811095E-03
  4.6104412E-03
 -2.3979859E-03
  6.0707247E-03
 -3.2212755E-03
  4.4758329E-03
 -1.8095550E-03
  9.0178456E-03
 -3.2161463E-03
  1.4737418E-02
 -1.3803980E-02
  8.8438876E-03
 -2.6411714E-03
  8.7874178E-03
 -5.4227524E-03
  3.9445490E-02
 -7.2355731E-03
   1.253039    
   1.385656    
 -6.9480913E-04
  9.4945366E-03
 -1.2613448E-03
  2.5952570E-03
 -3.7381402E-03
  4.6637855E-03
 -2.9986061E-03
  3.5883239E-03
