  5.2511608E-03
 -4.2011724E-03
  2.6400411E-03
 -1.9246592E-03
  3.6080254E-03
 -2.3110444E-03
  7.3840450E-03
 -4.4278875E-03
  4.6218485E-03
 -2.5823354E-03
  1.6101857E-03
 -1.1429829E-03
  4.6760165E-03
 -1.2661812E-03
  4.6901857E-03
 -2.0468701E-03
  1.5619935E-02
 -4.1066855E-03
  0.2618884    
  0.2618884    
 -2.4290211E-03
  4.5312364E-02
 -9.8003470E-04
  9.6118644E-02
 -1.8239310E-03
  6.3055907E-03
 -5.5728722E-03
  1.3686362E-02
 -2.8369108E-03
  4.6090395E-03
 -3.1887919E-03
  3.5885721E-03
 -4.6291668E-03
  4.8646727E-03
 -7.7397944E-03
  5.7702656E-03
