  8.3248727E-03
 -6.0971254E-03
  5.5040079E-03
 -3.7285141E-03
  3.3973819E-03
 -2.7509688E-03
  3.4292764E-03
  3.4292764E-03
 -2.5395344E-03
  4.9183727E-03
 -2.9854120E-03
  1.2124531E-02
 -4.6825609E-03
  1.7595617E-02
 -3.9299214E-03
  3.3420637E-02
 -1.4797420E-02
  8.7101676E-02
 -7.3804194E-03
  5.0590385E-02
 -1.1924538E-03
  0.1031946    
 -1.2137957E-03
  3.0610189E-03
 -7.4113747E-03
  1.0155783E-02
 -3.4533986E-03
  5.5472604E-03
 -2.1071197E-03
  3.4958499E-03
 -2.1688885E-03
  3.1497134E-03
 -4.4497894E-03
  1.7843917E-02
 -3.0413733E-03
  2.9105511E-03
 -1.4139721E-03
  2.0419406E-03
 -2.1095036E-03
  4.7017387E-03
