  6.2083886E-03
 -4.5745992E-03
  3.4575709E-03
 -2.9475302E-03
  3.4013898E-03
 -1.6555475E-03
  5.4228799E-03
 -3.9120065E-03
  5.6597879E-03
 -9.1072125E-04
  8.7649096E-03
 -2.3019835E-03
  1.7431976E-02
 -2.3215769E-03
  5.7377789E-02
 -2.4886835E-02
  0.4420164    
 -7.9568744E-02
  0.1221116    
 -4.5151901E-03
  4.5934346E-02
 -1.4638834E-03
  1.3469032E-02
 -1.9259704E-02
  1.6255420E-02
 -2.7785467E-03
  6.0908739E-03
 -3.4258030E-03
  5.2372436E-03
 -2.8106386E-03
  5.9984592E-03
 -2.5498818E-03
  3.8247614E-03
 -9.6783601E-04
  2.8638707E-03
 -1.5666966E-03
  1.7876392E-02
