  2.9564542E-03
 -1.9893567E-03
  2.5762983E-03
 -1.8592152E-03
  4.0161740E-03
 -4.2335568E-03
  2.3229301E-03
 -9.4054762E-04
  3.9457325E-03
 -2.3150190E-03
  4.7950712E-03
 -1.0584340E-03
  2.6607251E-02
 -3.3736646E-02
  0.1071851    
 -0.1009625    
  0.4196990    
 -1.1969315E-03
  0.2913326    
  0.3165103    
 -4.2431741E-03
  1.5664138E-02
 -1.3649712E-03
  9.7825462E-03
 -1.9126868E-02
  2.3498610E-02
 -4.1492912E-03
  6.7146104E-03
 -2.3730262E-03
  4.9169189E-03
 -2.7341333E-03
  4.2124633E-03
 -4.2467555E-03
  5.5132457E-03
 -1.0597907E-03
  2.5045844E-03
 -2.9081178E-03
  3.8150214E-03
 -5.7753096E-03
  1.0017743E-02
 -1.2211424E-03
  1.8681979E-03
