  1.2209702E-03
 -6.8903802E-04
  6.6765114E-03
 -1.9758891E-03
  2.2379188E-03
 -1.6750514E-03
  3.6708314E-03
 -2.8793949E-03
  4.5205718E-03
 -2.9550709E-03
  6.4637358E-03
 -1.0057758E-03
  5.0686467E-03
 -1.0035407E-03
  1.1494027E-02
 -1.3313917E-02
  0.2411362    
 -1.6027328E-02
  0.4171292    
 -4.2195744E-03
  2.2056725E-02
 -3.3148357E-03
  9.4248885E-03
 -5.7240920E-03
  9.4458293E-03
 -2.2930722E-03
  4.2294241E-03
 -1.3466906E-03
  3.5344318E-03
 -5.2091251E-03
  5.7316297E-03
 -2.6983032E-03
  4.2003817E-03
 -1.0976830E-03
  2.3050329E-03
