 -1.5793368E-04
  2.7589134E-03
 -1.4826623E-03
  2.8193744E-03
 -1.5849933E-03
  2.4995897E-03
 -1.4354971E-03
  3.0922589E-03
 -1.3770354E-03
  7.7413041E-03
 -1.7671884E-03
  1.6457803E-03
 -1.1430696E-03
  0.6289409    
 -1.1261255E-02
  9.7613640E-02
 -1.0320989E-03
  1.9321712E-02
 -2.7184607E-02
  6.2904820E-02
 -3.3145379E-03
  9.9052759E-03
 -1.1735010E-03
  2.4552438E-03
 -1.0550708E-03
  3.2735416E-03
 -2.0190966E-03
  2.8972698E-03
 -4.2435969E-03
  4.1590268E-03
 -5.2043227E-03
  4.0535480E-03
 -1.2958605E-03
  1.9411314E-03
