  2.8801765E-03
 -2.7645193E-03
  3.9402647E-03
 -4.6356078E-03
  3.4372762E-03
 -2.8126054E-03
  3.0483084E-03
 -1.2880276E-03
  3.2051876E-03
 -2.1473065E-03
  1.1692268E-02
 -1.6138755E-02
  7.3652770E-03
 -2.1223922E-03
  2.0894762E-02
 -7.0277178E-03
  4.4882014E-02
 -3.7194400E-03
  0.6964574    
  0.7296045    
 -1.7085390E-03
  1.4142719E-02
 -3.1172088E-03
  8.1237722E-03
 -2.6316887E-03
  1.1272505E-02
 -2.8449679E-03
  5.5659455E-03
 -1.8628275E-03
  5.9300954E-03
 -3.7884498E-03
  4.0524886E-03
 -1.9938189E-03
  3.9607827E-03
 -1.5695399E-03
  3.6638442E-03
 -1.8467220E-03
  2.8705050E-03
 -1.1490925E-03
  2.0988809E-03
