  3.3148571E-03
 -2.4525477E-03
  3.1336877E-03
 -9.6474664E-04
  5.5212872E-03
 -5.0268308E-03
  3.3580300E-03
 -1.4273076E-03
  9.7762626E-03
 -4.5549273E-03
  6.9006970E-03
 -2.3267043E-03
  1.0079035E-02
 -4.8375935E-03
  8.4174186E-02
  8.4174186E-02
 -4.5124944E-03
  0.2445428    
 -0.3134674    
  0.1396915    
 -0.2558231    
 -0.2558231    
  0.2609305    
 -2.2841364E-03
  1.3011333E-02
 -1.6554758E-03
  7.8357738E-03
 -1.4336164E-03
  2.2822095E-03
 -3.5897610E-03
  8.4799444E-03
 -2.7357405E-03
  4.6545137E-03
 -4.0163831E-03
  6.2708738E-03
 -3.1729948E-03
  3.6987730E-03
 -2.3893802E-03
  2.7711166E-03
 -1.1949913E-03
  1.4848417E-03
 -2.1676645E-03
