  2.0706044E-03
 -1.3004125E-03
  2.3813192E-03
 -1.9823601E-03
  2.2562619E-03
 -1.0249014E-03
  4.5701135E-03
  6.0699978E-03
 -3.5450007E-03
  2.7773445E-03
 -1.1541182E-03
  2.8032570E-03
 -1.3660856E-03
  5.4211966E-03
 -2.6187650E-03
  5.1174858E-03
 -3.2249962E-03
  1.6985562E-02
 -1.0687122E-02
  1.6379938E-02
 -7.9275370E-03
  0.6533998    
 -3.2196447E-02
  9.2397928E-02
 -1.6418545E-02
  4.9237277E-02
 -1.2151382E-03
  4.8638037E-03
 -5.6918692E-03
  3.4193601E-02
 -2.2103430E-03
  9.8459935E-03
 -3.6780748E-03
  1.0841880E-02
 -3.5545002E-03
  5.9446320E-03
 -1.9654171E-03
  3.6938472E-03
 -1.3012729E-03
  6.1842422E-03
 -2.9271632E-03
  3.9826380E-03
 -1.6439644E-03
  2.2176658E-03
 -8.7071126E-03
  5.7081934E-03
 -7.0840342E-04
  1.4285924E-03
