  1.5921110E-02
 -4.4105565E-03
  4.6530258E-02
  4.4070068E-03
 -1.0783005E-03
  7.0220795E-03
 -3.3122997E-03
  1.3577616E-02
 -4.0559755E-03
  1.0953966E-02
 -9.3238009E-04
  4.2705145E-02
 -1.8315663E-03
  0.1536571    
 -4.7083434E-02
  2.0078972E-02
 -1.5432400E-03
  5.8042690E-02
 -3.0870431E-03
  4.2189829E-02
 -3.1829809E-03
  2.0271733E-02
 -4.0939162E-03
  1.1800115E-02
 -1.3229478E-03
  9.5057692E-03
 -2.7333926E-03
  3.9716619E-03
 -6.8377093E-03
  5.1071616E-03
 -2.3098360E-03
  2.8597352E-03
 -1.1947877E-03
  2.5280134E-03
 -2.4853796E-03
  2.4523069E-03
