  3.3491345E-03
 -1.8995686E-03
  3.1257786E-03
 -1.2713600E-03
  6.2112790E-03
 -4.2569777E-03
  4.6415804E-03
 -2.6927418E-03
  4.8099700E-03
 -2.9326037E-03
  4.4722515E-03
 -6.3649528E-03
  3.1771395E-02
 -2.4427043E-02
  1.5429915E-02
 -1.4359646E-03
  0.4312997    
 -1.9357873E-02
  0.2351422    
 -1.7051505E-03
  8.8134306E-03
 -1.5472602E-02
  1.5578557E-02
 -3.1397461E-03
  5.2587218E-03
 -1.0555520E-03
  5.0232555E-03
 -3.3754830E-03
  9.2750257E-03
 -2.5983022E-03
  4.0482902E-03
 -1.3996863E-02
  8.5133975E-03
 -2.4629920E-03
  2.9276256E-03
 -3.7911707E-03
  5.0304178E-03
 -1.1968614E-03
  1.6221217E-03
