  1.6063403E-03
 -2.0820752E-03
  3.3372524E-03
 -2.6751449E-03
  2.6607588E-03
 -1.2841397E-03
  3.3806660E-03
 -2.4726894E-03
  4.6132295E-03
 -2.8339352E-03
  6.5795863E-03
 -3.7364929E-03
  2.0433540E-02
 -2.0981510E-03
  1.2860646E-02
 -2.7752218E-03
  2.0687653E-02
 -1.8770718E-03
  1.0901880E-02
 -3.1535223E-03
  0.8040214    
   1.069801    
 -1.0871440E-02
  4.1868761E-02
 -2.2352857E-03
  1.3249168E-02
 -1.1449413E-03
  3.3351816E-03
 -1.3367687E-03
  3.4680211E-03
 -2.2504306E-03
  3.4171918E-03
 -3.4288259E-03
  5.3286850E-03
 -2.8112635E-03
  4.1254745E-03
 -1.4098459E-03
  1.6465229E-03
