  2.6090925E-03
 -1.6629854E-02
  4.3945643E-03
 -2.7278261E-03
  4.2147809E-03
 -2.6010775E-03
  4.1434634E-03
 -4.6995110E-03
  4.7586909E-03
  4.7586909E-03
 -3.9196173E-03
  1.3696843E-02
 -1.6845545E-02
  3.6517980E-03
 -3.5812019E-03
  9.3961656E-03
 -2.5733800E-03
  2.8410755E-02
 -4.0925988E-03
  1.6840460E-02
 -3.0796437E-03
  0.1538982    
 -4.0663444E-03
  0.6637158    
  0.6372122    
 -2.3493161E-03
  1.0533842E-02
 -2.2973367E-03
  6.0698674E-03
 -1.3649293E-03
  1.5764821E-02
 -2.7189516E-03
  9.2011550E-03
 -9.4538112E-04
  3.3445018E-03
 -3.9055387E-03
  5.0906949E-03
 -3.6650095E-03
  4.4418825E-03
 -4.1957153E-03
  4.2355508E-03
 -2.8402274E-03
  3.2033760E-03
 -1.8170261E-03
  2.7349696E-03
