  1.7853010E-03
 -9.5175335E-04
  2.0949645E-03
 -7.6461275E-04
  3.2827691E-03
 -3.0752968E-03
  3.2279515E-03
 -2.1330910E-03
  5.7849041E-03
 -4.4176565E-03
  6.0325470E-03
 -2.6134900E-03
  1.1504002E-02
 -3.7187345E-02
  4.0187888E-02
 -1.2258922E-02
  0.1278512    
 -3.0027828E-03
  1.5367905E-02
 -3.2871692E-03
  1.8327605E-02
 -3.7000633E-03
  4.1879914E-03
 -5.6367796E-03
  9.9133793E-03
 -3.6837019E-03
  1.9220404E-02
 -2.2613218E-03
  1.6685067E-02
 -9.7435282E-04
  3.9792852E-03
 -3.8317975E-03
  5.0935233E-03
 -3.4622811E-03
  4.2487551E-03
 -2.6551436E-03
  3.3026410E-03
 -3.8717904E-03
  5.0373790E-03
