  1.6738178E-03
 -1.4899953E-03
  2.0665789E-03
 -1.4402483E-03
  3.5956649E-03
 -2.9704515E-03
  2.3981303E-03
 -1.7832684E-03
  3.6599038E-03
 -3.4040064E-03
  5.7164351E-03
 -2.6959111E-03
  5.7908027E-03
 -4.4152727E-03
  3.4960590E-03
 -2.8686710E-03
  5.2590696E-03
 -3.2910064E-03
  7.8955833E-03
 -6.4211194E-03
  1.1545500E-02
 -1.5030989E-03
  8.8204714E-03
 -4.6609011E-03
  2.8660592E-02
 -2.8227195E-03
  4.0482469E-03
 -2.7210722E-03
  2.6228501E-02
 -9.3473727E-03
  4.0976102E-03
 -1.4919556E-03
  0.6320632    
  0.6124402    
 -1.1521573E-03
  3.5690945E-02
 -8.3129192E-03
  2.3326738E-02
 -2.4179928E-03
  6.4191069E-03
 -5.1848758E-03
  8.9331772E-03
 -3.1686279E-03
  5.1323180E-03
 -1.8760136E-03
  2.9166706E-03
 -1.6644966E-03
  2.6878978E-03
 -1.8085219E-03
  3.2034474E-03
