  4.3500704E-03
 -1.0080501E-02
  2.3757075E-03
 -1.5021760E-03
  2.8679185E-03
 -1.9442638E-03
  6.2830080E-03
  8.1124650E-03
 -7.9526259E-03
  7.2450568E-03
 -2.2169251E-03
  8.7721553E-03
 -1.5590932E-03
  2.9953564E-02
 -1.1293354E-03
  3.3992264E-02
 -8.2828458E-03
   2.886031    
   2.757872    
   1.860761    
 -3.1432447E-03
  4.8947278E-03
 -3.6883885E-03
  5.3750002E-03
 -1.1192277E-03
  2.8282313E-03
 -1.2554351E-03
  2.8095476E-03
 -2.8281338E-03
  3.8407682E-03
 -3.7607998E-03
  2.5283310E-03
