  2.9454795E-03
 -1.3883371E-03
  2.7199790E-03
 -2.3718828E-03
  6.5982998E-03
 -6.7977645E-03
  2.5827116E-03
 -9.9318579E-04
  4.9812803E-03
 -3.4974709E-03
  5.9914445E-03
 -1.1292999E-03
  5.9734271E-03
 -1.4571425E-03
  0.1154445    
 -3.1401699E-03
  1.9220300E-02
 -2.7709038E-03
  0.6052855    
  0.6185676    
 -4.6759057E-03
  4.0492013E-02
 -1.9283897E-03
  4.7919359E-02
 -3.2295147E-03
  1.1966348E-02
 -1.4167471E-03
  1.6398135E-03
 -2.0198594E-03
  5.3599165E-03
 -2.5130115E-03
  4.3501602E-03
 -3.7746979E-03
  5.4077571E-03
 -1.9436955E-03
  3.2280474E-03
 -3.2668971E-03
  4.5320876E-03
 -1.0582011E-03
  1.4905782E-03
 -8.5230457E-04
  1.4940625E-03
