  2.0851733E-03
 -1.0757676E-03
  3.6500483E-03
 -1.7843327E-03
  2.2579704E-03
 -1.6704417E-03
  3.9501297E-03
 -2.6968110E-03
  2.1131246E-03
 -7.4375980E-04
  6.1442503E-03
 -4.4634780E-03
  3.5376707E-03
 -1.6027729E-03
  8.7841386E-03
 -3.5875854E-03
  1.2564037E-02
 -1.8392142E-03
  0.3930148    
 -6.5561704E-02
  0.2534850    
 -4.1024159E-03
  3.4963840E-03
 -1.6547730E-03
  1.0607469E-02
 -1.7356527E-03
  7.3710526E-03
 -2.0222326E-03
  4.7692303E-03
 -1.2556667E-03
  3.3930878E-03
 -1.1103846E-03
  2.5734503E-03
 -2.2391938E-03
  4.5180516E-03
 -1.3148906E-03
  2.4769576E-03
