  1.3106784E-03
 -7.4785930E-04
  4.5431983E-03
 -3.5589971E-03
  2.1641774E-03
 -1.3392027E-03
  5.4289498E-03
 -5.8788196E-03
  1.4393899E-02
 -3.6173104E-03
  4.4642747E-03
 -3.7070254E-03
  7.4592549E-03
 -2.8679857E-03
  4.8189638E-03
 -2.9522083E-03
  1.5995814E-02
 -7.0717502E-03
  3.0427177E-02
 -1.8729699E-03
  1.5709819E-02
 -2.8394952E-03
  9.8803071E-03
 -3.1253647E-03
  0.3647135    
  0.3798307    
 -1.8179752E-03
  6.6455744E-02
 -3.4552338E-03
  1.4968270E-02
 -1.7851400E-03
  7.5134318E-03
 -6.3853138E-03
  1.1401659E-02
 -1.0555569E-03
  3.8985722E-03
 -2.3676341E-03
  3.5618730E-03
 -1.0673616E-03
  2.4436465E-03
 -6.3350559E-03
  5.5122520E-03
 -2.4813053E-03
  1.9433395E-03
