  1.5814702E-03
 -1.4589815E-03
  2.3558643E-03
 -2.3178933E-03
  2.6302508E-03
 -1.8195257E-03
  1.7268965E-03
 -7.2267692E-04
  8.5331341E-03
  3.0986238E-03
 -2.9344170E-03
  3.9404705E-03
 -3.6537596E-03
  3.9066467E-03
 -2.3717689E-03
  5.0358446E-03
 -2.9503370E-03
  6.9783139E-03
 -9.7562041E-04
  4.8230761E-03
 -1.7848008E-03
  1.6278611E-02
 -7.9637747E-03
  0.1700149    
 -1.8469685E-03
  0.1525915    
 -3.7069548E-02
  0.1694085    
 -5.3355074E-03
  1.7118862E-02
 -4.2341170E-03
  6.9336188E-03
 -7.7852898E-04
  3.5459287E-03
 -1.2697617E-03
  2.3080325E-03
 -1.5236870E-03
  3.4521541E-03
 -1.7933418E-03
  2.5110026E-03
 -1.7785605E-03
  1.8082655E-03
 -1.3634417E-03
  7.9949712E-03
