  5.4106554E-03
  4.3205167E-03
 -5.6099906E-03
  4.0657297E-03
 -3.2371001E-03
  4.3544103E-03
 -2.8324733E-03
  4.1668150E-03
 -9.4535499E-04
  1.0112968E-02
 -1.8915866E-03
   1.432030    
   1.692649    
 -2.4537847E-03
  5.8255464E-02
 -4.3092472E-03
  1.7213337E-02
 -1.0944093E-03
  7.6329508E-03
 -5.3452317E-02
  1.5521913E-02
 -2.9570719E-03
  4.5242282E-03
 -3.1445238E-03
  4.2919815E-03
 -1.1097853E-03
  2.6791168E-03
 -3.0723924E-03
  6.0573346E-03
 -1.2792365E-03
  2.5507419E-03
 -1.4948829E-03
  2.3451999E-03
