  4.2164233E-03
 -2.8829314E-03
  9.7050108E-03
 -1.0865039E-02
  2.0100661E-03
 -1.2987506E-03
  7.3455172E-03
 -3.5385478E-03
  4.5206593E-03
 -3.9219400E-03
  1.3519981E-02
 -5.2156416E-03
  3.1332807E-03
 -2.3577113E-03
  3.9139763E-03
 -2.4217553E-03
  1.4956110E-02
 -7.5272671E-03
  2.8680662E-02
  2.8680662E-02
 -1.1602197E-03
  1.6445175E-02
 -3.4863015E-03
  1.0610602E-02
 -3.0505629E-03
  0.1768271    
 -3.5690758E-03
  0.1320353    
 -3.4339111E-03
  8.2931789E-03
 -2.1640447E-03
  8.2547907E-03
 -4.3762131E-03
  1.0457583E-02
 -1.1497207E-03
  3.1139562E-03
 -2.8951948E-03
  3.7924328E-03
 -2.2668657E-03
  6.0649537E-03
 -4.2812699E-03
  4.7684698E-03
 -3.4770265E-03
  4.0931269E-03
 -2.4216969E-03
  2.3151333E-03
 -7.6603069E-04
  1.2316686E-03
