  3.6868150E-03
 -3.1800133E-03
  4.1801529E-03
 -2.5789975E-03
  1.4884235E-02
 -6.7218393E-03
  4.8802402E-03
 -3.2557521E-03
  1.5516297E-02
 -1.9710141E-03
  1.2900192E-02
 -3.0968953E-03
  2.1363931E-02
 -3.6479675E-03
  0.2793278    
  0.2980752    
 -0.1599453    
  0.7068161    
  0.6845778    
 -2.6030215E-03
  3.4062013E-02
 -5.7334825E-03
  3.5005480E-03
 -1.9562705E-03
  6.2314691E-03
 -3.4157755E-03
  5.4610963E-03
 -5.6334534E-03
  6.7274757E-03
 -1.9001705E-03
  4.7113658E-03
 -3.9275321E-03
  4.9224067E-03
 -3.6144089E-03
  5.6663807E-03
 -2.1583885E-03
  2.6388071E-03
 -2.5065294E-03
  5.3840471E-03
