  1.7833760E-03
 -1.9456398E-03
 -3.6707968E-03
  4.7143614E-03
 -2.5416745E-03
  2.9209771E-03
 -2.0916283E-03
  2.9670473E-03
 -1.4483785E-03
  2.3185171E-03
 -1.4181961E-03
  6.0094316E-03
 -4.4760969E-03
  3.6465626E-03
 -2.9570954E-03
  3.8281053E-03
 -1.4621121E-03
  2.9722944E-02
 -7.9408623E-03
  5.1598856E-03
 -1.8817926E-03
  1.4352352E-02
 -3.2653527E-03
  0.2050255    
 -9.9942752E-04
  0.1927385    
 -2.7092330E-03
  4.2003363E-02
 -3.3252579E-03
  1.3358403E-02
 -1.7241800E-03
  3.8635492E-02
 -3.3281278E-03
  9.1114948E-03
 -3.0529571E-03
  4.4803671E-03
 -2.6908421E-03
  3.8565323E-03
 -3.2574353E-03
  7.1106912E-03
 -2.9294535E-03
  3.1365510E-03
 -1.2732138E-03
  6.9623981E-03
 -3.2449963E-03
  5.2581178E-03
