  1.6985404E-03
 -8.9078484E-04
  3.1661785E-03
  3.6590328E-03
 -1.8059796E-03
  2.5637150E-03
 -1.8383038E-03
  3.6393262E-03
 -2.1674032E-03
  6.3228440E-03
 -2.6879637E-02
  3.4525825E-03
 -1.3593775E-03
  4.1048303E-03
 -3.1437466E-03
  5.0956714E-03
 -3.0932094E-03
  1.3100639E-02
 -9.7361887E-03
  6.9485498E-03
 -7.0662843E-03
  4.2490840E-02
 -6.3594580E-03
  6.5515563E-02
 -1.2414475E-03
  0.4442697    
 -3.4423782E-03
  8.8291086E-02
  8.8291086E-02
 -3.8575963E-03
  1.2350452E-02
 -5.9218481E-03
  7.2677075E-03
 -1.5290314E-03
  5.4946234E-03
 -6.1298097E-03
  1.1329909E-02
 -4.3580127E-03
  4.9368553E-03
 -5.2426453E-03
  1.0367429E-02
 -1.2542371E-03
  3.2587114E-03
 -1.3448424E-03
  2.6214435E-03
 -1.3341515E-03
  2.5296381E-03
