  2.8614921E-03
 -4.9520810E-03
  1.4254646E-03
 -9.1964554E-04
  3.1276927E-03
 -3.2491123E-03
  4.8766406E-03
 -4.1207247E-03
  3.5677080E-03
 -1.6452046E-03
  3.6124550E-03
 -1.4305207E-03
  6.7683179E-03
 -2.3424989E-03
  4.7750250E-03
 -8.8551445E-03
  6.1139232E-03
 -2.4735583E-03
  1.1734641E-02
 -4.4542560E-03
  0.8101256    
  0.7646428    
 -4.8066545E-03
  9.4427709E-03
 -1.6227694E-03
  9.7486470E-03
 -1.4322029E-03
  3.6522318E-03
 -1.3824097E-03
  4.0978282E-03
 -6.4702476E-03
  1.4755920E-02
 -2.5463325E-03
  3.6646749E-03
 -3.1538503E-03
  4.7268625E-03
 -3.6344118E-02
  6.7601185E-03
 -3.4150409E-03
  3.7092664E-03
 -1.6730474E-03
  4.2220862E-03
 -3.5038732E-03
  2.6376389E-03
