  3.9894478E-03
 -5.7741050E-03
  1.7770384E-03
 -8.7981421E-04
  4.2568180E-03
 -2.9043837E-03
  6.3589052E-03
 -5.4319715E-03
  3.2215980E-03
 -1.1467177E-03
  4.9518733E-03
 -2.6498069E-03
  3.0000966E-02
  1.1328757E-02
 -3.9417627E-03
  9.6864896E-03
 -3.0587250E-02
  0.8741335    
  0.9633680    
 -1.3373025E-03
  1.8670246E-02
 -2.7362320E-03
  2.1575354E-02
 -3.3582882E-03
  1.5006301E-02
 -3.0100627E-03
  6.9931317E-03
 -4.9476428E-03
  1.1448312E-02
 -1.0845413E-03
  3.6528588E-03
 -3.6128722E-03
  4.3515260E-03
 -1.1301923E-03
  2.8622656E-03
 -2.6952156E-03
  3.7125736E-03
 -1.6798740E-03
  2.9017460E-03
 -1.5502878E-03
  2.0929300E-03
 -1.3419688E-03
  3.1744137E-03
