  1.8150578E-03
 -6.6330179E-04
  2.7796184E-03
 -9.3424437E-04
  4.5168349E-03
 -2.9240141E-03
  4.5900373E-03
 -2.8461898E-03
  4.5162560E-03
 -3.0491049E-03
  6.0031670E-03
 -3.9590565E-03
  4.8983027E-03
 -2.3933006E-03
  1.4080198E-02
 -6.2383199E-03
  1.0480381E-02
 -3.3578256E-03
  2.1880342E-02
 -2.9150764E-03
  0.3789944    
 -8.2189582E-02
  0.1327102    
 -3.0732292E-03
  8.2704201E-03
 -8.7606171E-03
  7.3360324E-02
 -6.9382568E-03
  4.4965036E-03
 -2.2093344E-03
  4.9350942E-03
 -4.6789795E-03
  5.7329889E-03
 -3.5311987E-03
  4.5083542E-03
 -3.5023603E-03
  3.8984295E-03
 -2.3084222E-03
  4.8821364E-03
