  3.2200878E-03
 -2.3001891E-03
  3.9071701E-03
 -3.7390548E-03
  4.8486367E-03
 -2.6439726E-03
  2.5611541E-03
 -1.3239434E-03
  6.1612232E-03
 -4.0509012E-03
  4.3145115E-03
 -3.2669755E-03
  5.5202972E-03
 -3.4971603E-03
  7.0841033E-03
 -1.1202637E-03
  9.3478039E-03
 -3.4516000E-03
  4.8160188E-02
 -5.1909275E-03
  0.6999601    
  0.6910747    
 -2.4905678E-02
  0.1382324    
 -4.3861852E-03
  2.3559185E-02
 -2.7027240E-03
  1.3735056E-02
 -1.5328671E-03
  1.1702949E-02
 -3.9105425E-03
  9.0546804E-03
 -3.3881313E-03
  5.3283949E-03
 -1.4047207E-03
  3.9423811E-03
 -2.5698168E-03
  3.8958506E-03
 -1.8936417E-03
  5.0286888E-03
 -1.7389746E-03
  3.1129392E-03
 -1.2784586E-03
  2.2092180E-03
 -1.2681170E-03
  3.0706108E-03
 -2.3227553E-03
  3.4123231E-03
