  1.5605979E-03
 -1.0854736E-03
  3.7081256E-03
 -3.5508426E-03
  3.6429644E-03
 -1.9532926E-03
  3.2073015E-03
 -9.7784004E-04
  1.0298030E-02
 -4.3186706E-02
  4.9071009E-03
 -1.1925009E-03
  2.7269798E-03
 -2.6406965E-03
  5.0825668E-03
 -2.6256007E-03
  1.2877769E-02
 -3.7939698E-03
  2.9693423E-02
 -3.2469591E-03
  9.3237653E-02
 -2.9218658E-03
  0.5154691    
 -5.5696745E-03
  0.1550988    
 -3.3089574E-03
  1.9861994E-02
 -6.0802731E-03
  1.5075728E-02
 -3.5007170E-03
  1.5915141E-02
 -7.2627333E-03
  5.4303189E-03
 -1.3459162E-03
  3.5059729E-03
 -8.2855606E-03
  9.1786291E-03
 -1.3900022E-03
  2.3930355E-03
 -1.1193557E-03
  2.2908931E-03
 -4.0662712E-03
  4.4216067E-03
 -2.6765326E-03
  2.2314442E-03
 -8.6524989E-05
