  2.1636172E-03
 -1.1259081E-03
  1.7922465E-03
 -1.1406535E-03
  2.1510012E-03
 -1.1344588E-03
  3.0758907E-03
 -2.4447150E-03
  3.1334204E-03
 -2.6484996E-03
  2.3138681E-03
 -8.8999985E-04
  4.8748786E-03
 -2.3161448E-03
  5.9342729E-03
 -3.7886952E-03
  8.9338105E-03
 -2.9497547E-03
  1.8806718E-02
 -1.3815714E-03
  0.8590417    
 -5.5500600E-02
  0.1655953    
 -3.6069513E-03
  1.7303480E-02
 -4.4891606E-03
  2.1106657E-02
 -2.6651241E-03
  6.4405454E-03
 -4.6175211E-03
  1.1790171E-02
 -2.7299968E-03
  4.3123770E-03
 -2.4507311E-03
  3.7897881E-03
 -2.1031813E-03
  3.0407151E-03
 -2.4225463E-03
  2.6612012E-03
 -7.7286516E-03
  9.4757341E-03
