  2.8590064E-03
 -2.2142336E-03
  2.9217501E-03
 -3.2496487E-03
  5.0737746E-03
 -3.8528650E-03
  2.7765746E-03
 -1.2729795E-03
  5.1998091E-03
 -3.9534620E-03
  4.2026872E-03
 -3.0586245E-03
  1.1967580E-02
 -2.0538124E-03
  6.1109448E-03
 -1.2375071E-03
  8.8524641E-03
 -4.0117884E-03
  0.1002233    
 -1.1107887E-02
  0.6789888    
 -1.3607177E-03
  5.3009614E-02
 -2.6468292E-03
  9.4817616E-03
 -1.3383640E-03
  5.9293485E-03
 -3.1233581E-03
  4.8066713E-03
 -1.8687258E-03
  3.5498296E-03
 -1.5291695E-03
  3.5401720E-03
 -2.6463519E-03
  2.9814688E-03
 -7.9762582E-03
  8.3524082E-03
 -8.9732429E-04
  1.8744541E-03
 -7.1749958E-04
  1.8160822E-03
