  1.3805218E-03
 -1.0473320E-03
  5.1421947E-03
 -7.8571588E-03
  3.3842428E-03
 -2.4257125E-03
  3.8905782E-03
 -2.8563559E-03
  3.4143177E-03
 -3.0413801E-03
  3.8614443E-03
 -2.6200684E-03
  3.7246579E-03
 -1.4260249E-03
  3.9508883E-03
 -1.1668119E-03
  3.6192364E-03
 -1.1436804E-03
  6.2674433E-03
 -5.7473296E-04
  6.0493726E-02
 -2.3609102E-03
  0.6520476    
 -1.3529632E-03
  5.2707773E-02
 -1.2087766E-02
  8.1292260E-03
 -4.1113682E-03
  9.2804767E-03
 -4.5130462E-03
  1.1409423E-02
 -9.7791106E-04
  2.3593609E-03
 -2.0814976E-03
  3.2438939E-03
 -4.1224537E-03
  6.1221067E-03
