  1.8331531E-03
 -1.4473876E-03
 -1.8781967E-03
  2.1412964E-03
  2.7268790E-03
 -2.6905169E-03
  9.2183165E-03
 -1.1301992E-02
  3.5659331E-03
 -1.4098760E-03
  4.0554516E-03
 -2.6649577E-03
  1.4134032E-02
 -5.0270376E-03
  7.3384042E-03
 -1.1989368E-03
  2.0247884E-02
 -8.0679869E-03
  1.5171430E-02
 -2.3433755E-03
  0.4396737    
 -7.7126585E-03
  0.2564608    
 -1.0594815E-03
  1.0696053E-02
 -4.9253260E-03
  2.4311636E-02
 -1.5564047E-03
  4.7167367E-03
 -2.6485852E-03
  4.1117086E-03
 -2.4706058E-03
  3.6400992E-03
 -1.6069261E-03
  2.6264465E-03
 -1.3223456E-03
  2.7882948E-03
 -1.3367989E-03
  2.4451863E-03
 -1.4963507E-03
  2.7836002E-03
