  1.5189938E-03
 -1.5402491E-03
  3.6996759E-03
 -2.0200785E-03
  2.5421050E-03
 -1.4593797E-03
  4.0847282E-03
 -2.5804241E-03
  5.5846898E-03
 -3.5799253E-03
 -3.5799253E-03
  1.3970414E-02
 -3.2601573E-03
  6.2570553E-03
 -3.6609902E-03
  1.3491658E-02
 -3.5264443E-03
  3.0073944E-02
 -4.2031896E-03
  2.0749010E-02
 -4.0395553E-03
  3.4828496E-03
 -1.7955549E-03
  0.4689047    
 -4.5823222E-03
  5.8033027E-02
 -3.2945720E-03
  1.3350406E-02
 -5.4944097E-03
  3.2450117E-02
 -4.0185940E-03
  1.1776248E-02
 -1.4862387E-02
  2.6724778E-02
 -3.5543274E-03
  5.4399306E-03
 -3.9213845E-03
  6.4534694E-03
 -4.1710539E-03
  5.1945886E-03
 -3.1919403E-03
  3.8995375E-03
 -1.1839040E-03
  2.2117668E-03
 -4.3942896E-04
  1.5131430E-03
 -3.1146228E-03
  5.1884195E-03
