  3.4175238E-03
 -3.2319380E-03
  2.4000481E-03
 -2.6064501E-03
  2.8680030E-03
 -2.0121969E-03
  1.3516691E-03
 -6.6402764E-04
  2.9591848E-03
 -1.8315952E-03
  3.3356536E-03
 -1.3323202E-03
  4.6473518E-03
 -3.5642001E-03
  3.2527607E-03
 -1.6883382E-03
  2.1375052E-03
 -1.1413095E-03
  4.8420024E-03
 -3.1204051E-03
  7.6367902E-03
 -1.8481435E-03
  7.4490365E-03
 -4.7928323E-03
  2.6670488E-02
 -6.7410329E-03
  4.6467040E-02
 -2.2997541E-02
  8.9760441E-03
 -6.6068987E-03
  0.2406286    
 -1.3233052E-03
  0.4692296    
  0.4998246    
 -1.0695467E-03
  9.0382816E-03
 -1.3622519E-03
  9.3744136E-03
 -3.2234099E-03
  6.0333847E-03
 -4.3165362E-03
  5.1660016E-03
 -2.5960789E-03
  3.9403560E-03
 -4.8986250E-03
  5.1322645E-03
 -2.4489786E-03
  3.9687175E-03
