  6.1680707E-03
 -1.1785727E-02
  8.6972686E-03
 -6.8312320E-03
  4.4657178E-03
 -4.0230146E-03
  5.2670967E-03
 -8.0409190E-03
  2.7303079E-03
 -7.8389584E-04
  2.1980764E-02
 -1.0885076E-02
  1.7737582E-02
 -2.6362096E-03
  3.7957557E-02
 -2.8206063E-03
  0.2761178    
 -9.8880928E-04
  6.1142724E-03
 -1.8480135E-03
  0.1993672    
  0.1993672    
 -1.0347667E-02
  9.6067470E-03
 -1.0498025E-03
  6.7730118E-03
 -1.2309450E-02
  2.3373658E-02
 -1.0397073E-03
  2.4729820E-03
 -3.2297997E-03
  4.5144986E-03
 -3.4614531E-03
  3.7044114E-03
 -4.3462575E-03
  5.6537380E-03
 -3.2001301E-03
  4.5355596E-03
