  3.1658439E-03
 -1.5710490E-03
  3.4361989E-03
 -1.5026924E-03
  3.1862215E-03
 -1.2882699E-03
  2.6800733E-03
 -8.1952417E-04
  5.2389484E-03
 -3.2926335E-03
  6.7311679E-03
 -3.4594508E-03
  1.1517556E-02
 -6.5837163E-03
  2.1368194E-02
 -3.5982756E-03
  0.1251107    
 -4.0960409E-02
  4.6664499E-02
 -4.7025923E-03
  0.8840646    
  0.8678195    
 -3.8416195E-03
  6.0484793E-02
 -1.4593598E-02
  2.6410131E-02
 -2.7801344E-02
  1.0582804E-02
 -3.3113679E-03
  6.6926461E-03
 -1.2250079E-03
  5.5690804E-03
 -3.1070625E-03
  5.6198468E-03
 -2.6325360E-03
  3.8030872E-03
 -3.0477506E-03
  4.2388951E-03
 -1.2624901E-03
  2.1080992E-03
 -2.0331740E-03
  2.3456817E-03
