  1.9645300E-03
 -9.0978551E-04
  5.0958870E-03
 -3.7132022E-03
  2.8404125E-03
 -2.8503053E-03
  6.5018991E-03
 -6.1433241E-03
  4.3056551E-03
 -1.7390552E-03
  3.9415970E-03
 -3.8171711E-03
  4.7749905E-03
 -1.3362556E-03
  4.3461169E-03
 -3.2845675E-03
  0.2509958    
 -9.8390579E-03
  4.7592353E-03
 -3.8358490E-03
  0.1081538    
  0.1081538    
 -2.5994861E-03
  1.6113050E-02
 -1.5921104E-03
  1.0428269E-02
 -1.2749083E-03
  3.5945573E-03
 -2.2535755E-03
  1.1822091E-02
 -1.6456958E-03
  7.7449023E-03
 -1.1411626E-03
  3.8363959E-03
 -3.4190859E-03
  4.0900614E-03
 -3.3573469E-03
  5.0318884E-03
 -1.2975683E-03
  1.7536957E-03
 -9.2542300E-04
  1.6403254E-03
