  1.5703940E-03
 -1.5561080E-03
  1.1903142E-03
 -7.7414303E-04
  2.4438542E-03
 -1.2037315E-03
  2.7685561E-03
 -1.3005651E-03
  1.2983157E-02
  3.4156616E-03
 -2.1614924E-03
  3.3115325E-03
 -3.3419274E-03
  3.3292503E-03
 -1.3456333E-03
  6.9238748E-03
 -1.3092260E-03
  6.0086623E-02
 -1.1754442E-03
  0.8369892    
  0.8739998    
 -4.9319095E-03
  5.7737753E-02
 -1.5878184E-03
  7.7181947E-03
 -5.4466710E-03
  1.5800245E-02
 -2.1267969E-03
  5.5626770E-03
 -2.8339627E-03
  2.2834449E-03
 -3.3048303E-03
  5.2259862E-03
 -9.2905440E-04
  2.5911310E-03
 -3.2073820E-03
  4.5847259E-03
 -9.1750757E-04
  3.2713774E-03
 -8.0550956E-03
 -3.5147152E-03
  4.5390772E-03
