  3.6198916E-03
 -3.2688058E-03
  2.3719699E-03
 -1.5849136E-03
  2.9189340E-03
 -2.2416469E-03
  3.3301827E-03
 -1.4939641E-03
  3.5395399E-03
 -2.9619194E-03
  8.1612160E-03
 -7.2523560E-03
  3.5004898E-03
 -1.1628005E-03
  8.6827679E-03
 -3.1234224E-03
  3.6631736E-03
 -2.2574856E-03
  6.3181897E-03
 -2.7557530E-03
  9.8777348E-03
 -1.7769155E-03
  2.1231765E-02
 -1.3506442E-03
  0.7589543    
  0.7361445    
 -6.6579975E-02
  0.1626977    
 -1.8905773E-03
  3.1909083E-03
 -2.7061419E-03
  7.4359528E-03
 -1.8231280E-03
  2.5420340E-03
 -2.5938891E-03
  4.6934611E-03
 -4.6478272E-03
  5.9306873E-03
 -1.0151338E-03
  2.5697418E-03
 -2.9293864E-03
  5.8475253E-03
 -3.0199494E-03
  3.7492351E-03
