  2.8047715E-03
 -9.3812327E-04
  3.0252940E-03
 -1.1246148E-03
  1.2713026E-02
  2.8934835E-03
 -8.2507753E-04
  3.0683601E-02
 -1.8289633E-02
  5.3805830E-03
 -2.7962422E-03
  1.4222469E-02
 -7.1122469E-03
  2.9490698E-02
 -2.3107508E-03
  -1.812939    
  -12.00312    
 -0.6899688    
  0.6927726    
 -3.6098505E-03
  0.1177875    
 -3.9035326E-03
  9.0837441E-03
 -4.0352414E-03
  1.3424820E-02
 -1.2571428E-03
  4.4090692E-03
 -3.1995326E-03
  4.5614569E-03
 -1.8622548E-03
  4.1636839E-03
 -2.9140685E-03
  3.4775138E-03
 -1.2183514E-03
  3.6936270E-03
 -1.9198429E-03
  2.2492018E-03
 -1.9702613E-03
  3.2055344E-02
