  3.1969131E-03
 -2.2799419E-03
  3.1088488E-03
 -2.5321869E-03
  4.0984745E-03
 -2.5732119E-03
  4.2372225E-03
 -9.0269337E-04
  7.1398932E-03
 -3.0072273E-03
  1.3778211E-02
 -3.4555078E-03
  8.3209034E-03
 -1.9465255E-03
  1.1678100E-02
 -4.8164153E-03
  0.5362412    
  0.5149853    
 -5.3955507E-03
  0.1663435    
 -7.9564942E-04
  1.7840615E-02
 -1.4554405E-03
  4.3143677E-03
 -2.8754778E-03
  6.7777229E-03
 -2.0705629E-03
  5.2562486E-03
 -2.9948351E-03
  3.5719844E-03
 -7.1870615E-03
  4.5866976E-03
 -2.4139429E-03
  3.5169153E-03
 -1.6105796E-03
  2.4751599E-03
 -1.9811012E-03
  3.6476182E-03
 -6.3192868E-04
  1.3059946E-03
