  1.3643365E-03
 -6.3133839E-04
  5.9719686E-03
 -4.5876489E-03
  2.6862398E-03
 -1.9546179E-03
  5.5116843E-03
 -3.7438839E-03
  3.7529727E-03
 -2.6487720E-03
  3.4665007E-03
 -1.3663713E-03
  6.5150722E-03
 -1.3874276E-03
  1.5639767E-02
  1.5639767E-02
 -1.1626362E-03
  0.1646104    
 -5.0077938E-02
  0.4390652    
 -3.1954339E-03
  8.8445991E-02
 -1.2116272E-03
  2.6578462E-02
 -3.3264519E-03
  1.0335171E-02
 -6.1660097E-03
  5.3796363E-03
 -9.3758514E-04
  4.3438608E-03
 -1.8023314E-03
  4.2981734E-03
 -1.7704868E-03
  3.0901439E-03
 -7.8043807E-04
  2.6316142E-03
 -1.6987632E-03
  3.2156839E-03
 -2.2179959E-03
  2.3854034E-02
 -2.7544245E-03
  4.6668649E-03
