  1.9640902E-03
 -6.3951116E-04
  4.2995694E-03
 -4.8868600E-03
  4.1529918E-03
 -3.6236437E-03
  1.5937588E-03
 -1.5276183E-03
  3.3453673E-03
 -2.0806391E-03
  3.0892894E-03
 -7.5901300E-04
  2.3495534E-02
 -2.2609474E-02
  5.8834036E-03
 -3.0473084E-03
  1.7180342E-02
 -5.1659835E-03
  0.1671021    
 -1.2915994E-03
  0.1704749    
 -2.4293552E-03
  8.0936542E-03
 -3.4273455E-03
  9.7915478E-02
 -3.6454350E-03
  9.8977601E-03
 -1.0783459E-02
  1.4713833E-02
 -3.2938304E-03
  5.0932146E-03
 -1.6375026E-02
  2.3883732E-02
 -4.9980688E-03
  5.8296146E-03
 -8.6983334E-04
  3.8375233E-03
 -3.1230056E-03
  4.8623458E-03
 -3.9413343E-03
  4.3411744E-03
 -1.7442799E-03
  3.5805274E-03
 -7.1177343E-03
  9.9054435E-03
 -2.9292880E-03
  3.8636061E-03
 -1.3786255E-03
  2.4743765E-03
