  1.8712936E-03
 -1.6863392E-03
  3.1427613E-03
 -1.7406942E-03
  3.1859605E-03
 -2.4325526E-03
  3.4112439E-03
 -2.4556327E-03
  8.0258716E-03
 -8.7768200E-04
  1.3081894E-02
 -1.1445555E-03
  0.2744848    
 -5.4454254E-03
  2.9763710E-02
 -5.0443909E-03
  0.1050580    
 -4.0504285E-03
  1.5666416E-02
 -5.6132656E-03
  1.5303739E-02
 -2.6719254E-03
  6.3404073E-03
 -4.4687521E-03
  1.0285913E-02
 -1.6008092E-03
  2.9798702E-03
 -1.7496094E-03
  3.0837571E-03
 -2.8295927E-02
 -2.9912135E-03
  3.3617816E-03
