  3.1540180E-03
 -1.9422208E-03
  6.3257487E-03
 -1.3988116E-03
  8.9891925E-03
 -2.8870362E-03
  4.9249116E-02
 -2.7829376E-03
  0.1302499    
 -1.5974820E-03
  0.6013764    
  0.6417297    
 -6.6691195E-04
  1.7896349E-02
 -5.5132979E-03
  2.2494370E-02
 -4.6889614E-03
  1.1381951E-02
 -1.5457945E-03
  3.4155122E-03
 -3.1979089E-03
  5.0042914E-03
 -2.1042174E-03
  4.0028263E-03
 -1.3662315E-03
  2.7663659E-03
 -7.4026282E-03
  5.6870524E-03
 -2.3770088E-03
  2.6754776E-03
 -1.8122498E-03
  2.3910401E-03
 -1.8007942E-03
  1.0587974E-02
