  2.3210407E-03
 -1.6204673E-03
  3.2739816E-03
  3.2739816E-03
 -2.3738954E-03
  4.4151489E-03
 -3.1610769E-03
  1.2894716E-03
 -1.2235477E-03
  1.3919165E-02
 -1.0304506E-02
  4.5321039E-03
 -1.4265751E-03
  8.6036414E-02
 -1.9286510E-03
  0.3448247    
 -4.2296527E-03
  0.1950867    
  0.2127019    
 -3.5337184E-03
  2.2736482E-02
 -2.2465070E-03
  7.8171184E-03
 -2.7127748E-03
  3.9268490E-03
 -9.9763263E-04
  2.3462987E-03
 -5.0768186E-03
  4.5015514E-03
 -3.2450170E-03
  5.5086380E-03
 -1.3522526E-03
  1.8517362E-03
