  2.0747797E-03
 -2.2937926E-03
  4.6506119E-03
 -5.4984290E-02
  6.1272183E-03
 -3.9980165E-03
  3.6604118E-03
 -2.4975534E-03
  4.6062013E-03
 -4.1692876E-03
  4.8400131E-03
  4.8400131E-03
 -1.1260301E-03
  9.8510608E-03
 -1.3613717E-03
  9.3366820E-03
  9.3366820E-03
 -4.1046278E-03
  3.1139189E-02
 -3.9858664E-03
   6.288820    
  -2.932260    
  0.4723383    
 -5.9274863E-03
  1.2520404E-02
 -9.9258323E-04
  1.4232216E-02
 -4.4333227E-03
  7.3809852E-03
 -1.2139613E-03
  7.4116760E-03
 -3.8177152E-03
  6.4771436E-03
 -1.2207545E-03
  4.1676736E-03
 -9.1950307E-03
  1.8286286E-02
 -4.3557324E-02
 -4.3557324E-02
  9.8314183E-03
 -1.4578069E-03
  2.5644540E-03
 -1.5558904E-03
  2.5348314E-03
 -1.4706147E-03
  2.3464381E-03
