  1.4741041E-03
 -7.1841117E-04
  7.5593437E-03
 -3.8320771E-03
  7.2531900E-03
 -4.2535691E-03
  4.2734910E-03
 -3.4299803E-03
  1.0986153E-02
 -6.9700168E-03
  6.1931256E-03
 -4.9589095E-03
  1.4667321E-02
  5.1379618E-03
 -2.7357130E-03
  1.7945981E-02
 -6.1295801E-03
  3.3880290E-02
 -1.7231181E-03
  1.5787134E-02
 -2.8781751E-03
  0.1642720    
 -2.0833842E-03
  0.5134280    
  0.5134280    
 -3.9901417E-03
  7.3989108E-02
 -5.1605878E-03
  1.3420971E-02
 -1.1666956E-03
  7.9216305E-03
 -2.8142501E-03
  5.5088834E-03
 -2.5824462E-03
  4.3222369E-03
 -9.9745917E-04
  3.2218746E-03
 -5.2481736E-03
  6.6040712E-03
 -3.5706223E-03
  6.9881328E-03
 -3.0131072E-03
  2.8351101E-03
 -1.9412524E-03
  2.3015917E-03
