  1.5509350E-03
 -6.4545003E-04
  2.4059818E-03
 -1.9839723E-03
  8.7384228E-03
 -7.6589445E-03
  2.6567047E-03
 -1.4070331E-03
  2.5376456E-03
 -9.7356125E-04
  2.8468820E-03
 -1.5397107E-03
  4.5268508E-03
 -1.2978873E-03
  6.7031602E-03
 -7.4420008E-04
  1.6205000E-03
 -1.4157570E-03
  0.2220957    
 -0.2080052    
  0.1552971    
 -2.7210431E-02
  0.3807089    
  0.3906719    
 -1.8454647E-02
  9.5506243E-02
 -4.6572341E-03
  2.8129162E-02
 -2.9884351E-03
  1.3872190E-02
 -4.0848847E-03
  8.1640547E-03
 -1.1962093E-03
  5.1741931E-03
 -4.1551404E-03
  4.4075414E-03
 -4.3909675E-03
  4.7879159E-03
 -3.4108122E-03
  4.8490386E-03
 -3.1592604E-03
  3.3885562E-03
 -1.4821923E-03
  2.6876526E-03
 -8.3089399E-04
  1.1707642E-03
