  2.1329734E-03
 -2.4192024E-03
  1.9322345E-03
 -1.4045377E-03
  1.9544298E-03
 -1.4237310E-03
  5.7668905E-03
 -7.1195657E-03
  3.1564105E-03
 -1.7478310E-03
  3.4588547E-03
 -3.1447555E-03
  3.6751330E-03
 -2.8629783E-03
  4.2854445E-03
 -1.8435585E-03
  1.1589414E-02
 -0.2225603    
  2.8492068E-03
 -1.4855327E-03
  5.6627830E-03
 -3.0108858E-03
  1.4374905E-02
 -7.8928452E-03
  1.7990597E-02
 -6.3348794E-03
  0.9451883    
   1.024032    
 -4.4712056E-03
  6.7761615E-03
 -2.9147943E-03
  1.6744697E-02
 -7.4638287E-03
  5.8644142E-02
 -3.7833094E-03
  8.2392814E-03
 -1.6656364E-03
  6.2782103E-03
 -6.2965592E-03
  1.1042128E-02
 -2.9249601E-03
  4.6356339E-03
 -1.8453609E-02
  1.6834561E-02
 -1.2594500E-03
  3.0996143E-03
 -3.1437487E-03
  4.5985682E-03
 -1.4082269E-03
  3.1346246E-03
 -4.5692101E-03
  4.5035165E-03
 -2.4268478E-03
  2.7378856E-03
