  1.7393881E-03
 -1.3124142E-03
  7.4670948E-03
 -1.4658307E-02
  5.2959770E-03
 -5.1164953E-03
  7.7204360E-03
 -1.1217381E-03
  1.1431087E-02
 -4.2274832E-03
  4.1285381E-02
 -1.2212984E-03
  0.6797613    
  0.6826097    
 -1.8529828E-03
  0.1270866    
  0.1270866    
 -6.4172358E-03
  9.5330747E-03
 -5.4528122E-03
  1.2568339E-02
 -1.5729476E-03
  5.9423354E-03
 -2.7958469E-02
  1.2103089E-02
 -2.8696938E-03
  5.8737863E-03
 -7.7014661E-04
  5.8748522E-03
 -2.3417864E-03
  4.4498658E-03
 -1.2634402E-03
  4.7091269E-03
 -1.1760558E-03
  2.7078381E-03
 -9.8324809E-03
  8.9558540E-03
 -1.4908109E-03
  2.5341031E-03
 -1.6066464E-02
  5.4519000E-03
