  2.9319606E-03
 -2.5342677E-03
  1.5015797E-03
 -8.6869986E-04
  4.1488647E-03
 -3.5185013E-03
  3.4841746E-03
 -2.3163294E-03
  3.2871799E-03
 -1.3133122E-03
  4.7112787E-03
 -1.7856278E-03
  3.8738868E-03
 -2.5148566E-03
  1.1067298E-02
  3.1181131E-02
 -3.8668867E-02
  5.1572206E-03
 -8.6161197E-04
  1.3757262E-02
 -7.3194981E-04
  0.9093758    
  0.9301163    
 -1.3345715E-02
  3.0473355E-02
 -1.1960466E-03
  4.3914476E-03
 -2.4261293E-03
  8.2441438E-03
 -3.2536392E-03
  3.9334237E-03
 -2.6614857E-03
  3.6277547E-03
 -8.9675264E-04
  2.2751871E-03
 -2.7261032E-03
  2.8117616E-03
 -2.5181668E-03
  2.1792334E-02
