  6.1085643E-03
 -6.1654244E-03
  4.6142363E-03
 -4.4683227E-03
  2.1178313E-03
 -1.4257509E-03
  3.1158566E-03
 -1.3453733E-03
  9.3887569E-03
 -5.4655382E-03
  4.2609330E-03
 -1.7526097E-03
  4.4821249E-03
 -1.6778619E-03
  4.9296743E-03
 -3.1912539E-03
  1.2443342E-02
 -4.3724203E-03
  9.3335118E-03
 -2.5171286E-03
  1.7611977E-02
 -1.0467190E-02
  0.2850755    
 -7.3552784E-03
  0.2556565    
  0.2556565    
  1.1897348E-02
 -3.1448037E-03
  8.0868267E-03
 -2.3574196E-03
  8.8496050E-03
 -2.3679531E-03
  3.6405392E-03
 -1.7525963E-03
  1.6904649E-03
 -9.1209664E-04
  2.9253366E-03
 -2.7026099E-03
  6.5526506E-03
 -1.0290588E-03
  2.2274833E-03
 -4.1442770E-03
  7.3897135E-03
