  2.9493289E-03
 -2.0286045E-03
  2.7865516E-03
 -1.4206920E-03
  2.4266366E-03
 -1.2771097E-03
  3.2891771E-03
 -2.1263827E-03
  4.7346568E-03
 -5.7427674E-03
  5.3733960E-03
 -8.0335338E-04
  1.4044111E-02
 -6.5049739E-03
  2.3796799E-02
 -5.1379697E-03
  1.1182121E-02
 -5.0171670E-03
  0.1985410    
 -3.0826405E-03
  2.1470543E-02
 -2.1923464E-03
  0.8615835    
 -2.6863562E-03
  3.6863040E-02
 -3.3074322E-03
  1.5794609E-02
 -1.6204570E-03
  3.1679370E-03
 -3.0570403E-03
  5.9397696E-03
 -1.1342465E-03
  2.7544550E-03
 -9.8677829E-04
  2.4709105E-03
 -2.5786224E-03
  6.9467528E-03
