 -3.2548234E-04
  3.8456346E-03
 -5.3014760E-03
  3.2761840E-03
 -1.5700813E-03
  5.9623886E-03
 -4.5490386E-03
  1.5885759E-02
 -7.3297103E-03
  4.7274954E-03
 -1.2482683E-03
  8.3496459E-03
 -3.6206935E-03
  4.6107518E-03
 -3.4049768E-03
  5.0746640E-03
 -3.2840616E-03
  1.2261253E-02
 -3.3001306E-03
  0.4666389    
  0.4347214    
 -6.8629743E-03
  0.2224696    
  0.2224696    
 -1.2386246E-03
  5.2140681E-03
 -2.2141091E-03
  7.2202417E-03
 -2.2714846E-03
  3.5141075E-03
 -2.3358809E-03
  2.6558186E-03
 -8.1240181E-03
  4.1740420E-03
