  3.6124357E-03
 -3.0566435E-03
  5.0961562E-03
 -2.8546241E-03
  4.0106825E-03
 -1.6220452E-03
  3.6225580E-03
 -9.7607280E-04
  4.9040699E-03
 -3.0258659E-03
  4.2731287E-03
 -1.8982138E-03
  5.7704239E-03
 -7.0385920E-04
  2.7414314E-02
 -7.2858701E-03
  3.7960637E-02
 -5.1357732E-03
  0.5649668    
  0.5453335    
 -2.7724849E-02
  0.4188353    
 -4.2937123E-03
  2.0507429E-02
 -3.0404951E-03
  2.8692113E-02
 -4.0449528E-03
  1.7522020E-02
 -1.8229333E-03
  4.5292219E-03
 -3.6323392E-03
  5.6342888E-03
 -1.3771197E-03
  5.0690118E-03
 -1.2998685E-03
  2.6786930E-03
 -4.3992675E-03
  3.7922047E-03
 -2.6944515E-03
  3.5375867E-03
 -7.0596486E-04
  1.6977538E-03
 -1.4374543E-03
  3.0991011E-03
