  2.0120230E-03
 -1.5313122E-03
  3.7373067E-03
 -2.8140624E-03
  1.9863991E-03
 -8.9263020E-04
  3.8124181E-03
 -6.2073492E-03
  3.0842444E-03
 -8.7463803E-04
  2.9079430E-03
 -1.5237199E-03
  4.8539103E-03
 -3.0756893E-03
  5.3630974E-03
 -2.1020088E-03
  4.7795027E-03
 -6.1727646E-03
  6.8280394E-03
 -2.5897464E-03
  2.0963524E-02
 -4.9341316E-03
  0.7992722    
  0.8141523    
 -4.1555110E-03
  8.5027944E-03
 -4.1621490E-03
  2.3623930E-02
  2.3623930E-02
 -1.2125762E-03
  2.2486867E-02
 -2.5138613E-03
  1.4137434E-02
 -1.4812854E-03
  4.6121557E-03
 -3.9000663E-03
  5.9826472E-03
 -2.7593882E-03
  3.8149229E-03
 -3.2159111E-03
  4.3038367E-03
 -2.0435043E-03
  2.7685056E-03
 -4.8033004E-03
  2.4020785E-02
