  2.9280316E-03
 -1.5914139E-03
  7.0803254E-03
 -6.8166801E-03
  2.8759299E-03
 -1.8519824E-03
  6.6943141E-03
 -2.4987585E-03
  4.4379039E-03
 -1.2742665E-03
  5.9278179E-03
 -2.6283637E-03
  1.0942480E-02
 -2.6405382E-03
  7.5831413E-03
 -4.2130337E-03
  1.4596771E-02
 -5.0262110E-03
  3.9552331E-02
 -3.7658168E-03
  1.3627792E-02
 -4.5923246E-03
  8.6853266E-02
 -3.4657354E-03
  0.6921719    
 -6.0785040E-03
  1.7531207E-02
 -3.4544643E-03
  1.2429900E-02
 -3.4018352E-03
  5.1139207E-03
 -3.2408806E-03
  7.5844554E-03
 -1.4646403E-03
  5.3921891E-03
 -4.1213129E-03
  5.0402954E-03
 -2.8946528E-03
  4.5310324E-03
 -2.2547480E-03
  2.8238753E-03
 -1.2298475E-03
  2.8204795E-03
 -4.8930831E-03
  1.2747655E-02
 -1.2001256E-03
  2.0843686E-03
