  3.3292233E-03
 -1.6682673E-03
  2.7257740E-03
 -2.7518042E-03
  2.4293880E-03
 -3.7987477E-03
  2.7865148E-03
 -1.2477229E-03
  3.6795626E-03
 -2.4625210E-03
  7.0762578E-03
 -6.8956229E-04
  2.8671727E-02
 -1.0373686E-03
  0.2088464    
  0.2088464    
 -3.3056461E-03
  0.4140877    
 -4.4070920E-03
  7.8285970E-03
 -3.5254697E-03
  1.0178398E-02
 -4.2308671E-03
  1.4117152E-02
 -2.2548113E-03
  4.9580066E-03
 -2.7007957E-03
  3.7143014E-03
 -2.2832272E-03
  2.6832412E-03
 -6.6873687E-04
  1.3436931E-03
