  2.4938770E-03
 -2.2134748E-03
  3.8919018E-03
 -4.4375877E-03
  4.4134362E-03
 -4.3621734E-03
  4.9177292E-03
 -6.1975904E-03
  4.7801491E-03
 -4.7170138E-03
  4.0736934E-03
 -8.7383308E-04
  1.7846834E-02
 -1.2681766E-03
  0.8450929    
  0.9263300    
 -1.7780786E-02
  6.2492937E-02
 -1.1892050E-03
  1.4974334E-03
 -2.6576521E-03
  1.5191638E-02
 -2.8800045E-03
  5.6294571E-03
 -1.5016566E-03
  5.9661991E-03
 -9.3040364E-03
  1.6432408E-02
 -2.2760828E-03
  3.9884523E-03
 -2.9196101E-03
  4.5456309E-03
 -2.5175526E-03
  3.1213004E-03
 -2.3823816E-03
  2.6419091E-03
