  4.4866232E-03
 -2.7348055E-03
  2.4726863E-03
 -1.9214000E-03
  4.3001361E-03
 -4.3050447E-03
  3.0963272E-03
 -1.8127799E-03
  2.6839331E-03
 -6.8348774E-04
  3.9472384E-03
 -2.5085725E-03
  4.8543569E-03
 -2.4203218E-03
  1.3920231E-02
 -3.7768206E-03
  1.3104075E-02
 -2.4803663E-03
  1.7361155E-02
 -1.3604737E-03
  9.3725689E-02
 -6.9626472E-03
  0.8120522    
  0.8178709    
 -1.1109258E-02
  3.0143024E-02
 -4.9146891E-02
  1.9777216E-02
 -2.6104718E-03
  4.8919478E-03
 -2.8270287E-03
  6.4224382E-03
 -1.8618393E-03
  4.9843299E-03
 -1.2650823E-03
  2.9250623E-03
 -2.4374800E-03
  3.2891724E-03
 -2.2227154E-03
  2.7069254E-03
 -8.0801698E-04
  1.7436665E-03
