  2.4658774E-03
 -1.3745399E-03
  2.1293187E-03
 -1.2494082E-03
  7.2182957E-03
 -7.3626949E-03
  3.2336460E-03
 -2.7985175E-03
  4.2038108E-03
 -2.2580256E-03
  2.9473430E-03
 -2.0666693E-03
  1.7890682E-03
 -2.2178916E-03
 -3.4276843E-03
  4.6641883E-03
 -3.1717515E-03
  7.0105502E-03
 -8.2723011E-04
  0.4883046    
  0.4856245    
 -1.1550287E-03
  4.5865215E-03
 -8.8368421E-03
  0.1400953    
  0.1400953    
 -1.2147526E-02
  1.6871590E-02
 -1.0248506E-02
  7.8004631E-03
 -2.1489016E-03
  4.1414145E-03
 -2.9200767E-03
  3.1405792E-03
 -6.2338373E-04
  1.4020202E-03
