  2.9389900E-03
 -1.6784862E-03
  4.6467884E-03
 -3.3813096E-03
  3.8154421E-03
 -3.3483556E-03
  3.7727221E-03
 -2.5076834E-03
  4.3580402E-03
 -1.3792472E-03
  5.7070325E-03
 -2.2278910E-03
  6.7450041E-03
 -1.0356851E-03
  1.1945208E-02
 -1.2761905E-03
  5.8815505E-02
 -2.7380960E-02
  4.2117506E-02
 -4.7920048E-03
  0.6365626    
  0.6280523    
 -3.1311393E-02
  0.1911317    
  0.1911317    
 -3.0504039E-03
  1.9411426E-02
 -3.0772395E-03
  4.7280081E-03
 -2.0324679E-03
  5.3063645E-03
 -1.5341715E-03
  3.7855769E-03
 -2.2978394E-03
  4.3272744E-03
 -3.1675717E-03
  3.5764200E-03
 -2.7799327E-03
  3.0414648E-03
 -1.3312065E-03
  1.8885843E-03
 -3.4596610E-03
  4.2363172E-03
 -2.0694854E-03
  2.2016321E-03
