  4.4120802E-04
  5.0126938E-03
 -2.9605536E-03
  2.7224696E-03
 -6.9609954E-04
  3.8750884E-03
 -2.1650558E-03
  6.1523621E-03
 -2.4532541E-03
  5.2814865E-03
 -2.9147360E-03
  4.0735546E-02
 -1.3344496E-02
  0.1031842    
 -4.7379989E-02
  3.9962921E-02
 -8.4244472E-04
  0.6616724    
  0.6616724    
 -1.1876957E-02
  3.2338999E-02
 -4.2102663E-03
  8.0398070E-03
 -5.6281518E-03
  1.0063734E-02
 -3.5144438E-03
  4.1753282E-03
 -2.5119989E-03
  2.8817202E-03
 -1.2828599E-03
  2.4302432E-03
 -4.0058987E-03
  6.2168459E-03
 -3.5133974E-03
  3.7138721E-03
 -7.5625093E-04
  1.3768569E-03
