  3.0151489E-03
 -1.8871331E-03
  1.4559646E-03
 -6.4044213E-04
  5.1999092E-03
 -3.9806683E-03
  6.4711780E-03
 -7.3356112E-03
  3.4558254E-03
 -2.5711912E-03
  5.7890043E-03
 -5.6032408E-03
  4.5209588E-03
 -1.1554692E-03
  5.7590776E-03
 -2.0434617E-03
  5.2342573E-03
 -2.1069960E-03
  1.0538022E-02
 -4.3602763E-03
  2.1462753E-02
 -2.2785037E-03
  2.8067522E-03
 -4.5255166E-03
  0.2057361    
 -2.3710562E-03
  6.6916622E-02
 -2.5105637E-03
  2.1838957E-02
 -2.2980561E-03
  3.5270271E-03
 -3.9943205E-03
  5.8517233E-03
 -1.9779049E-03
  3.0238256E-03
 -2.4606718E-03
  3.6258546E-03
 -2.6125615E-03
  3.4840968E-03
