  3.7261937E-03
 -1.5254166E-03
  5.4430193E-03
 -4.2121718E-03
  8.7628756E-03
 -9.5377136E-03
  4.1811233E-03
 -3.9181551E-03
  4.5538661E-03
 -3.1089373E-03
  5.3864578E-03
 -3.3462222E-03
  6.5156315E-03
 -7.0185303E-03
  5.6310152E-03
 -1.5469235E-03
  7.1704917E-02
 -1.4011491E-03
  0.5678833    
  0.5678833    
 -4.5063231E-02
  0.1506782    
 -3.3808823E-03
  1.9104924E-02
 -8.7801283E-03
  2.1064866E-02
 -3.0310499E-03
  8.7371925E-03
 -1.4742139E-03
  5.1348652E-03
 -3.3870554E-03
  4.2033149E-03
