  4.0378347E-03
 -1.8453477E-03
  5.6601651E-03
 -7.2442493E-03
  6.1668404E-03
 -6.3459505E-03
  3.1341389E-03
 -1.3325925E-03
  6.4897663E-03
 -1.5233057E-03
  3.7139297E-02
 -1.9127404E-02
  2.3892367E-02
 -2.0855269E-03
  8.4280334E-03
 -3.1776251E-03
  6.6095434E-02
 -4.9649030E-03
  0.5199063    
  0.5123683    
 -0.1053132    
  0.2706697    
  0.2754215    
 -9.1324758E-04
  5.5445889E-03
 -1.0663501E-02
  9.3771713E-03
 -7.9747131E-03
  6.8544298E-03
 -1.8690104E-03
  3.2924828E-03
 -4.4446853E-03
  5.7987552E-03
 -1.2994714E-03
  3.2441053E-03
 -1.9856466E-03
  3.0033754E-03
 -9.6393367E-03
  7.1026827E-03
 -2.9702038E-02
  5.6006433E-03
 -1.3956325E-03
  3.2353613E-03
 -3.8546016E-03
  8.8370610E-03
 -2.9038400E-03
  2.5188776E-03
