  2.3589679E-03
 -3.2783761E-03
  6.1220308E-03
 -4.1267318E-03
  1.6411345E-03
 -7.4417418E-04
  4.8314878E-03
 -1.8531397E-03
  3.4078935E-03
 -3.2269042E-03
  3.1511583E-03
 -1.2476257E-03
  2.8729243E-03
 -1.7851493E-03
  5.7067680E-03
 -1.3914864E-03
  6.9308928E-03
 -3.5430347E-03
  1.5814917E-02
 -1.5971364E-02
  1.2742391E-02
 -1.4668722E-03
  2.5832983E-02
 -9.4780363E-03
   1.871350    
   1.713854    
   1.662506    
 -4.0897750E-03
  2.2529742E-02
 -1.5000157E-03
  6.2699765E-03
 -5.6478945E-03
  9.1756275E-03
 -2.7725357E-03
  5.4398836E-03
 -2.4839386E-03
  3.6822818E-03
 -1.4452571E-03
  3.2228976E-03
 -3.9045594E-03
  5.6527620E-03
 -1.7717995E-03
  2.6131375E-03
