  2.8747369E-03
 -1.4796554E-03
  3.8129671E-03
 -1.4929660E-03
  3.5551141E-03
 -2.3189995E-03
  4.3322262E-03
 -1.1266788E-03
  6.8815812E-03
 -2.7163585E-03
  1.5802134E-02
 -1.6578889E-03
  5.9540719E-02
 -1.0595730E-03
  0.8438060    
 -0.1189977    
 -4.9908976E-03
  8.8706054E-03
 -1.7110612E-03
  1.4770128E-02
 -2.0269623E-03
  3.5098812E-03
 -1.0785100E-03
  3.4700749E-03
 -2.9352664E-03
  5.3839409E-03
 -1.0476159E-03
  2.3958134E-03
 -1.7492970E-03
  2.9291622E-03
 -1.6295989E-03
  2.5429204E-03
 -2.6190281E-04
