  3.0153033E-03
 -4.0096361E-03
  2.2770436E-03
 -1.7128687E-03
  4.2503206E-03
 -2.4995850E-03
  2.8876460E-03
 -1.2244381E-03
  4.6325368E-03
 -4.0649157E-03
  7.6497295E-03
 -2.4197784E-03
  5.7867509E-03
  5.7867509E-03
 -1.3816963E-03
  1.0158402E-02
 -1.4372192E-03
  5.4470673E-03
 -2.6268905E-03
  1.3824013E-02
 -3.4448567E-03
  5.7100836E-02
 -7.0085018E-03
  0.1256249    
 -2.5723068E-02
  0.6078314    
  0.6127150    
 -1.8676894E-03
  3.6901563E-02
 -3.4616403E-03
  1.2743787E-02
 -6.6413828E-03
  5.0319258E-02
 -4.8769102E-03
  1.4179291E-02
 -7.1268240E-03
  1.1401500E-02
 -1.0675841E-03
  3.8702940E-03
 -1.0060718E-02
  1.0195700E-02
 -2.6622727E-03
  3.8793341E-03
 -6.0728408E-04
  1.8369734E-03
 -1.5620448E-03
  2.4125127E-03
 -1.4471274E-02
  5.6306394E-03
 -1.8162790E-03
  2.2347739E-03
