  2.9902817E-03
  3.8411240E-03
 -4.6229935E-03
  2.6903143E-03
 -9.9741784E-04
  1.7980536E-02
  4.8655383E-03
 -2.9246174E-03
  2.0273796E-03
 -1.8827015E-03
  5.3554908E-03
 -4.6146652E-03
  5.5059385E-03
 -1.7490832E-03
  7.9317400E-03
 -3.6259466E-03
  6.9476724E-02
 -4.9219173E-03
  8.9394741E-02
 -3.1609327E-02
  1.1057151E-02
 -2.9646915E-03
  0.8847633    
  0.8716748    
 -3.7525168E-03
  1.5734948E-02
 -7.1198749E-03
  6.0936965E-02
 -3.0483336E-03
  1.6720278E-02
 -1.8873733E-03
  6.9628069E-03
 -2.3019383E-02
  2.1189969E-02
 -3.0500949E-03
  4.7044875E-03
 -1.1570849E-02
  1.3207684E-02
 -3.9454573E-03
  2.8692796E-03
 -3.7926207E-03
  7.8351926E-03
 -7.0678623E-04
  1.4619911E-03
