  3.9355648E-03
 -2.5889706E-03
  2.9454858E-03
 -1.7845823E-03
  2.8056584E-03
 -1.8999290E-03
  6.5871309E-03
 -4.7239773E-03
  3.5958339E-03
 -1.3782220E-03
  5.1326388E-03
 -4.1524949E-03
  1.4426243E-02
 -0.1430567    
  1.0118846E-02
 -1.5303185E-03
  8.1698755E-03
 -1.0316273E-03
  1.0409747E-02
 -3.6946535E-03
  7.0547708E-03
 -4.7714128E-03
  1.5857369E-02
 -2.5836290E-03
  6.4097247E-03
 -2.7511942E-03
  0.6896888    
  0.6741000    
 -1.2700417E-03
  2.9163869E-02
 -1.3308155E-03
  8.3062099E-03
 -2.6001164E-03
  4.0640221E-03
 -9.5496245E-04
  4.0128026E-03
 -1.9872836E-03
  3.3977435E-03
 -1.2213187E-03
  2.9932233E-03
 -2.1654267E-03
  2.3704190E-03
