  6.0567437E-03
 -6.3266992E-03
  3.1191350E-03
 -1.7829463E-03
  2.8288912E-03
 -2.4244073E-03
  2.7942143E-03
 -1.1889192E-03
  3.4618049E-03
 -2.3893900E-03
  3.0619835E-03
 -2.7836298E-03
  3.3988676E-03
 -1.4002557E-03
  4.0204022E-03
 -3.9336202E-03
  1.1276066E-02
 -1.2444946E-03
  9.7941235E-03
 -2.3174970E-03
  7.1863681E-03
 -3.0277492E-02
  0.6690351    
 -1.1280477E-03
  0.1242954    
 -3.7342722E-03
  5.8803572E-03
 -1.0546226E-03
  4.0423470E-03
 -3.3020647E-03
  4.6329061E-03
 -1.2126609E-03
  2.1584744E-03
 -1.4575734E-03
  2.4779856E-03
 -7.6414034E-04
  1.3440801E-03
