  3.6283638E-03
 -2.7879800E-03
  3.4134742E-03
 -3.1397291E-03
  3.4113121E-03
 -2.0128288E-03
  3.7574102E-03
 -1.0994893E-03
  4.6072947E-03
 -2.9768436E-03
  7.6261116E-03
 -3.9632162E-03
  5.1127048E-03
 -1.5791691E-03
  1.0138984E-02
 -2.9921178E-03
  1.4773084E-02
 -4.7876360E-03
  5.0764531E-02
  5.0764531E-02
 -2.3618620E-02
  1.5518943E-02
 -4.6218848E-03
  0.1343832    
 -5.4882546E-03
  0.2132008    
  0.2132008    
 -0.2615414    
  0.8861827    
  0.1705285    
 -3.5974195E-03
  1.1005487E-02
 -9.9640456E-04
  5.1029120E-03
 -3.0897607E-03
  1.3184577E-02
 -4.1832286E-03
  8.5752811E-03
 -3.5074197E-03
  5.0149201E-03
 -4.6347212E-03
  4.7228467E-03
 -1.4443957E-03
  2.8906262E-03
 -7.7989727E-04
  1.3037785E-03
 -7.8207225E-04
  1.3302736E-03
