  2.4332576E-03
 -2.3579325E-03
  2.4826946E-03
 -8.4632047E-04
  1.6631860E-03
 -5.1243400E-04
  3.2568693E-03
 -2.9226621E-03
  5.1962319E-03
 -3.7903991E-03
  1.4566507E-02
 -6.1603710E-03
  6.7607355E-03
 -3.2029278E-03
  2.2299530E-02
 -3.8931179E-03
  6.2331181E-02
 -1.5827842E-02
  0.1747905    
 -1.1198416E-03
  0.1429382    
 -1.3122389E-03
  0.1803670    
  0.1803670    
 -4.1801934E-03
  1.9424245E-02
 -1.1481430E-03
  4.4588801E-03
 -3.6477239E-03
  3.4422481E-03
 -1.2450657E-03
  2.8692544E-03
 -2.5271890E-03
  3.6531212E-03
 -1.7919845E-03
  3.1272916E-03
 -1.5455879E-03
  2.2809817E-03
 -1.6907497E-03
  1.4201741E-03
