  6.4063175E-03
  2.0149185E-03
 -9.8971149E-04
  4.6047047E-03
 -5.0472068E-03
  3.7557015E-03
 -3.3282249E-03
  4.0424922E-03
 -2.8378621E-03
  4.7029727E-03
 -2.6031602E-03
  2.3765972E-02
 -9.8378805E-04
  8.6794375E-03
 -5.8259359E-03
  7.6288250E-03
 -9.5748911E-03
  0.7470773    
  0.7687868    
 -1.7124692E-03
  1.6641410E-02
 -1.3337336E-03
  7.4593723E-03
 -3.5446999E-03
  5.3366753E-03
 -4.5739659E-03
  1.0824053E-02
 -1.2460217E-03
  4.6997285E-03
 -1.5501888E-03
  4.0199459E-03
 -5.5084787E-03
  1.1518819E-02
 -2.4690584E-03
  7.3978682E-03
 -3.2710952E-03
  4.9694986E-03
 -3.7839524E-03
  4.1783424E-03
 -4.3319436E-03
  5.0167548E-03
 -1.0090345E-03
  2.0738216E-03
 -2.7696074E-03
  2.7741797E-03
