  3.0197939E-03
 -4.0131835E-03
 -8.3323009E-04
  3.3032643E-03
 -1.3901243E-03
  2.5893643E-03
 -2.0635081E-03
  6.0542417E-03
 -5.4561682E-03
  4.7227028E-03
 -1.8141039E-03
  5.2566198E-03
 -3.5568892E-03
  4.4798134E-03
 -3.3199971E-03
  2.1803237E-02
 -9.8009659E-03
  6.0817529E-03
 -3.3079237E-03
  7.8564659E-03
 -5.7428558E-03
  0.1581070    
 -3.2492075E-02
  0.1120856    
 -6.9877174E-04
  0.4171398    
 -1.0026064E-03
  4.7920202E-03
 -1.5923392E-03
  4.1958098E-03
 -2.3586876E-03
  3.6800974E-03
 -1.5838037E-03
  4.2962548E-03
 -2.9985777E-03
  3.5576825E-03
 -1.1070839E-03
  2.2963041E-03
 -4.1654464E-04
  1.1630505E-03
 -4.3276595E-03
  8.7622283E-03
