  2.6460392E-03
 -1.1715195E-03
  4.0749814E-03
 -2.4603261E-03
  2.2239115E-03
 -1.1237817E-03
  2.6653854E-03
 -2.2658603E-03
  4.1632354E-03
 -4.5424299E-03
  6.3832095E-03
 -2.7162938E-03
  5.4546134E-03
 -5.5807009E-03
  3.4267402E-03
 -2.1209654E-03
  2.4361548E-03
 -9.8463148E-04
  0.2053210    
  0.2053210    
 -0.1283389    
  0.1454868    
 -5.8340095E-02
  4.2889826E-02
 -2.0732856E-03
  9.4222106E-02
 -2.5062533E-03
  8.2088020E-03
 -4.2498927E-03
  5.8681108E-02
 -3.0019023E-03
  1.2330367E-02
 -3.4762681E-03
  1.5697245E-02
 -3.4339686E-03
  4.8834402E-03
 -1.4975696E-03
  4.1625570E-03
 -3.4048550E-03
  4.6812887E-03
 -2.6280265E-03
  4.3186308E-03
 -4.0968726E-03
  4.8375730E-03
 -1.7318939E-03
  2.6492327E-03
 -2.1503456E-03
  2.5172113E-03
 -3.5209632E-03
  9.4061233E-03
