  1.7762339E-03
 -1.5554969E-03
  1.2673169E-03
 -7.4272847E-04
  6.9538229E-03
 -6.5717385E-03
  4.5601502E-03
 -6.1192778E-03
  8.0766808E-03
 -1.2758058E-02
  6.1117131E-03
 -5.4073678E-03
  3.9214748E-03
 -2.7530268E-03
  4.6610367E-03
 -3.6363991E-03
  8.2089268E-03
 -3.4795965E-03
  4.2126593E-03
 -2.3786365E-03
  1.7648593E-02
 -8.4430457E-04
  1.1478863E-02
 -3.7168378E-03
  2.8266210E-02
 -5.4699760E-03
  8.2831137E-02
 -3.8667955E-03
  4.2144740E-03
 -1.4056232E-03
  0.1067521    
 -4.8341792E-02
  0.1602191    
 -1.3441751E-03
  1.2078747E-02
 -7.0474274E-02
  0.1028293    
 -1.3173171E-02
  5.3630468E-02
 -3.6838560E-03
  5.9253154E-03
 -3.3241089E-03
  1.1088852E-02
 -2.8140815E-03
  5.9153973E-03
 -1.2668744E-03
  4.9626213E-03
 -2.8455332E-03
  3.8581351E-03
 -9.2737246E-03
  8.6413138E-03
 -1.1877174E-03
  2.2920903E-03
