  3.7059388E-03
 -1.4734523E-03
  9.4887316E-03
  1.9233726E-03
 -7.3467637E-04
  3.9240387E-03
 -3.4635577E-03
  3.1759352E-03
 -2.7184011E-03
  4.8874319E-03
 -2.8066346E-03
  1.4333631E-02
 -1.0165366E-03
  8.6823836E-02
 -3.9968230E-03
  0.6991163    
  0.7685163    
 -1.0571065E-03
  3.7075169E-02
 -1.0370906E-02
  2.3487316E-02
 -2.5033217E-03
  5.2551259E-03
 -9.7166881E-04
  5.5924770E-03
 -1.8162630E-02
  1.4347288E-02
 -9.8043005E-04
  4.1527706E-03
 -3.5589444E-03
  3.8297104E-03
 -2.0886578E-03
  9.4669964E-03
