  2.0064204E-03
 -2.0228270E-03
  2.5845459E-03
 -1.1748420E-03
  3.2621154E-03
 -1.3416223E-03
  3.8675880E-03
 -1.9246709E-03
  6.8449769E-03
 -1.6615298E-03
  1.3487348E-02
 -1.0762543E-03
  3.0204598E-02
 -8.0585119E-04
  8.3505780E-02
 -2.5004121E-02
  5.2592043E-02
 -6.8485932E-03
  0.5836629    
 -2.7741825E-03
  1.2011307E-02
 -2.5421714E-03
  5.5943402E-03
 -1.2528606E-03
  4.8497478E-03
 -4.1850409E-03
  3.7531033E-03
 -1.8521114E-03
  3.3996124E-03
 -2.4211230E-03
  1.9407097E-03
 -6.4287530E-03
  4.8490530E-03
 -4.6665780E-03
  1.2839944E-02
 -2.6104618E-03
  2.4839689E-03
 -1.2924781E-03
  2.1793074E-03
