  4.1548260E-03
 -9.1330716E-03
  2.2920712E-03
 -1.2298571E-03
  3.5114039E-03
 -2.9689551E-03
  3.8490200E-03
 -2.5240604E-03
  3.0478593E-03
 -1.3339882E-03
  2.5396273E-02
  1.8668586E-02
 -4.9155145E-03
  1.6498135E-02
 -8.7355059E-03
  4.4429284E-03
 -2.9789764E-03
  1.3216441E-02
 -6.4459876E-03
  0.1909950    
  0.1713772    
 -1.4003409E-03
  0.4852506    
 -2.7747236E-03
  1.1726209E-02
 -3.4907255E-03
  3.6941138E-03
 -3.3281008E-03
  2.4099965E-02
 -3.3259306E-03
  7.8090741E-03
 -1.8269728E-03
  3.7438665E-03
 -1.0511620E-02
  1.0074836E-02
 -1.6532415E-03
  3.0316003E-03
 -1.0409995E-03
  1.6906068E-03
 -1.6690913E-03
  2.2230919E-03
 -7.9255886E-03
  3.3749600E-03
