  2.1267026E-03
 -1.9078831E-03
  2.5342091E-03
 -1.9272265E-03
  3.1292127E-03
 -1.8829551E-03
  4.4404068E-03
 -2.8599936E-03
  4.1089677E-03
 -1.3153052E-03
  9.0250587E-03
 -2.1577314E-03
  8.8177705E-03
 -4.0758573E-03
  3.0485536E-03
 -1.7739004E-03
  3.1663086E-02
 -5.2432287E-03
  0.6110924    
 -0.2799885    
 -0.2904501    
  0.4334854    
  0.4351082    
 -1.8354568E-03
  1.1246645E-02
 -1.8896336E-03
  3.5710207E-03
 -8.9334594E-03
  1.0269898E-02
 -9.9411677E-04
  2.6591765E-03
 -6.7254616E-04
  1.8224182E-03
 -3.4852070E-03
  4.1492744E-03
