  3.1643442E-03
 -1.2806355E-03
  3.7170579E-03
 -2.4344118E-03
  3.2891482E-03
 -7.3772500E-04
  4.3415586E-03
 -2.8443814E-03
  9.3052946E-03
 -4.8075621E-03
  4.8351921E-03
 -3.0043775E-03
  1.4348737E-02
 -3.4033840E-03
  6.8095038E-03
 -4.7603329E-03
  1.0275966E-02
 -1.4519313E-02
  2.3106910E-02
 -6.1723557E-03
  7.9414090E-03
 -2.7995429E-03
  1.6033318E-02
 -6.5103294E-03
  0.1834406    
 -2.7486410E-03
  0.5187294    
 -1.4907123E-02
  7.0253372E-02
 -3.7749135E-03
  1.3300850E-02
 -7.2727270E-02
  9.0444386E-02
  4.3668346E-03
 -3.4320951E-03
  5.4235402E-03
 -5.0497204E-03
  7.9684835E-03
 -1.9967493E-03
  3.2475118E-03
 -5.8171158E-03
  1.0102492E-02
 -3.3862630E-03
  3.5003969E-03
 -1.3118921E-03
  2.2437435E-03
 -3.3231270E-03
  2.9286651E-03
 -2.4514908E-03
  2.0090051E-02
