  4.2871814E-03
  3.7657339E-03
 -3.6798525E-03
  3.0120159E-03
 -1.4088402E-03
  3.3948584E-03
 -4.5831958E-03
  9.5632114E-03
 -8.9019481E-03
  5.3050756E-03
 -6.5836264E-03
  4.7975900E-03
 -3.0459170E-03
  5.3782589E-03
 -1.9926142E-03
  5.7743080E-03
 -3.6428382E-03
  1.4640807E-02
 -1.5712726E-03
  1.0467237E-02
 -3.9612460E-03
  1.4841413E-02
 -4.5769196E-03
  3.9255186E-03
 -1.3544051E-03
  6.7504095E-03
 -3.3093614E-03
  0.4411298    
 -6.3643008E-02
  0.2263233    
 -3.8517236E-03
  1.2220664E-02
 -7.0090182E-03
  1.7155768E-02
 -3.8401841E-03
  5.9981970E-03
 -2.2820265E-03
  3.6891887E-03
 -1.5163608E-03
  4.0420955E-03
 -1.0726495E-03
  3.9331820E-03
 -5.3087804E-03
  4.5020068E-03
 -2.2148527E-03
  3.0681051E-03
 -3.1232033E-03
  2.5811004E-03
 -1.3786409E-03
  3.4662364E-03
