  5.4092063E-03
 -4.3763067E-03
  6.0776882E-03
 -7.5228014E-03
  3.8500528E-03
 -3.3928771E-03
  3.3078187E-03
 -2.0450519E-03
  1.8357977E-03
 -1.7020853E-03
  1.5592597E-02
 -6.5113544E-03
  7.9386262E-03
 -1.0469781E-03
  1.4104974E-02
 -1.0192377E-02
  2.4098706E-02
 -3.7927963E-03
  7.4565187E-03
 -5.8129635E-03
  0.4567969    
  0.4391904    
 -1.2183833E-03
  0.1514763    
 -4.0346134E-02
  7.7981547E-02
 -3.1211115E-03
  1.4834277E-02
 -1.0217939E-03
  4.4553359E-03
 -1.7559179E-03
  3.2616484E-03
 -2.6551608E-03
  3.0961202E-03
 -1.2158554E-03
  2.7615651E-03
  1.9412503E-02
 -4.2297821E-03
 -1.2430684E-03
  2.3689528E-03
