  7.1504633E-03
 -7.9988595E-03
  4.5341724E-03
 -3.1466496E-03
  6.9407197E-03
 -4.1391924E-03
  2.8952952E-03
 -1.6141420E-03
  1.1455804E-02
 -6.6841329E-03
  4.1452539E-03
 -1.1455972E-03
  6.1281198E-03
 -2.8887629E-03
  1.7034655E-02
 -6.7195566E-03
  7.6969219E-03
 -4.2857290E-03
  9.4526149E-03
 -2.1008316E-03
  7.6301820E-03
 -1.5131745E-03
  4.0128931E-02
 -7.4007688E-03
  8.7249175E-02
 -4.2936858E-03
  0.6276052    
   1.005739    
 -1.6844793E-03
  3.9384891E-03
  2.4062358E-02
  5.4993890E-02
 -2.7461105E-03
  4.1128574E-03
 -4.2520547E-03
  6.0850512E-03
 -1.3801251E-03
  3.5032337E-03
 -6.7653949E-03
  2.0126825E-02
 -2.4375147E-03
  3.9667170E-03
 -2.3517793E-03
  3.6510306E-03
 -3.8511259E-03
  7.5763459E-03
