  5.2705300E-03
  2.4032819E-03
 -1.4020760E-03
  3.9322944E-03
 -1.8352027E-03
  2.7731524E-03
 -1.6143156E-03
  3.1937796E-03
 -1.4145023E-03
  9.2443377E-03
 -1.5365426E-02
  3.7850847E-03
 -2.7012303E-03
  4.8512639E-03
 -1.8469152E-03
  4.7798762E-03
 -2.0893931E-03
  1.6034229E-02
 -4.9384683E-03
  6.2283553E-02
 -1.5307484E-03
  0.5922472    
  0.5761407    
 -9.5976755E-02
  0.2452181    
 -2.3670828E-03
  3.3306011E-03
 -1.1761673E-03
  2.3653056E-02
 -3.3244623E-03
  2.7410643E-02
 -3.7089386E-03
  5.8671040E-03
 -5.0567337E-03
  9.2016198E-03
 -4.1245003E-03
  4.2345799E-03
 -8.3144923E-04
  2.1787286E-03
 -1.9423231E-03
  3.3200548E-03
 -2.9062815E-03
  8.5821170E-03
