  4.1422965E-03
 -3.7217620E-03
  3.0381959E-03
 -2.0509225E-03
  3.3291203E-03
 -3.3931837E-03
  1.3566979E-02
 -6.9418550E-03
  2.5304160E-03
 -1.1794912E-03
  5.9947567E-03
 -3.7828290E-03
  4.5272713E-03
 -2.2261585E-03
  1.7458687E-02
 -2.7707894E-03
  8.4530730E-03
 -3.2177959E-03
  7.1663517E-03
 -3.6255552E-03
   22.22382    
   1.596342    
   1.215023    
 -1.4915752E-03
  9.1700805E-03
 -1.0262835E-02
  3.9951719E-02
  3.9951719E-02
 -3.6848250E-03
  4.4125519E-03
 -0.1094309    
  1.3851455E-02
  1.3851455E-02
 -3.4244482E-03
  5.1505393E-03
 -2.7717946E-03
  4.2493078E-03
 -1.9727456E-03
  4.9610897E-03
 -1.8080740E-03
  3.8184642E-03
 -1.6775555E-03
  2.7211607E-03
 -1.0122949E-03
  2.6259052E-03
 -1.9276598E-03
  3.3465803E-03
