  1.1562468E-03
  2.8589477E-03
 -2.3842342E-03
  3.2994566E-03
 -1.5050457E-03
  5.2238298E-03
 -3.2506722E-03
  4.6516331E-03
 -5.1436932E-03
  9.4800554E-03
 -1.5950963E-02
  4.3135104E-03
 -2.6087894E-03
  3.1105734E-03
 -1.4609422E-03
  1.2033954E-02
 -1.6900800E-03
  1.6762998E-03
 -1.1077983E-03
  6.9330022E-02
 -1.7448831E-02
  0.5063875    
  0.5064919    
 -1.6565110E-03
  0.1783021    
 -7.4544558E-03
  1.5157122E-02
 -3.4001970E-03
  9.9476576E-03
 -6.9188024E-03
  1.3050030E-02
 -3.7463049E-03
  1.1642119E-02
 -2.6418613E-03
  3.9674374E-03
 -3.6132068E-03
  7.0137479E-03
 -6.7553972E-03
  1.7342301E-02
 -3.5027738E-03
  6.1317594E-03
 -5.6923105E-04
  1.6328255E-03
 -2.1149640E-03
  3.2755192E-03
 -1.6887881E-03
  2.8664956E-03
 -2.3403601E-03
  1.9255943E-03
