  1.9026324E-03
 -1.4288237E-03
  3.4542640E-03
 -3.1335035E-03
  4.2351554E-03
 -3.2083492E-03
  4.1103144E-03
 -2.3895840E-03
  4.9068914E-03
 -3.0413056E-03
  2.0959446E-02
 -1.6962629E-02
  8.7196967E-03
 -4.6057971E-03
  7.6796520E-03
 -4.2014564E-03
  4.8922066E-02
 -2.7837357E-03
  0.1655719    
  0.1655719    
 -2.3778355E-02
  1.2956737E-02
 -4.1227108E-03
  8.1566488E-03
 -3.8765927E-03
  8.1341662E-02
 -2.6962038E-03
  8.3678951E-03
 -1.8964306E-03
  7.2465171E-03
 -6.6449172E-03
  1.1236170E-02
 -1.5788643E-02
  3.0366270E-02
 -4.4126278E-03
  1.0183431E-02
 -1.8460146E-03
  2.7957174E-03
 -9.4730611E-04
  2.2292291E-03
 -1.8579139E-03
  2.6256780E-03
 -1.7960728E-03
  2.9820451E-03
