  3.0039113E-03
 -1.9725594E-03
  3.4154502E-03
 -2.5302833E-03
  3.0905977E-03
 -2.8720682E-03
  3.9683022E-03
 -2.4374714E-03
  2.1343281E-02
 -1.8903329E-03
  2.6141787E-02
  -1.440049    
  0.4609016    
 -0.1494427    
  0.3116073    
 -1.8187017E-03
  1.1597190E-02
 -3.4366339E-03
  7.9122735E-03
 -3.2992080E-02
  2.0737456E-02
 -3.8883358E-03
  4.9501299E-03
 -2.8866923E-03
  7.1756551E-03
 -2.9196353E-03
  4.1965381E-03
 -2.6552228E-03
  3.5996996E-03
 -5.2020033E-03
  8.8317357E-03
 -2.5421272E-03
  1.3244133E-02
