  3.3610743E-03
 -1.2434088E-02
  7.8504803E-03
 -2.9871580E-03
  2.3756959E-03
 -1.6645683E-03
  4.2593814E-03
 -3.7755850E-03
  3.3960876E-03
 -2.4536364E-03
  3.8396155E-03
 -4.1245585E-03
  8.4747253E-03
 -1.3008998E-03
  1.6589209E-02
 -1.1904436E-03
  0.4465296    
  0.4645176    
 -0.3440210    
 -0.3440210    
  0.2996079    
  0.2903112    
 -4.0435951E-02
  0.1165267    
 -2.4599712E-03
  7.1002883E-03
 -2.3054783E-03
  3.7074818E-03
 -3.6985499E-03
  1.0413886E-02
 -7.9984753E-04
  3.0608166E-03
 -9.3889690E-04
  3.0072450E-03
 -1.3398493E-03
  2.7396271E-03
 -1.3336476E-03
  2.3092655E-03
 -1.2870992E-03
  2.1310193E-03
