  7.7655106E-03
 -2.8815444E-03
  4.7456594E-03
 -2.3952697E-03
  2.8108682E-03
 -1.7658415E-03
  4.2560203E-03
 -4.2510000E-03
  3.8114300E-03
 -3.0759037E-03
  4.0847603E-03
 -2.6753040E-03
  5.2584782E-03
 -2.9602349E-03
  1.2079179E-02
 -2.4938961E-03
  1.0769397E-02
 -4.9896212E-03
  1.3972202E-02
 -3.0816083E-03
  1.2251588E-02
 -2.3826838E-03
  5.2937679E-02
 -3.4838109E-03
  0.6683471    
  0.6523332    
 -4.7339629E-03
  1.5363206E-02
 -4.0466785E-03
  2.2795168E-03
 -3.5427867E-03
  9.6423542E-03
 -9.5313666E-03
  1.5979588E-02
 -4.0502488E-03
  6.4649968E-03
 -5.4955301E-03
  1.3704955E-02
 -3.3010615E-03
  4.0388731E-03
 -1.2179174E-03
  2.3102628E-03
 -2.5845924E-03
  3.2758578E-03
 -1.2532870E-03
  2.3886864E-03
