  2.6108271E-03
 -2.6462034E-03
  2.0004886E-03
 -9.3135482E-04
  4.5244819E-03
 -3.3819014E-03
  2.9632375E-03
 -1.0084915E-03
  4.1975253E-03
 -3.6845533E-03
  7.4092732E-03
 -2.0959405E-03
  1.0882734E-02
 -5.7650027E-03
  2.1879114E-02
 -1.1022486E-03
  1.0128811E-02
 -3.7040585E-03
  6.6709012E-02
 -3.7942268E-02
  8.2485020E-02
 -3.7519671E-03
  1.7023541E-02
 -3.8836792E-02
  0.4106575    
  0.4106575    
 -3.4340456E-02
  6.5503769E-02
  6.5503769E-02
 -3.1269919E-02
  3.9855991E-02
 -4.6018283E-03
  5.9724948E-03
 -1.3671607E-03
  5.9989421E-03
 -3.3013029E-03
  3.2086391E-06
 -1.8584257E-03
  7.8429272E-03
 -7.0508267E-04
  1.3624236E-03
