  4.5445519E-03
 -4.3640300E-03
  3.2927888E-03
  2.8649818E-03
 -2.3743715E-03
  2.5739402E-03
 -1.0326406E-03
  3.5789320E-03
 -1.4150840E-03
  3.8605607E-03
 -1.2177285E-03
  8.0444803E-03
 -5.3465604E-03
  5.0090891E-03
 -3.4054837E-03
  1.0229565E-02
 -1.1885265E-03
  2.7526231E-02
 -7.4307225E-03
  0.1883024    
 -3.8959100E-03
  0.3218291    
  0.3218291    
 -1.2905408E-03
  8.2169384E-02
  5.1231936E-02
 -5.6433268E-03
  9.0097031E-03
 -2.9169384E-03
  1.0951154E-02
 -2.1246135E-02
  1.9890254E-02
 -2.5492073E-03
  3.3402622E-03
 -2.3039996E-03
  2.9838176E-03
 -3.3191952E-03
  3.7678729E-03
 -4.0759868E-03
  4.6993336E-03
 -7.1386795E-04
  1.5468415E-03
 -1.6091388E-03
  2.2457298E-03
 -2.8794031E-03
  3.7075069E-03
 -9.9554041E-04
  1.6871358E-03
