  2.1721618E-03
 -9.2848233E-04
  3.6006002E-03
 -3.8664159E-03
  2.3197418E-03
 -1.5281963E-03
  3.7449743E-03
 -2.1434545E-03
  4.6216398E-03
 -3.4052969E-03
  2.9706517E-03
 -2.4119089E-03
  8.6401151E-03
 -3.3197682E-03
  5.9389258E-03
 -3.7641660E-03
  7.5021205E-03
 -2.3379049E-03
  8.5975276E-03
 -2.8006188E-03
  6.5777614E-03
 -4.1578151E-03
  0.1394787    
 -0.1221465    
  0.8205840    
  0.7901234    
 -0.6632393    
  0.7469113    
 -1.5679176E-03
  6.3272510E-03
 -4.4545662E-03
  1.1795570E-02
 -3.0903576E-03
  4.7040964E-03
 -2.2259380E-03
  7.5269421E-03
 -4.9887397E-03
  6.1832992E-03
 -3.8803790E-03
  4.0144701E-03
 -2.6857960E-03
  2.8024525E-03
