  2.8482154E-03
 -1.7639676E-03
  3.2755088E-03
 -2.2154348E-03
  3.3155999E-03
 -2.7326944E-03
  4.9815318E-03
 -3.6602770E-03
  4.7379658E-03
 -1.4446168E-03
  7.7481288E-03
 -2.7624401E-03
  2.7392313E-02
 -6.7266636E-02
  1.4858991E-02
  1.4858991E-02
 -6.0627316E-03
  0.6443326    
  0.6586797    
 -2.3274645E-03
  4.2764891E-02
 -4.1387533E-03
  1.5386117E-02
 -2.7722842E-03
  7.0708958E-03
 -1.1092869E-03
  8.1348931E-03
 -1.2370048E-03
  5.4876246E-03
 -2.1225736E-03
  3.2957001E-03
 -3.9669932E-03
  2.2890225E-02
 -2.2001239E-04
