  2.5213291E-03
 -1.6760968E-03
  4.4818418E-03
 -1.7697639E-03
  3.4952727E-03
 -1.7284435E-03
  2.0771693E-03
 -8.5654994E-04
  3.2450543E-03
 -2.2761701E-03
  3.9593778E-03
 -2.3351563E-03
  4.8693153E-03
 -3.0930622E-03
  1.5488764E-02
 -1.6077320E-03
  1.0089605E-02
 -8.1222010E-04
  6.3467566E-03
 -4.3688198E-03
  0.7301248    
 -2.7342120E-02
  0.1286614    
 -4.6665459E-03
  7.9966579E-03
 -3.0802225E-03
  8.2680034E-03
 -4.3107802E-03
  4.8952834E-03
 -2.8142710E-03
  4.2417464E-03
 -2.5793011E-03
  3.9461809E-03
 -2.0196899E-03
  4.0011564E-03
 -3.5161062E-03
  3.3860041E-03
 -1.5992253E-03
  2.6231809E-03
