  1.1491465E-03
 -8.3603640E-04
  3.2827312E-03
 -1.2559309E-03
  1.8902719E-03
 -7.8248722E-04
  5.8895801E-03
 -8.7985350E-03
  3.7070035E-03
 -3.4884869E-03
  4.6885721E-03
 -2.3163608E-03
  1.0252533E-02
 -7.4456618E-03
  1.5554435E-02
 -1.1418822E-03
  0.5049076    
 -5.6146504E-03
  7.4085188E-03
 -3.4901483E-03
  5.7433307E-02
 -2.9103558E-03
  1.6018271E-02
 -2.8956532E-03
  6.5128533E-03
 -1.2284399E-02
  2.2467779E-02
 -3.5423010E-03
  8.7148426E-03
 -2.3615079E-03
  4.6830280E-03
 -1.1265337E-03
  2.8518792E-03
 -1.4342916E-03
  3.6001850E-03
 -6.8613044E-03
  7.1534729E-03
 -2.0317095E-03
  2.5255827E-03
 -1.2210230E-03
  1.9409241E-03
