  2.5332442E-03
 -2.8269175E-03
  2.6577418E-03
 -1.4801939E-03
  4.5218160E-03
 -3.8797206E-03
  5.0239977E-03
 -3.3828511E-03
  3.2095988E-03
 -3.4823772E-03
  3.7782143E-03
 -1.5176936E-03
  3.3792499E-03
 -1.4120758E-03
  2.7964723E-03
 -1.1515465E-03
  4.2253113E-03
  4.2253113E-03
 -2.8184345E-03
  1.9150745E-02
 -1.8643417E-03
  8.1469957E-03
 -3.2204927E-03
  7.8011318E-03
 -5.6861248E-03
  2.9302770E-02
 -3.8360539E-03
  8.0278469E-03
 -4.8388392E-03
  1.1807846E-02
 -3.6708922E-03
  0.5726268    
  0.5726268    
 -2.7552862E-03
  3.8532254E-03
 -1.1355716E-03
  2.5726103E-03
 -1.4568181E-03
  2.6570123E-03
 -1.4162895E-03
  2.4797739E-03
 -5.1092831E-03
  3.5648234E-03
 -1.3440238E-02
  3.9849030E-03
 -2.0752018E-03
  4.5860875E-03
 -2.3064518E-03
  2.7350152E-03
 -8.4871630E-04
  1.4832100E-03
