  1.7108779E-03
 -1.3565124E-03
  2.9066436E-03
 -2.6778192E-03
  2.7154412E-03
 -1.2893534E-03
  2.3575646E-03
 -1.1186061E-03
  2.7508421E-03
 -1.3649730E-03
  3.3149496E-03
 -1.2717068E-03
  5.7324232E-03
 -9.7941794E-04
  1.3844474E-03
 -1.0619680E-03
  1.4028526E-02
 -4.2870883E-03
  1.0787109E-02
 -7.7711456E-03
  0.6947696    
  0.6674271    
 -3.5503595E-03
  1.8727995E-02
 -2.7479937E-03
  5.8867065E-03
 -1.7148983E-03
  3.3949462E-03
 -1.5432483E-03
  2.4870951E-03
 -1.9214061E-03
  3.8737548E-03
 -1.3174663E-03
  2.9948833E-03
 -2.9820148E-03
  4.9806749E-03
 -1.7955541E-03
  2.8202524E-03
 -5.9467712E-03
