  2.2899825E-03
 -1.1780182E-03
  4.2630853E-03
 -4.0742964E-03
  3.1043836E-03
 -1.3047562E-03
  1.6118813E-02
 -8.5212523E-03
  3.4006708E-03
 -1.3587778E-03
  7.6300809E-03
 -4.6764021E-03
  1.4261287E-03
 -1.0744581E-03
  6.4333729E-02
 -3.1447940E-02
  5.4508313E-03
 -5.5590235E-03
  2.6151802E-02
 -2.6101905E-03
  0.1412536    
 -1.2241277E-03
  1.6456428E-03
 -1.3255818E-03
  0.6729416    
  0.6677535    
 -5.5872626E-03
  1.5510568E-02
 -3.1741504E-03
  6.2252027E-03
 -2.7999582E-03
  6.2382938E-03
 -3.0915726E-03
  4.7915876E-03
 -1.4151842E-03
  3.5716447E-03
 -5.6265858E-03
  1.2239379E-02
 -2.6356310E-03
  3.1157709E-03
