  1.7382019E-03
 -8.7108155E-04
  2.6826307E-03
 -3.3768157E-03
  4.5341658E-03
 -3.4994758E-03
  8.9005744E-03
 -9.1047911E-03
  3.3426222E-03
 -2.2035793E-03
  1.9427623E-03
 -1.2331711E-03
  6.0662893E-03
 -3.4594829E-03
  1.4692545E-05
  8.4570134E-03
 -7.5148186E-04
  3.0924264E-02
 -4.9362779E-03
  1.2120423E-02
 -4.3059043E-03
  1.8928086E-02
 -6.8600983E-03
  0.4182046    
 -6.5624826E-03
  0.1080889    
 -2.6495156E-03
  8.2046930E-03
 -2.5819922E-03
  4.4267373E-03
 -6.0270038E-03
  6.8693305E-03
 -3.6880863E-03
  3.8096635E-03
 -4.4531757E-03
  5.9780502E-03
 -4.8952526E-03
  4.6297554E-03
 -5.1407944E-03
  4.7662104E-03
