  3.0915120E-03
 -1.3643791E-03
  4.5692232E-03
 -1.6199199E-03
  3.0226840E-03
 -2.0452072E-03
  4.2937440E-03
 -3.1046083E-03
  4.6051871E-03
 -4.1785133E-03
  5.5350005E-03
 -1.1839258E-03
  2.1226043E-02
 -8.4553938E-03
  0.7208750    
  0.7229724    
 -1.5137751E-03
  0.1423788    
 -1.3712863E-03
  3.1302601E-02
 -1.1664962E-02
  2.9359691E-02
 -3.1968930E-03
  6.4376411E-03
 -2.3365365E-03
  3.6201559E-03
 -1.3971601E-03
  3.6802213E-03
 -3.3268735E-03
  3.8594096E-03
 -4.4726701E-03
  4.8337113E-03
 -1.3474411E-03
  2.6588484E-03
 -9.2631875E-04
  2.0420118E-03
 -8.1790535E-04
  1.1944773E-03
