  3.1705191E-03
 -4.0197060E-02
  2.3870124E-03
 -1.4335201E-03
  8.5399868E-03
 -3.4349274E-03
  3.4018238E-03
 -3.4830701E-03
  4.1565453E-03
 -3.1328902E-03
  5.4584495E-03
 -1.5548298E-03
  7.9169646E-03
 -3.0756360E-03
  6.2718624E-03
 -3.9569298E-03
  1.5894141E-02
 -1.0890112E-02
  7.1837589E-02
 -4.7656777E-03
  0.6475736    
  0.6593955    
 -1.0814321E-02
  2.9615704E-02
 -1.0996558E-03
  2.6751397E-02
 -4.0143090E-03
  8.6689480E-03
 -3.3091344E-03
  1.0785198E-02
 -6.6251941E-03
  1.9658282E-02
 -1.1743752E-03
  3.6627341E-03
 -1.9918536E-03
  3.3316971E-03
 -1.0277637E-03
  2.6489962E-03
 -1.8086441E-02
  5.7200831E-03
 -7.9480518E-04
  1.9198334E-03
 -3.8393005E-03
  2.8714810E-03
