  4.0356410E-03
 -4.5367749E-03
  2.3984297E-03
 -3.1016651E-03
  2.7758649E-03
 -1.3744524E-03
  3.9418205E-03
 -1.7961430E-03
  7.6801917E-03
 -1.0643948E-03
  1.3513524E-02
 -1.0823632E-03
   1.048578    
   1.004075    
 -1.0249538E-03
  1.0284745E-02
 -1.2671157E-03
  1.1943928E-02
 -1.2355599E-03
  4.8965900E-03
 -5.1745069E-03
  8.0008907E-03
 -1.1897853E-03
  3.1111618E-03
 -2.7878548E-03
  3.5540562E-03
 -1.8724897E-03
  2.8904579E-03
 -2.1188511E-03
  3.3927904E-03
 -1.0988851E-03
  2.7358658E-03
 -1.2966268E-03
  2.6163312E-03
 -1.2919375E-03
  2.5942079E-03
