 -4.6403562E-03
  3.9079646E-03
 -4.1457489E-03
  2.8334367E-03
 -2.7956297E-03
  3.2526730E-03
 -1.8673700E-03
  1.0910164E-02
 -1.0355935E-02
  2.5070293E-03
 -1.4318695E-03
  3.8107836E-03
 -1.0437041E-03
  6.5539354E-03
 -3.6118943E-03
  8.0823675E-03
  1.4487025E-02
 -4.4840151E-03
  8.6345002E-03
 -6.1382884E-03
  0.3883108    
 -2.9463724E-03
  0.3690963    
 -1.7035024E-03
  2.5854912E-02
 -2.5294882E-03
  8.4824124E-03
 -1.8488076E-03
  2.9620188E-03
 -3.5078705E-03
  6.3952282E-03
 -2.9418312E-03
  4.0445682E-03
 -2.0866394E-02
  6.5874546E-03
 -1.5791234E-03
  3.6269068E-03
 -2.4944323E-03
  2.1528339E-03
 -1.2422790E-03
  1.7893050E-03
