 -9.5569221E-03
  2.6279371E-03
 -9.2516672E-03
  1.5671666E-03
 -1.1189954E-03
  1.8295908E-03
 -1.0817989E-03
  1.7806659E-03
 -7.4889197E-04
  2.8068183E-03
 -9.8973012E-04
  5.9036654E-03
 -2.4211730E-03
  7.1786321E-03
 -3.1662229E-03
  2.1336054E-02
  2.8261725E-02
 -4.8682042E-03
  0.5983800    
  0.6008618    
 -2.0991273E-03
  9.2604212E-02
 -1.3241549E-03
  2.3817794E-02
 -3.2127579E-03
  6.2932363E-03
 -5.3046551E-03
  1.1730844E-02
 -2.7354811E-03
  5.5079488E-03
 -7.8163191E-04
  3.1257141E-03
 -1.1827570E-02
  5.5802520E-03
 -1.4202959E-03
  2.0852801E-03
