  4.3000504E-03
 -2.2839122E-03
  2.1213146E-03
 -1.3300393E-03
  1.5203843E-03
  4.7944677E-03
 -3.4711510E-03
  3.6893622E-03
 -3.6413872E-03
  6.7210672E-03
 -5.4934514E-03
  2.6979104E-03
 -1.1494918E-03
  6.8159853E-03
 -1.0777614E-03
  7.2156885E-03
 -1.2697185E-03
  1.0125156E-02
 -1.8861704E-03
  8.4557123E-02
 -4.3735639E-03
  7.2456202E-03
 -3.3972473E-03
  0.5748167    
  0.5748167    
 -1.5685073E-03
  1.2391946E-02
 -9.1869254E-03
  3.2568872E-02
 -1.1815202E-03
  4.5525907E-03
 -9.9762036E-03
  1.7378429E-02
 -3.0384674E-03
  4.7248490E-03
 -1.3546887E-03
  3.5165513E-03
 -2.5020984E-03
  3.6663052E-03
 -4.8700911E-03
  4.9304161E-03
 -3.3520933E-03
  4.2695305E-03
