  4.9445787E-03
 -7.3743742E-03
  2.1575363E-03
 -1.2670695E-03
  3.6716794E-03
 -3.1971375E-03
  3.3906989E-03
 -2.9328936E-03
  4.0508332E-03
 -2.6794393E-03
  5.3424933E-03
 -3.3602358E-03
  5.1268265E-03
 -3.2047895E-03
  1.2705226E-02
 -2.8338882E-03
  4.5644394E-03
 -3.1863532E-03
  7.6888930E-03
  0.4223916    
  0.4824641    
 -1.2312754E-03
  8.5413232E-03
 -3.4040629E-03
  0.2153013    
 -1.4534491E-03
  2.0521838E-02
 -7.7011879E-03
  9.4453171E-03
 -1.9201091E-03
  6.1534946E-03
 -1.5178667E-03
  5.2237185E-03
 -3.3972615E-03
  3.0762982E-03
 -4.8830789E-03
  6.7085349E-03
