  1.8472200E-03
 -7.9791108E-04
  6.1488808E-03
 -4.0036202E-03
  5.7412530E-03
 -1.7106896E-03
  1.3871532E-02
 -2.6129715E-03
  5.1691718E-02
 -4.6569269E-02
  6.3826973E-03
 -3.2758145E-03
  7.1132476E-03
 -3.1458035E-03
  7.8750677E-02
 -2.8091236E-03
  3.8681284E-02
 -4.2265193E-03
  6.6790730E-02
 -3.6408759E-03
  2.3931595E-02
 -1.2467583E-03
  3.4224570E-03
 -2.6759715E-03
  5.3161634E-03
 -1.0924403E-03
  4.7940677E-03
 -4.2439196E-03
  4.5622364E-03
 -3.3422736E-03
  3.1338057E-03
 -3.8150519E-03
  2.9317043E-03
 -1.5694412E-03
  2.8122317E-03
 -4.1589751E-03
  2.9922337E-03
