  1.8636002E-03
 -9.6858660E-04
  3.2815232E-03
 -1.7385841E-03
  5.8410191E-03
 -3.9892322E-03
  3.2409478E-03
 -2.6779645E-03
  2.9094568E-03
 -2.0742065E-03
  9.4959233E-03
 -4.4225329E-03
  0.2029430    
 -1.2479039E-03
  0.4753585    
  0.4986836    
 -1.4843408E-03
  4.7812484E-02
 -1.1222907E-03
  2.1173868E-02
 -9.3338676E-03
  7.7342852E-03
 -2.7095592E-03
  8.2638850E-03
 -2.5707262E-03
  1.0019202E-02
 -3.7801634E-03
  6.1666640E-03
 -2.9029138E-03
  5.9568733E-03
 -4.2194617E-03
  8.1469715E-03
 -3.2531044E-03
  6.2813270E-03
 -2.9341648E-03
  5.2740211E-03
 -1.6129720E-03
 -2.6417591E-03
  3.5319282E-03
 -2.7665657E-03
  2.8606667E-03
 -1.8414203E-03
  3.0332494E-03
 -6.9092433E-03
  5.2563096E-03
 -2.6738772E-03
  1.9081524E-03
