  3.0215424E-03
 -3.4390402E-03
  1.5890514E-03
  3.1376549E-03
 -2.0994942E-03
  3.8973864E-03
 -1.9817397E-03
  3.0519040E-03
 -2.0294848E-03
  3.8657775E-03
 -8.1477605E-04
  4.3839604E-02
 -1.3114585E-02
  0.8254170    
 -4.6036746E-03
  1.4362140E-02
 -4.2116647E-03
  2.4525845E-02
 -1.3131682E-03
  1.0766424E-02
 -3.6555533E-03
  6.3974978E-03
 -1.4640273E-03
  3.4930573E-03
 -1.4471329E-03
  4.8073647E-03
 -3.5954707E-03
  5.8638537E-03
 -3.2881547E-02
 -0.8383993    
 -0.7327880    
 -2.1381397E-03
  3.7645327E-03
 -3.6728375E-03
  4.3378249E-03
 -1.7852457E-03
  2.2465414E-03
