  5.4125255E-03
  7.3555489E-03
 -5.7788054E-03
  2.3044541E-03
 -1.0434154E-03
  4.0532132E-03
 -3.6312828E-03
  4.0347693E-03
 -2.5456457E-03
  3.4551406E-03
 -1.1156969E-03
  4.0485272E-03
 -3.2298022E-03
  3.9421800E-03
 -5.5260621E-03
  5.1631313E-03
 -3.3367600E-03
  1.5628755E-02
 -9.5610237E-03
  5.5668512E-03
 -3.4211879E-03
  1.9952262E-02
 -1.3125008E-02
  1.0301014E-02
 -4.4454625E-03
  0.1731924    
 -2.8521274E-03
  0.2083418    
 -1.4202468E-03
  0.1348311    
 -1.4813138E-03
  1.4414833E-02
 -4.3701525E-03
  3.7959490E-02
 -6.3159289E-03
  9.6970387E-03
 -1.6769737E-02
  2.6503436E-02
 -1.5406176E-03
  3.3324263E-03
 -3.3337048E-03
  4.1288366E-03
 -9.7079598E-04
  2.6227674E-03
 -5.8791274E-03
  3.4443296E-03
 -2.7917102E-03
