  3.9078901E-04
  1.7674904E-03
 -1.2665578E-03
  2.3751215E-03
 -1.1491687E-03
  2.6626934E-03
 -2.0986123E-03
  3.8664178E-03
 -3.0829075E-03
  6.3554621E-03
 -4.6977079E-03
  3.3247075E-03
 -1.3353694E-03
  5.8059329E-03
 -3.0485741E-03
  1.4868539E-02
 -3.3249478E-03
  1.5022867E-02
 -1.6707293E-03
  3.1416763E-02
 -4.1952855E-03
  7.9008229E-03
 -4.7548506E-03
  0.5597957    
  0.5570894    
 -6.3596359E-03
  3.4812760E-02
 -1.6835045E-02
  2.6388275E-02
 -3.0759017E-03
  5.4821344E-03
 -1.6623997E-03
  3.6940612E-03
 -5.7952926E-03
  6.4735864E-03
 -1.3628646E-03
  2.4075904E-03
 -3.9713397E-03
  4.4162534E-03
 -1.9965607E-03
  2.2232940E-03
