  5.7129548E-03
 -1.4163287E-03
  4.3112701E-03
 -3.8273684E-03
  2.2755314E-03
 -1.2297870E-03
  2.5522690E-03
 -1.5831763E-03
  4.7567012E-03
 -7.1621533E-03
  5.5926032E-03
 -1.0721558E-03
  2.8819425E-03
 -1.4359395E-03
  4.1298689E-03
 -1.3093431E-03
  5.9706261E-03
 -3.6294872E-03
  1.8798346E-02
 -4.4591920E-03
  0.7724792    
  0.7810645    
 -5.0181076E-03
  8.0310576E-02
 -2.6668613E-03
  1.3429783E-02
 -2.3193946E-03
  1.1976958E-02
 -2.3062050E-03
  7.2520799E-03
 -1.9790537E-03
  3.3502318E-03
 -3.7583394E-03
  4.8337984E-03
 -1.0201133E-02
  9.5396908E-03
 -3.0490938E-03
  3.5823029E-03
 -6.8329526E-03
  4.0469510E-03
 -3.8211201E-03
  3.2820131E-03
 -6.4828550E-04
  1.2011795E-03
