  2.5017282E-03
 -1.7393356E-03
  3.1686968E-03
 -1.8685792E-03
  5.4440806E-03
 -3.3304468E-03
  1.9297544E-02
 -1.3692219E-02
  7.3455172E-03
 -3.1471499E-03
  2.5570435E-02
 -3.4172516E-03
  1.2806063E-02
 -3.4169923E-03
  1.8782528E-02
 -4.0404997E-03
  0.8094022    
  0.8452113    
 -1.2550399E-03
  1.0303677E-02
 -2.1981939E-03
  3.9030861E-03
 -2.9485445E-03
  4.1860961E-03
 -9.9129661E-04
  1.8417187E-03
 -3.2142934E-03
  4.4693467E-03
 -7.2681461E-03
  1.2165241E-02
 -2.0600657E-03
  3.8073352E-03
 -7.7461707E-04
  2.1901543E-03
 -1.4784047E-03
  2.5700536E-03
