  2.0872427E-03
  4.5422055E-03
 -4.3021864E-03
  7.5860489E-03
 -6.3299453E-03
  3.7328957E-03
 -2.4943883E-03
  7.3362417E-03
 -6.0032508E-03
  3.7644100E-03
 -7.6780608E-04
  1.2188082E-02
 -2.6804353E-03
  0.2041656    
  0.2287717    
 -0.2687984    
  0.6303796    
 -3.2094626E-03
  1.7579928E-02
 -2.9767205E-03
  6.6022803E-03
 -3.9044402E-03
  4.4506546E-03
 -3.7305683E-03
  5.4685664E-03
 -1.6153834E-03
  3.9854576E-03
 -2.1452035E-03
  2.7584555E-03
 -3.8724141E-03
  4.5774672E-03
 -4.4673043E-03
  5.4340870E-03
 -1.0079186E-03
  1.6827716E-03
 -1.4545185E-03
  2.2647602E-03
 -6.2416412E-04
  1.3528785E-03
