  2.8681594E-03
 -2.4305489E-03
  7.2140167E-03
 -3.7924522E-03
  4.6829260E-03
 -3.0302200E-03
  3.2849968E-03
 -5.1487815E-03
  4.9137836E-03
 -4.1450607E-03
  6.0044038E-03
 -2.9376685E-03
  1.7669490E-02
 -5.1559820E-03
  2.0720072E-03
 -1.1875583E-03
  0.4209282    
  0.4209282    
 -1.3774873E-03
  0.2336632    
 -4.3880511E-03
  1.7582493E-02
 -6.1316998E-03
  1.7834401E-02
 -1.0436524E-03
  7.8543564E-03
 -2.4120833E-03
  4.5252619E-03
 -3.7833322E-03
  5.1496406E-03
 -2.0635717E-03
  4.3271109E-03
 -1.4580865E-03
  3.6722638E-03
 -6.0821781E-03
  4.2655962E-03
 -5.2902880E-03
  7.0230188E-03
