  2.0945878E-03
 -3.1165543E-03
  2.4499160E-03
 -1.5992441E-03
  3.4177650E-03
 -2.7153341E-03
  3.0260950E-03
 -2.2036410E-03
  3.7933742E-03
 -3.6959304E-03
  4.1244919E-03
 -1.1556753E-03
  4.6107303E-03
 -1.9346406E-03
  7.6075993E-03
 -3.4084336E-03
  9.1717029E-03
 -1.1521515E-03
  1.4437786E-02
 -1.5159893E-03
  6.7008031E-03
 -2.1009415E-03
  0.5372244    
 -1.6517096E-03
  0.1818929    
 -4.6732700E-03
  1.0281770E-02
 -3.2840511E-03
  7.7535817E-03
 -1.6010494E-03
  3.2412976E-03
 -4.2510307E-03
  7.4395090E-03
 -2.3225024E-03
  2.9094908E-03
 -5.3208349E-03
  5.5473992E-03
