 -2.3484405E-03
  1.6645554E-03
 -1.7450713E-03
  2.3492456E-03
 -5.9338757E-03
  1.1881142E-02
 -1.7283021E-03
  2.9493358E-03
 -2.9678450E-03
  5.3039235E-03
 -4.1960590E-03
  3.6589308E-03
 -1.7596654E-03
  5.0655454E-03
 -1.2941973E-03
  5.2854647E-03
 -1.9891935E-03
  5.9697512E-03
 -2.1993576E-03
  3.0264184E-02
 -1.0837493E-03
  0.4925223    
 -5.2207406E-03
  4.8006658E-02
 -2.6262132E-03
  1.3356355E-02
 -2.9154727E-03
  2.5005648E-02
 -3.4086835E-03
  5.4150205E-03
 -1.7968458E-03
  4.4965898E-03
 -5.3698034E-03
  3.4109171E-02
 -1.6787366E-03
  3.2231929E-03
 -1.9605975E-03
  3.0800106E-03
