  7.6518988E-04
  3.8808421E-03
 -4.5021479E-03
  2.1342800E-03
 -1.8839200E-03
  4.7376850E-03
 -3.7010433E-03
  5.4661944E-03
 -3.7322375E-03
  3.6141474E-03
 -3.0109012E-03
  3.4370916E-03
 -2.2539687E-03
  1.0932404E-02
 -7.4912393E-03
  1.1306827E-02
 -5.9706802E-03
 -5.9706802E-03
  4.3694288E-03
 -3.7152164E-03
  6.5701581E-03
 -3.6184641E-03
  4.2939242E-03
 -3.4711452E-03
  1.2839160E-02
 -3.4917223E-03
  0.1848271    
  0.1848271    
 -1.2942018E-02
  0.5486204    
 -3.1591142E-03
  8.8538034E-03
 -3.7245608E-03
  3.2521356E-02
 -2.2642242E-03
  1.0120442E-02
 -1.1828715E-03
  7.6058614E-03
 -1.0831824E-02
  1.8766263E-02
 -1.2885074E-03
  5.5649830E-03
 -9.0381820E-03
  1.2545762E-02
 -1.6535084E-03
  2.7059596E-03
 -1.7539263E-03
  1.8128819E-03
