  4.6285102E-03
  1.9721955E-03
 -8.4075425E-04
  2.1450270E-03
 -1.2426181E-03
  3.4957596E-03
 -2.2623085E-03
  9.9444510E-03
 -8.8562546E-03
  3.8521218E-03
 -2.2845415E-03
  8.6791981E-03
 -4.6485760E-03
  1.0557456E-02
 -3.2302940E-03
  1.5074342E-02
 -5.8423895E-03
  2.5288539E-03
 -1.2042795E-03
  0.1495627    
 -6.4820177E-03
  0.3826785    
 -1.4859337E-03
  2.3783600E-02
 -5.3274231E-03
  1.4403112E-02
 -3.5591701E-03
  7.6660975E-03
 -2.4298221E-02
  2.3752637E-02
 -2.4471497E-03
  5.9306682E-03
 -2.9411342E-03
  8.2290052E-03
 -1.1567648E-03
  4.6233195E-03
 -4.4069784E-03
  2.4135787E-02
 -4.8600193E-03
  9.6261632E-03
 -2.1214269E-03
  2.2125321E-03
