  5.2964408E-03
 -1.9785240E-03
  4.3105287E-03
 -2.2126511E-03
  9.1294786E-03
 -1.2107507E-02
  6.4487685E-03
 -2.6865005E-03
  6.7683798E-03
 -3.0067703E-03
  5.2592289E-03
 -3.2497051E-03
  8.6557763E-03
 -9.4798749E-04
  8.0244765E-03
 -1.1585151E-03
  1.6718913E-02
 -4.6674549E-03
  3.1705178E-02
 -4.6387473E-03
  9.7506624E-03
 -5.2516120E-03
  0.7994942    
  0.8265772    
 -1.7043260E-03
  2.0083871E-02
 -1.1835223E-03
  7.0622847E-03
 -2.1947285E-03
  5.4557268E-03
 -3.4435622E-03
  5.2783131E-03
 -1.9947016E-03
  2.8734796E-03
 -6.0219527E-03
  5.5968361E-03
 -3.1893281E-03
  3.7408390E-03
 -7.0107928E-03
  4.4544204E-03
 -5.8614095E-03
  3.8987468E-03
 -1.1008717E-03
  1.7604340E-03
 -7.9616561E-04
  1.0696022E-03
