 -6.9081513E-03
 -1.9121305E-03
 -9.2444010E-03
  2.0496561E-03
 -8.6843537E-04
  2.8511595E-03
 -2.4854490E-03
  2.9012538E-03
 -1.5938289E-03
  2.8549100E-03
 -1.8995379E-03
  5.1403721E-03
 -4.1385903E-03
  3.6143181E-03
 -8.1818481E-04
  9.0193497E-03
 -3.5708772E-03
  1.7821712E-02
 -5.3522405E-03
  1.6551569E-02
 -2.1947403E-02
  0.1141678    
  0.1141678    
 -2.8332394E-02
  0.5931504    
  0.5931504    
 -7.0876797E-04
  1.7494909E-02
 -6.2767020E-03
  1.2785097E-02
 -3.3375104E-03
  6.6257408E-03
 -2.8178722E-03
  5.9563820E-03
 -1.0038054E-03
  4.1441862E-03
 -3.5916718E-03
  4.1545215E-03
 -1.1918201E-03
  3.2883221E-03
 -6.2462832E-03
  6.8423240E-03
 -1.1977161E-03
  2.5436159E-03
 -4.0261382E-03
  4.2949282E-03
 -1.0366545E-03
  1.3699601E-03
 -1.7205529E-03
  2.6427135E-03
 -1.6832305E-03
  2.2475263E-03
