  1.7547302E-03
 -7.4207736E-04
  4.5726127E-03
 -2.3951326E-03
  6.1155506E-03
 -5.2163922E-03
  4.2321580E-03
 -1.1367295E-03
  4.2563747E-03
 -1.2960811E-03
  1.0501742E-02
 -2.8933766E-03
  2.1728549E-02
 -2.2153019E-03
  3.9098620E-02
 -4.0593199E-03
  5.5046365E-02
 -2.7125736E-03
  0.2510265    
 -2.7020429E-03
  7.9736179E-03
 -2.4485614E-03
  9.7093191E-03
 -5.1031341E-03
  1.6132399E-02
 -3.3890198E-03
  5.1917396E-03
 -3.8036336E-03
  7.7518420E-03
 -1.3982663E-03
  3.5283919E-03
 -3.0060688E-03
  4.7195125E-03
 -2.3172689E-03
  3.8787078E-03
 -3.8122716E-03
  3.8106863E-03
 -3.6254877E-03
  5.8810436E-03
 -1.8616362E-03
  2.8252611E-03
 -6.1186198E-03
  7.6259272E-03
 -1.1471848E-03
  2.4837819E-03
