  2.5192178E-03
 -1.4000988E-03
  8.8588307E-03
 -4.1908515E-03
  4.0586242E-03
 -1.5785259E-03
  5.5286838E-03
 -1.0002588E-03
  7.5538540E-03
 -1.4055828E-03
   1.173555    
  7.6071382E-02
  -6.756124    
 -0.8047941    
  4.5006506E-02
 -3.0760590E-03
  1.6773067E-02
 -3.6258667E-03
  2.3247004E-02
 -1.2596627E-03
  5.8182638E-02
  5.8182638E-02
 -2.0064297E-03
  1.1582662E-02
 -1.0692808E-03
  8.1276894E-03
 -5.5465656E-03
  1.1574791E-02
 -2.7465271E-03
  5.1044137E-03
 -6.0376927E-04
  1.5906175E-03
 -1.6519219E-03
  2.6492653E-03
 -2.7304809E-03
  1.0458138E-02
 -5.9656012E-03
  4.1390001E-03
