  2.8382633E-03
 -1.5571420E-03
  2.8052891E-03
 -2.0914136E-03
  3.1575249E-03
 -1.5258355E-03
  4.0323511E-03
 -1.0723439E-03
  4.6450165E-03
 -3.8530931E-03
  4.2015794E-03
 -1.2817848E-03
  1.1164900E-02
 -1.1196763E-03
  7.2171185E-03
 -3.7228442E-03
  3.5920370E-02
 -5.6152204E-03
  3.7490532E-02
 -5.1392466E-03
  0.1223307    
  0.1223307    
 -3.2839407E-03
  5.1037319E-02
 -2.9528956E-03
  1.8361043E-02
 -3.6639902E-03
  6.2064370E-03
 -4.0446171E-03
  1.2854158E-02
 -3.7689980E-03
  4.8814761E-03
 -2.6672066E-03
  4.8302882E-03
 -2.3219653E-03
  3.6910619E-03
 -8.2984772E-03
  1.2756767E-02
 -2.2863636E-03
  3.4188754E-03
 -2.1601233E-03
  3.4997435E-03
 -1.4012406E-03
  1.7198327E-03
