  6.6440762E-03
  4.8917448E-03
 -4.6922700E-03
  2.1450757E-03
 -1.1921740E-03
  4.5129675E-03
 -3.4277125E-03
  3.5413455E-03
 -2.3368578E-03
  1.1041971E-02
 -4.5328536E-03
  2.1153884E-02
 -3.3836027E-03
  4.8962418E-02
 -4.3972512E-03
   1.060750    
   1.080393    
 -3.3411398E-03
  7.0631340E-02
 -3.6318898E-03
  5.6772279E-03
 -8.1540993E-04
  3.6688733E-03
 -5.8004423E-03
  6.5379399E-03
 -3.3248127E-03
  4.5235404E-03
 -3.2433188E-03
  4.3814201E-03
 -1.1560987E-02
  1.0008492E-02
 -1.4522752E-03
  2.8143814E-03
  2.7983221E-03
 -1.7313953E-03
  2.2683586E-03
