  5.4584295E-03
 -4.8419680E-03
  4.0346510E-03
 -4.3337401E-03
  3.0618093E-03
 -9.4407157E-04
  5.7463688E-03
 -4.6018437E-03
  4.2587039E-03
 -2.3624259E-03
  5.8198785E-03
 -3.1161252E-03
  1.2922889E-02
 -1.1272102E-02
  1.6461633E-02
 -4.9910801E-03
  0.1662118    
 -5.9170313E-03
  6.0275714E-03
 -2.7750940E-03
  0.3059228    
  0.3059228    
 -4.1356236E-03
  6.0102269E-02
 -1.1635551E-03
  3.3926270E-03
 -3.9005771E-03
  7.4622985E-03
 -4.1438364E-03
  8.2333721E-03
 -1.2157470E-03
  4.7300570E-03
 -1.0638793E-02
 -1.3500828E-03
  2.1950372E-03
 -2.4305808E-03
  3.1170938E-03
 -8.4546488E-04
  1.7020523E-03
 -1.3339916E-03
  2.1337690E-03
 -3.4973542E-03
  9.7496416E-03
 -1.0862048E-03
  1.7256720E-03
