  3.7706045E-03
 -3.8963398E-03
  1.7566970E-03
 -1.0292683E-03
  4.1951635E-03
 -4.0957583E-03
  2.3932462E-03
 -7.9709030E-04
  5.0446209E-03
 -3.4761650E-03
  4.4502183E-03
 -2.9573366E-03
 -2.9573366E-03
  1.9386871E-02
 -1.3696797E-02
  1.3389362E-02
 -1.5970118E-03
  1.8243130E-02
 -1.3433164E-02
  3.6573552E-02
 -5.3665810E-03
  0.7363967    
  0.6793689    
 -3.4231977E-03
  7.5333588E-02
 -3.7812456E-03
  1.6323440E-02
 -3.4467261E-03
  4.7655725E-03
 -5.5425954E-03
  2.0951193E-02
 -2.6337346E-03
  6.4999699E-03
 -1.6120970E-02
  1.5218590E-02
 -3.3653269E-03
  5.1148981E-03
 -4.2038905E-03
  5.4495819E-03
 -2.3273414E-03
  2.7339333E-03
 -3.6264826E-03
  2.9588118E-03
 -2.3176046E-03
  4.1151913E-03
