  2.0800384E-03
 -8.7231450E-04
  3.8457061E-03
 -3.4879670E-03
  4.2302501E-03
 -3.4782900E-03
  3.7684657E-03
 -1.0928360E-03
  4.7818315E-03
 -2.8000595E-03
  4.3974919E-03
 -2.8203637E-03
  5.1692259E-03
 -2.3770973E-03
  1.5249413E-02
 -4.6823467E-03
  6.0472228E-03
 -4.1168560E-03
  1.2981457E-02
 -7.0512970E-03
  1.2325130E-02
 -2.2514919E-03
  1.5079113E-02
 -4.0648594E-03
  0.8656188    
 -4.7494755E-03
  2.2125591E-02
 -1.4206831E-03
  3.8759809E-03
 -2.9517275E-03
  5.5820546E-03
 -2.4894187E-03
  3.1726630E-03
 -4.2648893E-03
  4.9158894E-03
 -1.7103725E-03
  3.2957969E-03
 -2.0052344E-03
  2.8580339E-03
