  2.0133106E-03
 -1.1433783E-03
  1.6043363E-03
 -3.3234884E-03
  3.6586227E-03
 -3.9709085E-03
  5.1221638E-03
 -3.4408167E-03
  5.2119419E-03
 -5.1009669E-03
  4.1310135E-03
 -3.3257604E-03
  1.8895324E-03
 -8.9089992E-04
  6.8628709E-03
 -4.3014796E-03
  2.3067934E-02
 -1.8821670E-02
  1.2792534E-02
 -3.5418493E-03
  9.4431184E-02
 -6.3529484E-02
  1.6703436E-02
 -7.5342315E-03
  9.5032044E-02
 -1.9467052E-03
  9.2036992E-02
 -4.7503458E-03
  2.3970351E-02
 -2.9139710E-03
  9.5741199E-03
 -1.5294472E-03
  2.5470469E-03
 -3.5068614E-03
  4.3176305E-03
 -1.4950924E-03
  4.7048111E-03
 -1.5449532E-03
  4.8305560E-03
 -1.5400129E-03
  2.8946300E-03
 -4.3701809E-03
  5.9388611E-03
 -4.3417611E-03
  4.3585678E-03
