  1.9756143E-03
 -1.4234449E-03
  3.1910997E-03
 -3.0978927E-03
  3.1305209E-03
 -2.8387294E-03
  2.3591765E-03
 -1.1643925E-03
  7.8235492E-03
 -7.6977001E-03
  3.3689113E-03
 -2.6153240E-03
  3.8526738E-03
 -1.5225939E-03
  2.8264103E-03
 -1.2399068E-03
  3.3870344E-03
 -1.3887071E-03
  4.5324047E-03
 -3.3487992E-03
  5.3870794E-03
 -3.6033343E-03
  4.7629261E-03
 -2.9475428E-03
  6.5429118E-03
 -4.0155328E-03
  3.4323398E-02
  3.4323398E-02
 -1.6717945E-03
  0.6548231    
 -3.3796048E-03
  7.1475189E-03
 -4.1150940E-03
  9.8310532E-03
 -4.2816615E-03
  7.4811969E-03
 -2.1171523E-03
  6.8341075E-03
 -1.2767776E-03
  5.4880749E-03
 -2.8522168E-03
  2.4330090E-03
 -2.4614586E-03
  3.3718492E-03
 -1.2300529E-03
  2.7930436E-03
 -8.1329551E-03
  6.5556141E-03
