  5.2732336E-03
 -2.2927255E-03
  2.6668091E-03
 -2.4183083E-03
  5.0157416E-03
 -3.0805680E-03
  2.8930909E-03
 -2.4875319E-03
  4.5517064E-03
 -3.0935060E-03
  6.4344797E-03
 -9.3198207E-04
  4.9856855E-03
 -1.8137762E-03
  5.0223161E-02
 -7.0691379E-03
  0.5626470    
 -6.9021299E-03
  7.4898966E-02
 -2.8108817E-03
  5.3035012E-03
 -4.0032370E-03
  8.9200055E-03
 -1.2032733E-03
  1.5408430E-02
 -3.4260296E-03
  7.6281033E-03
 -1.3704781E-03
  3.1994409E-03
 -6.3659817E-02
  1.6211415E-02
 -2.5269007E-03
  2.9310628E-03
 -7.1493024E-03
  1.0865730E-02
 -3.4597078E-03
  3.6417323E-03
 -2.8704137E-03
  2.8492922E-03
 -3.2277689E-03
  4.2010257E-03
 -8.0468983E-04
  1.1201944E-03
