  2.8531943E-03
 -1.6690437E-03
  5.4595741E-03
  3.9353869E-03
 -4.1287243E-03
  2.1863875E-03
 -1.1065120E-03
  3.6637753E-03
 -1.4267910E-03
  8.3424980E-03
 -3.5565866E-03
  5.6442888E-03
 -9.9575787E-04
  0.1456692    
 -1.8083294E-03
  0.3746232    
 -8.2409838E-03
  2.4389952E-02
 -1.0669667E-02
  5.1999688E-03
 -2.1151998E-03
  5.5748560E-03
 -4.4635562E-03
  4.9848575E-03
 -6.7284750E-03
  7.7494155E-03
 -3.1188917E-03
  3.3339644E-03
 -1.2878600E-03
  2.8158128E-03
 -2.8825360E-03
  4.6405392E-03
