  2.1979625E-03
 -2.9130839E-03
  2.3985140E-03
 -2.0430486E-03
  1.4066311E-03
 -9.0791204E-04
  2.9089462E-03
 -1.7715190E-03
  3.8346495E-03
 -3.6251219E-03
  2.6259790E-03
 -1.3498336E-03
  9.8311119E-03
 -7.9068318E-03
  3.2508548E-03
 -1.3282637E-03
  3.3517617E-03
 -1.2950026E-03
  4.2325812E-03
 -1.9161855E-03
  9.5627764E-03
 -4.3826797E-03
  9.5451958E-03
 -4.9075284E-03
  5.4038726E-02
 -1.8933581E-03
  0.9182312    
  0.9182313    
 -1.6415308E-03
  1.2374435E-02
 -1.0667250E-02
  9.2150969E-03
 -5.6892131E-03
  1.2635306E-02
 -3.2869764E-03
  5.9506511E-03
 -2.0834478E-03
  4.8716250E-03
  4.8716250E-03
 -3.0779890E-03
  4.5011891E-03
 -4.6444437E-04
  1.5287003E-03
 -3.8317258E-03
  3.0541967E-03
 -2.7177266E-03
  2.7914532E-03
 -2.1420734E-03
  1.7245659E-03
