  1.9185819E-03
 -1.0366869E-03
  5.0286977E-03
 -1.0534898E-02
  2.8379711E-03
 -1.6046547E-03
  1.7476415E-02
 -6.9551514E-03
  5.3908424E-03
 -4.8987833E-03
  4.2649629E-03
 -2.6129733E-03
  1.1981811E-02
 -3.2313799E-03
  3.1516783E-02
 -9.4462978E-03
  1.9515729E-02
 -2.6653584E-03
  0.8966814    
  0.9289298    
 -1.2236545E-03
  2.2076964E-02
 -2.7563225E-03
  6.0670245E-03
 -3.7054594E-03
  6.7241290E-03
 -2.2905460E-02
  4.5031402E-02
 -2.0411457E-03
  3.9158789E-03
 -6.5298523E-03
  1.8702107E-02
 -5.1727686E-03
  1.0660448E-02
 -2.9932091E-03
  4.6687354E-03
 -7.3627611E-03
  4.9869698E-03
 -2.8766226E-03
  3.4691349E-03
 -7.0668692E-03
  1.8209947E-02
 -2.4654171E-03
  2.6864547E-03
 -1.1370386E-03
  1.9103913E-03
