  3.9747581E-03
 -2.1885508E-03
  4.6479441E-03
 -3.1771148E-03
  3.1977552E-03
 -2.1094896E-03
  4.9127438E-03
 -1.2022963E-03
  6.7757918E-03
 -2.4896956E-03
  1.0491870E-02
 -1.2152701E-03
  9.8017333E-03
 -3.2770045E-03
  7.8249024E-03
 -4.9608797E-03
  0.5980362    
  0.6079631    
 -1.2028049E-03
  7.3624039E-03
  7.3624039E-03
 -2.5629008E-03
  6.4025754E-03
 -1.6818821E-03
  9.4213113E-03
 -1.9202549E-03
  4.7480417E-03
 -1.4525256E-03
  3.5328267E-03
 -3.2056903E-03
  4.5457687E-03
 -3.1413233E-03
  3.8841029E-03
 -1.4981492E-03
  2.7862466E-03
