  3.3042687E-03
 -2.3519157E-03
  5.0401082E-03
 -3.9383178E-03
  3.6767276E-03
 -2.7757653E-03
  6.2861517E-03
 -5.4340689E-03
  3.1921528E-03
 -7.1843190E-04
  5.0401543E-03
 -2.3893148E-03
  5.4827435E-03
 -2.9405281E-03
  7.5000389E-03
 -2.1144901E-03
  1.3350302E-02
 -1.2580521E-03
  2.1538170E-02
 -3.4285274E-03
  0.4465269    
  0.5058273    
 -5.5354880E-04
  1.3442091E-02
 -5.3673610E-03
  1.9431524E-02
 -2.5467442E-03
  5.4747406E-03
 -1.3806870E-03
  5.4073855E-03
 -3.0852689E-03
  4.0919143E-03
 -1.2992632E-03
  2.9188616E-03
 -5.7391422E-03
  1.9729916E-02
 -1.7938365E-03
  7.7008842E-03
 -3.8739988E-03
