  1.1855111E-03
  7.2059771E-03
 -8.8342121E-03
  3.3503424E-03
 -2.3039633E-03
  3.7624408E-03
 -1.7471615E-03
  3.8025414E-03
 -1.4613890E-03
  5.9769531E-03
 -6.1192093E-03
  6.1273794E-03
 -4.5214854E-03
  8.3049769E-03
 -1.0178051E-03
  8.6233662E-03
 -2.1562683E-03
  0.3476563    
  0.3476563    
 -1.3395287E-03
  2.1459352E-02
 -3.1793588E-03
  2.6717804E-02
 -4.4942438E-03
  9.6257329E-03
 -1.8136862E-03
  4.3269261E-03
 -1.8924710E-03
  3.5862599E-03
 -9.9218893E-04
  4.1281395E-03
 -2.2814849E-03
  3.0351679E-03
 -2.7275954E-03
  4.0046950E-03
 -9.6651638E-04
  2.2225142E-03
 -1.0341026E-03
  1.7092873E-03
 -3.3306414E-03
  3.3989458E-03
 -6.0300380E-03
  3.3855070E-03
