  2.7102476E-03
 -1.3428417E-03
  2.4670747E-03
 -1.3504033E-03
  9.1448165E-03
 -1.1355744E-02
  3.2928102E-03
 -1.5905092E-03
  4.7278078E-03
 -2.8203910E-03
  1.1998218E-02
 -3.6189468E-03
  7.2609368E-03
 -5.1130592E-03
  5.6520090E-03
 -1.1978044E-02
  2.1071488E-02
 -3.1071354E-03
  5.7269890E-02
 -3.2288476E-03
  8.8461749E-02
 -2.5747274E-03
  8.1846789E-03
 -1.9344654E-03
  1.6046070E-02
 -1.5403319E-03
  7.4481796E-03
 -1.0451432E-02
  7.9470705E-03
 -1.9209898E-03
  4.0282262E-03
 -5.5852365E-03
  4.7639180E-03
 -2.6358312E-03
  3.3689225E-03
 -9.6896838E-04
  1.9788041E-03
