  1.4160293E-03
 -6.9257792E-04
  3.5156836E-03
 -1.9619856E-03
  3.0707743E-03
 -2.7448814E-03
  3.7789531E-03
 -1.5595551E-03
  3.0231564E-03
 -2.2971153E-03
  3.2356330E-03
  3.2356330E-03
 -1.0803477E-03
  5.0209002E-03
 -3.0219839E-03
  1.0623536E-02
 -4.5814505E-03
  4.4612296E-02
 -6.7383605E-03
  0.6941350    
  0.7038406    
 -9.0832692E-03
  0.1204511    
 -2.7497462E-03
  1.0174956E-02
 -7.8699756E-03
  8.7614600E-03
 -3.7539373E-03
  1.4587726E-02
 -1.1004333E-02
  3.0040117E-02
 -1.4573173E-03
  8.0545023E-03
 -5.5580661E-03
  1.3214801E-02
 -2.9075360E-03
  4.2507276E-03
 -9.5972524E-04
  3.0862917E-03
 -1.7131278E-03
  2.6585360E-03
