  3.1558061E-03
 -2.4170754E-03
  3.8832226E-03
 -2.7388064E-03
  5.3931582E-03
 -3.4003442E-03
  5.7949484E-03
 -1.7438676E-03
  1.1722584E-02
 -6.4374781E-03
  5.8246907E-03
 -1.2419521E-03
  8.4056938E-03
 -1.7982807E-03
  1.0161358E-02
 -4.2240652E-03
  4.8663709E-02
 -4.9857888E-03
  0.5142337    
 -3.4746937E-03
  2.0344909E-02
 -0.1396618    
 -0.1396618    
  7.9619013E-02
  7.9619013E-02
 -2.5899985E-03
  9.8561961E-03
 -1.7880605E-03
  4.5431733E-02
 -2.0786170E-03
  1.7746236E-02
 -9.7621663E-04
  4.5462125E-03
 -1.3266315E-03
  3.3110951E-03
 -1.2579543E-02
  1.1057016E-02
 -2.9239452E-03
  4.2483467E-03
 -6.5829759E-03
  4.3070042E-03
 -9.1968192E-04
  2.0301812E-03
 -2.7368777E-03
  3.3235962E-03
