  3.1278373E-03
 -2.5611990E-03
  2.3044948E-03
 -1.2351949E-03
  2.6021763E-03
 -1.8841270E-03
  4.8222477E-03
 -4.5494330E-03
  2.9178695E-03
 -2.3304797E-03
  3.3431449E-03
 -9.5367501E-04
  6.8181152E-03
 -2.8323792E-03
  3.2014386E-03
 -1.0421040E-03
   1.430253    
   1.630898    
 -7.7101171E-02
  0.1159946    
 -6.5350509E-03
  8.3445810E-02
 -8.6162792E-04
  1.6800847E-02
 -1.0730294E-02
  2.7427346E-02
 -3.7244218E-03
  4.4783577E-03
 -2.3169846E-03
  5.9922813E-03
 -1.1355244E-03
  4.2738453E-03
 -1.9206962E-03
  3.1533672E-03
 -3.2718135E-03
  3.3578188E-03
 -2.0323126E-03
  6.1684884E-02
