  3.3058957E-03
 -1.2854156E-03
  6.4099603E-03
 -3.5154573E-03
  1.8774631E-03
 -1.2089321E-03
  3.0425363E-03
 -2.1947473E-03
  8.8190241E-03
 -1.1784066E-02
  4.7250097E-03
 -3.5725874E-03
  3.6528637E-03
 -2.4865593E-03
  2.6943970E-03
 -7.3259493E-04
  8.1771584E-03
 -2.1480317E-03
  6.1104507E-03
 -1.6305979E-03
  0.5668907    
 -9.5495665E-03
  5.4757528E-02
 -1.3718120E-03
  9.1898786E-03
 -9.8052593E-03
  1.6652707E-02
 -1.4773147E-03
  4.7653797E-03
 -2.0378598E-03
  3.1995093E-03
 -1.1249362E-02
 -1.2026507E-03
  2.6036121E-03
 -1.3148838E-03
  2.1913515E-03
 -4.5865239E-03
  4.5594499E-03
