  3.1521088E-03
 -1.7799363E-03
  2.7108165E-03
 -1.8359001E-03
  3.6119611E-03
 -2.0934178E-03
  3.3481005E-03
 -2.0917673E-03
  6.1222552E-03
 -3.3237659E-03
  1.1974752E-02
 -2.2346028E-03
  1.1680731E-02
 -1.2246870E-03
  1.0553743E-02
 -2.9459784E-03
  7.9603530E-02
 -1.2824045E-03
  1.8225828E-02
 -2.8234022E-03
  0.2752071    
  0.4183113    
 -2.6939996E-03
  8.7614041E-03
 -9.7885751E-04
  4.6231761E-03
 -3.5037894E-03
  6.4798184E-03
 -2.9743947E-03
  3.5775299E-03
 -1.1212161E-03
  3.0069591E-03
 -2.0770601E-03
  2.6830346E-03
 -2.4630867E-03
  2.5314742E-03
