  2.7186999E-03
 -1.6500705E-03
  5.3676637E-03
 -1.4279862E-02
  3.3323003E-03
 -2.2186905E-03
  3.3608289E-03
 -1.6579010E-03
  4.3590269E-03
 -3.7464318E-03
  5.2233036E-03
 -3.3571511E-03
  8.1796646E-03
 -4.7134641E-03
  5.1348899E-03
 -2.6099861E-03
  1.9608077E-02
 -9.9433158E-03
  8.1253722E-03
 -1.0906839E-03
  7.8778584E-03
 -2.4703750E-03
  6.4951535E-03
  2.3860287E-02
 -6.3087400E-03
  0.3341304    
  -1.557053    
 -0.8907616    
  0.3524313    
 -6.4259954E-03
  1.1308100E-02
 -1.3585230E-03
  8.0869338E-03
 -7.2264583E-03
  1.7301571E-02
 -3.8110691E-03
  6.1514522E-03
 -1.4052769E-03
  1.2856791E-02
 -1.8346470E-03
  3.7787824E-03
 -9.7323945E-03
  1.0722786E-02
