  5.5696857E-03
 -3.0303679E-03
  1.6679332E-03
 -4.7952557E-04
  3.9751744E-03
 -3.3073735E-03
  3.9186827E-03
 -3.0965954E-03
  3.3173610E-03
 -2.3263434E-03
  2.5148180E-03
 -2.1197230E-03
  1.0053853E-02
 -2.9874563E-03
  1.5472105E-02
 -1.2833745E-03
  5.0342292E-02
 -2.9466499E-03
  7.6986708E-02
 -1.1218573E-03
  1.2123131E-03
 -7.7822077E-04
  0.3766134    
 -1.2308639E-03
  1.5511302E-03
 -1.6987618E-03
  5.6575499E-03
 -1.0474216E-02
  2.4126191E-02
 -3.3173726E-03
  4.8243501E-03
 -1.2447201E-03
  2.9707034E-03
 -3.1118374E-03
  2.6195403E-03
