  2.6584007E-03
 -2.2834460E-03
  3.8989638E-03
 -1.0769906E-02
  3.0449932E-03
 -2.2893962E-03
  5.5834660E-03
 -2.8341589E-03
  4.5128833E-03
 -3.1614597E-03
  3.5554983E-03
 -1.4588271E-03
  7.1688355E-03
 -1.5958471E-03
  9.6127950E-03
 -2.5274651E-03
  4.3940246E-02
 -2.9308980E-03
   1.166186    
   1.444160    
  -2.023585    
  -1.759497    
  -2.081830    
   1.528643    
   1.474617    
   1.096433    
 -8.9085698E-03
  1.0120727E-02
 -3.6929979E-03
  2.6876288E-02
 -3.2449914E-03
  7.4595739E-03
 -2.8041790E-03
  6.3363537E-03
 -2.4307221E-03
  6.5981881E-03
 -7.7689294E-04
  2.3858077E-03
 -3.2291608E-03
  4.5834896E-03
 -3.1581982E-03
  3.3683947E-03
 -1.9986553E-03
  2.7855686E-03
 -2.2719142E-03
  3.3956219E-03
 -2.4798361E-03
  1.9427543E-03
 -1.2455224E-03
  1.3605229E-03
