  1.8832157E-04
 -6.2401923E-03
  2.1400684E-03
 -8.5345958E-04
  3.3024403E-03
 -1.4658422E-03
  3.7282866E-03
 -2.8036437E-03
  3.9295736E-03
 -2.4739855E-03
  5.1411060E-03
 -3.3227173E-03
  7.0268605E-03
 -3.4123666E-03
  2.9760735E-02
 -1.4239022E-03
  0.2845581    
  0.2845581    
 -7.2859740E-03
  0.3030482    
 -2.9458532E-03
  3.6975853E-02
 -1.1862423E-02
  3.9992582E-02
 -3.2623257E-03
  4.4734455E-03
 -4.1350848E-03
  9.8421909E-03
 -2.6149799E-03
  3.3429542E-03
 -3.0952920E-03
  8.4544253E-03
 -2.6456206E-03
  2.6876552E-03
 -3.5345203E-03
  2.4794010E-03
