  2.3460563E-03
 -2.9782593E-02
  8.0513116E-03
 -3.3296859E-03
  4.9633021E-03
 -2.5284216E-03
  2.3819604E-03
 -1.0230102E-03
  2.9541394E-03
 -1.9597616E-03
  5.2465401E-03
 -3.3851098E-03
  4.5295730E-03
 -2.3284105E-03
  3.6350759E-03
 -2.4786235E-03
  4.1497201E-03
 -3.1554394E-03
  4.3442710E-03
 -1.6765880E-03
  5.0745853E-03
 -3.1968756E-03
  1.1089054E-02
 -1.6501151E-03
  3.5299234E-02
 -3.7184812E-03
  0.1567262    
 -5.6931903E-03
  0.5090858    
 -1.3023826E-02
  7.9739131E-02
 -1.1174709E-03
  2.4932131E-02
 -2.8052682E-02
  3.9328836E-02
 -2.6566626E-03
  4.3352121E-03
 -1.5583821E-03
  4.0089907E-03
 -2.4747406E-03
  3.3662997E-03
 -1.3046979E-03
  2.6880167E-03
 -1.5698045E-03
  3.7171009E-03
 -2.1212092E-03
  2.5755791E-03
 -1.1891078E-03
 -1.9823734E-03
  1.7057188E-03
