  1.4031545E-03
 -1.7677086E-03
  1.4327973E-03
 -7.4335624E-04
  2.9275438E-03
 -2.3753531E-03
  3.7461063E-03
 -3.3393498E-03
  3.0180225E-03
 -2.3997379E-03
  3.6082233E-03
 -3.0476709E-03
  3.9252979E-03
 -2.5161775E-03
  4.1352292E-03
 -3.5465846E-03
  9.5115788E-03
 -1.9086149E-03
  2.9066395E-02
 -1.2100049E-03
  0.5553420    
  0.5512786    
 -3.7797522E-03
  1.0630457E-02
 -2.7023032E-03
  5.4135858E-03
 -1.4673198E-03
  5.8147833E-03
 -1.4149733E-03
  2.9987132E-03
 -2.5642323E-03
  4.4032051E-03
 -3.3991307E-03
  3.1942304E-03
 -2.9410792E-03
  3.3290337E-03
 -2.4179770E-03
  3.2079252E-03
