  3.2808643E-03
 -1.7314620E-03
  2.6010792E-03
 -1.5820584E-03
  2.2657814E-03
 -1.1255672E-03
  1.3797726E-02
 -1.1075867E-02
  3.4664143E-03
 -2.7756393E-03
  4.3557207E-03
 -2.0803874E-03
 -2.0803874E-03
  4.3142228E-03
 -3.1067866E-03
  1.0751156E-02
 -3.0994753E-03
  2.3322286E-02
 -1.2927856E-03
  9.1973841E-03
 -9.6356738E-03
  0.1051382    
 -3.8136207E-02
  0.1742552    
 -6.7550071E-02
 -6.7550071E-02
  1.7732024E-02
 -2.4971559E-03
  3.3390939E-02
 -2.6380620E-03
  1.5791548E-02
 -2.8412244E-03
  1.7632144E-02
 -2.9390447E-03
  6.7095500E-03
 -1.2949543E-03
  9.4463369E-03
 -1.0026560E-02
  1.2629345E-02
 -2.9490839E-03
  4.8444141E-03
 -4.1953586E-03
  6.3412245E-03
 -1.0491647E-03
  2.4042067E-03
 -2.3145389E-03
  3.1776447E-03
 -1.8675660E-03
  2.6481468E-03
 -2.0332185E-03
  3.3322661E-03
 -6.9811381E-04
  1.4231511E-03
