  2.2474765E-03
 -2.8016819E-03
  2.0554936E-03
 -2.7708774E-03
  1.3150868E-02
 -5.6023025E-03
  4.6515404E-03
 -2.1218862E-03
  5.4621259E-03
 -3.9537004E-03
  1.2591531E-02
 -4.9573854E-03
  6.5774047E-03
 -1.5707557E-03
  4.1415631E-03
 -1.2967007E-03
  8.3270654E-02
 -8.6559774E-03
  0.3812360    
 -6.8478376E-02
  0.2600120    
  0.2753845    
 -6.5149115E-03
  3.8334653E-02
 -1.8990939E-03
  4.7021415E-03
 -1.9934415E-03
  2.8465528E-03
 -3.5499625E-03
  4.8301616E-03
 -1.9108346E-03
  3.1247919E-03
 -1.8964208E-03
  3.0781764E-03
 -3.9733388E-03
  4.4400985E-03
 -2.9050861E-03
  2.5779870E-03
 -2.0748989E-03
  3.9268509E-03
 -1.5415790E-03
  2.1839654E-03
