  2.4420489E-03
 -3.2887631E-03
  2.5241640E-03
 -1.1722504E-03
  2.6387973E-03
 -9.1712881E-04
  2.7827381E-03
 -1.7830448E-03
  3.5603305E-03
 -1.3590356E-03
  4.2095440E-03
 -2.7172109E-03
  1.4822466E-02
 -5.5192779E-03
  3.7479538E-03
 -2.6565921E-03
  1.5523443E-02
 -7.4307765E-03
  8.2636913E-03
 -6.5286341E-03
  5.9774853E-03
 -2.3606790E-03
  0.6571881    
  0.6520216    
 -1.3566812E-03
  1.0436660E-02
 -1.0729316E-03
  8.0383113E-03
 -1.0516592E-03
  4.0112562E-03
 -4.7996701E-03
  2.4856176E-02
 -1.5822967E-03
  2.6049404E-03
 -3.3918880E-03
  3.8817448E-03
 -1.2070781E-03
  2.7915095E-03
 -1.1854246E-03
  1.3335773E-03
 -1.4633358E-03
  1.8428609E-03
