  1.8095275E-02
  2.8724910E-03
 -2.3617272E-03
  5.0034723E-03
 -3.3767016E-03
  5.5104531E-03
 -4.0004100E-03
  3.5127040E-03
 -2.7451224E-03
  3.1803488E-03
 -2.7551546E-03
  3.7148935E-03
 -2.5102068E-03
  5.2280207E-03
 -3.5354509E-03
  8.3844606E-03
 -2.5915881E-03
  5.2909674E-03
 -3.6154299E-03
  2.2320919E-02
 -1.1505637E-03
   1.649633    
   3.647601    
 -0.9209217    
  0.5136091    
 -4.6185730E-03
  7.0756343E-03
 -2.7634671E-03
  4.4010829E-02
 -2.9419961E-03
 -2.9419961E-03
  1.0382809E-02
 -3.7378503E-03
  6.2060216E-03
 -2.4801081E-03
  4.0367641E-03
 -4.0785926E-03
  6.0544559E-03
 -2.1588767E-03
  4.8894505E-03
 -5.0532776E-03
  2.7791008E-03
