  2.3903097E-03
 -1.3489641E-03
  2.8415387E-03
 -1.9197187E-03
  3.6292495E-03
 -1.8049070E-03
  3.1379422E-03
 -2.2075889E-03
  6.6334074E-03
 -3.0316508E-03
  1.5820718E-03
 -7.3940092E-04
  3.6686228E-03
 -2.9831766E-03
  1.4304547E-02
 -4.1456106E-03
  5.1142942E-02
 -2.1740803E-02
  2.3102282E-02
 -2.3037845E-03
  4.7052067E-02
 -3.0757375E-03
  8.6342636E-03
 -6.4636162E-03
  0.4028162    
 -5.6392322E-03
  1.7321657E-02
 -3.3809326E-03
  6.9341050E-03
  5.8624309E-02
 -3.1140898E-03
  3.3809494E-03
 -1.7989894E-03
  5.7054148E-03
 -1.8353745E-03
  4.6409341E-03
 -1.6443690E-03
  4.0098387E-03
 -3.1128309E-03
  5.2939458E-03
 -3.1884667E-03
  3.2378293E-03
 -1.8379581E-03
  2.6809862E-03
 -1.8892554E-03
  3.8432577E-03
