  1.7958989E-03
 -7.8440562E-04
  3.3557646E-03
 -1.7268732E-03
  3.3525974E-03
 -1.5758622E-03
  4.3490469E-03
 -3.7875634E-03
  5.4546241E-03
 -3.6218138E-03
  3.6909380E-03
 -9.8978507E-04
  1.1466532E-02
 -3.2269626E-03
  1.6125889E-02
 -1.8084588E-03
  0.6665175    
 -1.6217633E-03
  1.0389742E-02
 -5.2993428E-03
  1.5478310E-02
 -4.4920156E-03
  2.4184026E-02
 -3.7835506E-03
  8.5607404E-03
 -4.7567948E-03
  1.4560190E-02
 -3.1834459E-03
  2.9406000E-03
 -6.9592521E-03
  9.3228212E-03
 -3.2382570E-03
  8.1159538E-03
 -8.5195171E-04
  4.9563535E-03
 -1.4974952E-03
  3.8424672E-03
 -2.1662444E-03
  4.0626638E-03
 -5.9031830E-03
  4.6375943E-03
 -8.5472292E-04
  2.2592787E-03
 -2.2220726E-03
  3.2844362E-03
 -7.7724818E-04
  1.4258934E-03
 -2.5122392E-03
  6.9584954E-03
