  1.6610036E-03
 -9.4319897E-04
  2.7528924E-03
 -2.0931333E-03
  2.6885311E-03
 -1.9978082E-03
  2.9767365E-03
 -1.4948545E-03
  3.4299500E-03
 -2.9318060E-03
  5.0662472E-03
 -1.1936575E-03
  5.1893210E-03
 -3.1654960E-03
  1.2864605E-02
 -3.2647674E-03
  0.5760829    
 -1.1778333E-03
  2.4040295E-03
 -1.1234710E-03
  6.3309968E-02
 -5.5178064E-03
  2.0622138E-02
 -3.9754212E-03
  1.1452265E-02
 -4.3975017E-03
  5.8031753E-03
 -9.8435138E-04
  3.4561900E-03
 -2.8157376E-03
  4.4582444E-03
 -3.4330045E-03
  5.0295098E-03
 -1.4305691E-03
  3.1873090E-03
 -1.0965030E-03
  2.0285719E-03
 -1.0402751E-03
  2.0939710E-03
