  1.4685299E-03
 -9.1608561E-04
  7.6882499E-03
 -2.6930908E-03
  2.1620344E-03
 -1.9359400E-03
  4.1814479E-03
 -2.4480154E-03
  2.9066517E-03
 -2.4701720E-03
  4.0653544E-03
 -2.4541437E-03
  6.7569073E-03
 -1.5304363E-03
  8.0745835E-03
 -3.9436948E-03
  6.7223579E-02
 -3.6138410E-03
  6.9565803E-02
 -8.9437002E-03
 -8.9437002E-03
  0.4368426    
 -1.2454360E-03
  1.0367350E-02
 -3.6033944E-03
  6.2606898E-03
 -2.7793818E-03
  6.6444133E-03
 -2.6507690E-03
  5.1932558E-03
 -3.9945892E-03
  8.3593111E-03
 -2.2472034E-03
  2.7102781E-03
 -2.8555135E-03
  3.2936821E-03
