  3.5483020E-03
 -1.6556892E-03
  1.2918609E-02
 -1.2546982E-02
  2.8502694E-03
 -2.4241533E-03
  9.5072398E-03
 -2.7886406E-03
  4.7892630E-03
 -4.4914940E-03
  6.3427072E-03
 -3.6334279E-03
  4.6789837E-03
 -3.3374589E-03
  2.1964975E-03
 -1.1308294E-03
  4.5958310E-03
 -2.6448483E-03
  1.3697073E-02
 -5.5669420E-03
  4.6228226E-02
  4.6228226E-02
 -7.7653350E-04
  7.9755440E-02
 -3.5672421E-03
  9.8754419E-03
 -4.6502491E-03
  6.5568000E-02
 -5.6584980E-03
  2.0747172E-02
 -3.2501100E-03
  7.3934784E-03
 -2.6410352E-03
  6.0208663E-03
 -6.0510524E-03
  1.1027501E-02
 -1.8385802E-03
  2.7999457E-03
 -1.7475222E-03
  3.8899123E-03
 -1.4275447E-03
  2.2754397E-03
 -1.0449950E-03
  1.5367523E-03
