  1.7889797E-03
 -8.8175602E-04
  1.7511678E-03
 -1.0307857E-03
  2.7189453E-03
 -1.6172567E-03
  4.1728714E-03
 -2.9923036E-03
  4.8509366E-03
 -4.2353431E-03
  4.6240091E-03
 -3.0232796E-03
  8.4598204E-03
 -3.5877740E-03
  6.6264952E-03
 -1.4515331E-03
  2.8418787E-02
 -2.8948612E-03
  7.5011447E-02
 -3.5157442E-02
  0.6248795    
  0.5818285    
 -5.8467514E-03
  0.1681238    
 -4.6708402E-03
  1.6007315E-02
 -2.9260486E-03
  5.6478623E-03
 -3.5956602E-03
  5.1302267E-03
 -1.1380749E-03
  3.8362152E-03
 -1.9316381E-02
  1.4174581E-02
 -1.7675941E-03
  3.0818502E-03
 -1.6467457E-03
  3.0271753E-03
 -4.4875965E-03
  4.1616550E-03
 -3.2920989E-03
  4.8565706E-03
 -2.2096634E-03
  2.9161256E-03
 -9.8593789E-04
  1.4009966E-03
