  3.6797253E-03
 -3.1636844E-03
  3.0872887E-03
 -2.5135912E-03
  3.3628049E-03
 -1.3809737E-03
  3.0331193E-03
 -2.6775897E-03
  4.9751592E-03
 -2.7347705E-03
  4.1060103E-03
 -1.1681989E-03
  1.0956442E-02
 -3.5075641E-03
  3.0194188E-02
 -3.5304802E-03
  6.6750208E-03
 -3.2144096E-03
  0.4601342    
 -7.6914407E-02
  0.1676593    
 -1.1294892E-03
  5.6516036E-02
 -3.9880436E-02
  1.4856782E-02
 -2.7370860E-03
  4.8298244E-03
 -3.0699240E-03
  4.6233926E-03
 -1.1532603E-02
 -1.1532603E-02
  5.0075310E-03
 -1.0317047E-03
  2.0454314E-03
 -1.7175876E-03
  2.6638717E-03
 -3.0996837E-03
  2.9488564E-03
 -3.2246942E-03
  1.4219408E-02
 -1.2842807E-03
  2.7714495E-03
