  3.9511318E-03
 -3.0139387E-03
  5.5903071E-03
 -3.1627265E-03
  4.1218037E-03
 -3.0064613E-03
  3.5409138E-03
 -1.5800982E-03
  4.0162560E-03
 -2.9986741E-03
  3.2813281E-03
 -2.1203354E-03
  5.6579998E-03
 -3.5526440E-03
  7.1028122E-03
 -1.0584494E-03
  4.0120281E-02
 -2.0406668E-03
  2.1159675E-02
 -3.9743492E-03
  0.1022122    
  0.1022122    
 -3.5954581E-03
  3.1834483E-02
 -1.6359592E-02
  0.1144926    
 -9.5261401E-04
  7.5119920E-03
 -3.1724270E-03
  4.8828740E-03
 -1.5188624E-03
  3.8313600E-03
 -1.4462336E-03
  2.9805717E-03
 -2.7833593E-03
  3.2267848E-03
 -1.5549749E-03
  1.7819938E-03
