  2.7177888E-03
 -2.0448875E-03
  2.8192201E-03
 -1.4233846E-03
  2.0897693E-03
 -1.1987460E-03
  2.7829860E-03
 -3.1626415E-03
  2.6165436E-03
 -1.0489611E-03
  5.1534618E-03
 -2.1636789E-03
  4.7138096E-03
 -3.7686236E-03
  4.3908735E-03
 -3.0341865E-03
  4.3269144E-03
 -1.2989303E-03
  5.1168720E-03
 -4.5714234E-03
  0.1251490    
 -1.7182714E-03
  0.6466271    
  0.6417045    
 -3.5912027E-03
  1.9796811E-02
 -1.4378467E-03
  5.3351182E-03
 -2.5271736E-03
  8.6992681E-03
 -2.7875928E-03
  4.9988790E-03
 -2.6967202E-03
  3.9691674E-03
 -1.9960653E-03
  2.8937175E-03
 -2.6888002E-03
  4.9365158E-03
 -2.8559812E-03
  3.9482098E-03
 -2.0498880E-03
  2.8510315E-03
 -9.3356980E-04
  1.7940914E-03
 -1.5052990E-03
  2.7480370E-03
