  1.3530710E-03
 -8.0408389E-04
  3.1178091E-03
 -3.7914689E-03
  2.5833093E-03
 -1.8662157E-03
  2.6091291E-03
 -1.5131364E-03
  4.8999526E-03
 -3.6757116E-03
  3.5720963E-03
 -1.9062955E-03
  3.8744472E-03
 -2.6729540E-03
  3.8495201E-03
 -2.3982050E-03
  5.0083501E-03
 -2.5858062E-03
  6.3364352E-03
 -1.4751111E-03
  4.2011548E-02
 -1.0364897E-02
  6.2332407E-02
 -1.1273045E-03
  0.7629253    
  0.8097662    
 -1.1648376E-03
  1.4851960E-02
 -9.5872872E-04
  9.9648461E-03
 -3.4886117E-03
  1.2010991E-02
 -2.6702459E-03
  5.9347888E-03
 -1.5859010E-03
  5.6836708E-03
 -1.0499301E-03
  3.7552256E-03
 -7.5584361E-03
  8.7800715E-03
 -1.4836333E-03
  2.1265759E-03
 -4.0560518E-03
  6.2826425E-03
