  2.6477233E-03
 -1.8860366E-03
  2.4665671E-03
 -1.3496468E-03
  4.7115539E-03
 -5.5918163E-03
  2.7963691E-03
 -1.7455881E-03
  4.7480054E-03
 -3.0991377E-03
  1.1900784E-02
 -5.8558034E-03
  5.1657367E-03
 -3.0453168E-03
  9.6236365E-03
 -2.1995618E-03
  5.6618145E-03
 -2.3680928E-03
  1.5759901E-03
 -1.2164828E-03
  1.2250975E-02
 -3.6029159E-03
  9.0825632E-03
 -1.1217892E-02
  2.1272756E-02
 -4.1670310E-03
  2.4180885E-02
 -3.1518820E-03
  0.6557617    
  0.7706310    
 -5.7529688E-02
  0.1307842    
 -3.5940856E-03
  7.8365495E-03
 -2.8243386E-03
  4.6291114E-03
 -3.9490825E-03
  5.1694633E-03
 -1.1769059E-03
  2.1680538E-03
 -2.7465676E-03
  3.2218713E-03
 -2.6100709E-03
  3.0153620E-03
 -2.5831710E-03
  3.3552451E-03
  1.8473531E-03
 -3.8650553E-03
  4.8683607E-03
