  2.2838300E-03
 -6.8355299E-04
  3.4321717E-03
 -2.4822664E-03
  5.6566033E-03
 -2.2555315E-03
  3.2923582E-03
 -1.2840769E-03
  4.9314280E-03
 -3.7769913E-03
  1.0669980E-02
 -1.0823655E-03
  1.7734481E-02
 -6.8179513E-03
  4.2658336E-02
 -2.6543611E-03
  0.9496632    
  0.8928123    
 -1.0502188E-02
  3.9162818E-02
 -5.0757648E-03
  6.8196994E-03
 -2.2868118E-03
  8.4564276E-03
 -2.7004844E-02
  5.2309614E-02
 -3.9233263E-03
  6.0130395E-03
 -1.8805113E-03
  6.7116707E-03
 -2.5495239E-02
  1.3713490E-02
 -2.5111672E-03
  3.9197532E-03
 -3.1596504E-03
  4.7959886E-03
 -2.0453145E-03
  3.0010953E-03
 -2.2005062E-03
  3.9809900E-03
 -1.6041608E-03
  2.6640373E-03
 -2.6170383E-03
  7.3431069E-03
 -5.7890918E-04
  1.0623415E-03
