  1.7730698E-03
 -1.1347134E-03
  3.0558109E-03
 -2.3163739E-03
  2.2935143E-03
 -1.7119452E-03
  3.3215424E-03
 -4.3206839E-03
  3.8781213E-03
 -3.6147023E-03
  5.2944315E-03
 -3.1961247E-03
  4.3456554E-03
 -3.3335148E-03
  4.6037263E-03
 -2.2809564E-03
  1.1285868E-02
 -2.6994965E-03
  3.4436921E-03
 -2.2089938E-03
  9.1648130E-03
 -3.5587589E-03
  1.8551216E-02
 -5.5207065E-03
  0.4631781    
 -0.1047376    
  0.2955655    
  0.3078484    
 -4.1914862E-03
  4.4453368E-02
 -2.9609387E-03
  7.9223244E-03
 -6.7953402E-03
  1.1422963E-02
 -3.4029316E-03
  4.8821913E-03
 -5.7779048E-03
  6.6655818E-03
 -2.2350184E-03
  3.5629149E-03
 -1.0265999E-02
  7.5683696E-03
 -3.0491301E-03
  2.8880520E-03
 -1.4116481E-03
  2.5818602E-03
 -8.6821965E-04
  2.2543296E-03
