  4.2274939E-03
 -1.8159650E-02
  2.7469469E-03
 -3.3210227E-03
  4.9356073E-03
 -3.4390979E-03
  3.4978560E-03
 -6.1398800E-03
  3.7184737E-03
 -3.0110849E-03
  4.7109593E-03
 -1.8453110E-02
  3.5945817E-03
 -1.7152126E-03
  5.6207683E-03
 -3.9584823E-03
  1.7736215E-03
 -3.1136828E-03
  1.0719090E-02
 -3.7092010E-03
  6.9412286E-03
 -1.2250599E-03
  6.5476703E-03
 -2.0439327E-03
  2.4096526E-02
 -9.4777076E-03
  1.2435461E-02
 -4.4611641E-03
  8.0542080E-03
 -4.4179778E-03
  0.6645060    
 -1.0266051E-02
  8.6798899E-02
 -3.1271473E-02
  9.5756307E-02
 -1.9321665E-03
  9.5036346E-03
 -2.7115041E-02
  1.6486878E-02
 -3.2378398E-03
  4.4490090E-03
 -1.0126727E-03
  3.5539242E-03
 -1.4795742E-03
  3.3735028E-03
 -1.3108748E-03
  3.3397535E-03
 -2.2757123E-03
  3.2551934E-03
 -1.1368733E-03
  2.6100259E-03
 -4.4396464E-03
  6.6051572E-03
 -1.0346208E-03
  2.0133359E-03
 -7.3620733E-03
  2.7801676E-03
