  6.5918537E-03
 -2.6739645E-03
  2.3599162E-03
 -1.1081579E-03
  6.0658162E-03
 -3.2107865E-03
  3.4036925E-03
 -2.0383860E-03
  2.8079192E-03
 -1.1060142E-03
  6.4794286E-03
 -2.5250313E-03
  6.9999173E-03
 -2.9017869E-03
  2.0822741E-02
 -1.1260759E-02
  2.2149244E-03
 -3.1111287E-03
  1.7941345E-02
 -4.2196829E-03
  5.4091528E-02
  5.4091528E-02
 -8.3821751E-03
  0.8220723    
  0.8184838    
 -9.4551519E-03
  1.8143160E-02
 -3.4653922E-03
  7.3297862E-03
 -1.3209094E-03
  5.5796648E-03
 -1.5466934E-03
  4.5327232E-03
 -4.2437636E-03
  5.5766893E-03
 -1.0495599E-03
  3.9691078E-03
 -4.2605200E-03
  6.1469632E-03
 -4.3655275E-03
  4.6375957E-03
