  2.0249970E-03
 -9.3639933E-04
  3.0498588E-03
 -1.9596550E-03
  2.1983276E-03
  4.8485911E-03
 -2.3157452E-03
  5.8825258E-03
 -3.3550973E-03
  4.7894879E-03
 -2.3962059E-03
  3.1867079E-03
 -2.4665666E-03
  9.6507492E-03
 -4.2014178E-03
  6.5925755E-02
 -5.4570403E-02
  0.6830565    
  0.6316844    
 -3.3374534E-03
  4.6996191E-02
 -2.8985771E-03
  1.7185336E-02
 -3.3989809E-03
  1.8860800E-02
 -2.7882250E-03
  1.5134468E-02
 -2.9790392E-03
  7.7974079E-03
 -3.3997991E-03
  4.6475399E-03
 -2.9995742E-03
  4.9328683E-03
 -4.3584574E-03
  7.0217666E-03
 -1.7258858E-03
  2.9787044E-03
 -4.3583233E-03
  0.2263339    
