  6.1904998E-03
 -2.7809988E-03
  1.8647343E-03
 -1.2809751E-03
  4.2396388E-03
 -3.1432591E-03
  1.0368990E-02
 -3.1317403E-03
  6.6115912E-03
 -1.5708954E-03
  2.4275830E-02
 -3.9807647E-03
  0.1218531    
 -9.3525592E-03
  0.5145617    
 -4.2550848E-03
  0.1457366    
 -3.7365956E-03
  9.3261907E-03
 -1.4074236E-03
  7.4352408E-03
 -1.4005837E-02
  4.9051836E-02
 -7.8735771E-03
  1.3537944E-02
 -2.9400596E-03
  6.4451587E-03
 -4.3532695E-03
  3.3758923E-03
 -3.7780576E-03
  4.5014056E-03
 -7.4385419E-03
  9.4780810E-03
 -6.0447734E-03
  4.3290380E-02
