  2.6870689E-03
 -1.7244848E-03
  3.7722606E-03
 -2.7334276E-03
  3.6577468E-03
 -3.1483884E-03
  5.9838118E-03
 -6.8863542E-03
  1.4958262E-03
 -6.0304429E-04
  1.1042485E-02
 -6.0651377E-03
  4.8106168E-03
 -1.6771021E-03
  1.9282536E-03
 -2.5085802E-03
  5.3504137E-03
 -3.2548881E-03
  1.6185053E-02
 -2.9805391E-03
  2.5514565E-02
 -3.6454187E-03
  0.1431542    
 -8.5725164E-04
  5.9812907E-03
 -2.0931300E-03
  2.8683050E-03
 -4.2315931E-03
  1.4379291E-02
 -1.4731328E-03
  1.4643556E-02
 -6.9835754E-03
  1.5239059E-02
 -2.8230734E-03
  5.7172212E-03
 -3.0965088E-03
  5.6296461E-03
 -1.2085037E-02
 -1.5355102E-03
  3.1385180E-03
 -2.9404585E-03
  2.6128048E-03
