  5.8744820E-03
 -1.0693219E-02
  7.3877401E-03
 -1.5094533E-02
  3.5443164E-03
 -1.7078479E-03
  6.3004964E-03
 -4.0165489E-03
  2.7707615E-03
 -1.6849892E-03
  4.9324376E-03
 -2.9768632E-03
  6.0237595E-03
 -3.7624235E-03
  4.5846165E-03
 -3.1050581E-03
  6.3022692E-03
 -3.4659111E-03
  1.6114691E-02
 -1.0510541E-02
  5.7164528E-03
 -1.4373866E-03
  1.6705003E-02
 -8.1557073E-03
  4.7082625E-02
 -1.9885184E-02
  3.0391265E-02
 -3.0691051E-03
  1.5088111E-02
 -1.3898762E-03
   2.631859    
   8.050656    
  0.9751800    
 -4.1279588E-03
  0.1198554    
 -2.4047028E-03
  1.4715399E-02
 -5.1513459E-03
  1.1196273E-02
 -3.3027199E-03
  6.7392224E-03
 -2.3050564E-03
  9.2799906E-03
 -3.8862696E-03
  5.0283861E-03
 -3.1816433E-03
  4.5816232E-03
 -1.2449916E-03
  4.6381550E-03
 -1.8304116E-03
  2.8189872E-03
 -6.5305270E-03
 -6.2403823E-03
 -6.2403823E-03
  4.2980332E-03
 -1.6424378E-03
  2.7940078E-03
