  4.6009496E-03
 -2.6029088E-03
  2.8420060E-03
 -2.4414377E-03
  3.7553762E-03
 -3.1889481E-03
  4.4980049E-03
 -2.2095407E-03
  1.0077935E-02
 -5.7279663E-03
  3.1461874E-03
 -1.4818545E-03
  3.6787307E-03
 -1.7436093E-03
  5.5980375E-03
 -1.2874122E-03
  3.6139386E-03
 -3.0674157E-03
  8.4651951E-03
 -3.9209453E-03
  3.2132801E-02
 -3.2255729E-03
  3.7379682E-02
 -2.1816848E-03
  0.2418561    
 -2.8835933E-03
  9.2072608E-03
 -3.2803167E-03
  9.7460169E-03
 -1.8498196E-03
  7.4549583E-03
 -2.5124811E-03
  4.0909168E-03
 -1.3052142E-03
  2.8395443E-03
 -3.7602871E-03
  5.3588189E-03
 -3.7856626E-03
  5.0135530E-03
 -2.8186906E-03
  4.1025742E-03
