  3.1104907E-03
 -3.4483657E-03
  4.1081579E-03
 -2.8045094E-03
  2.6400394E-03
 -2.5238865E-03
  3.8521292E-03
 -2.9184513E-03
  2.8698184E-03
 -1.8106108E-03
  4.4087940E-03
 -1.9424566E-03
  3.4476742E-03
 -1.4302555E-03
  2.1896776E-02
 -1.1941360E-02
  8.5217888E-03
 -4.2552836E-03
  0.1368412    
 -1.2024798E-03
  1.6054340E-02
 -1.3756461E-02
  0.5145567    
 -3.4949461E-03
  6.6014469E-02
 -7.6010204E-03
  1.7453108E-02
 -3.8181280E-03
  2.3642024E-03
 -1.5192291E-03
  4.8416262E-03
 -2.6488779E-03
  6.5198685E-03
 -3.9675082E-03
  5.4821144E-03
 -5.5202306E-03
  5.8172401E-03
 -2.7202298E-03
  3.6071118E-03
 -5.8783044E-04
  2.4527300E-03
 -2.3576869E-03
  4.0230146E-03
