  3.5419948E-03
 -1.8204257E-03
  3.1608474E-03
 -3.0823459E-03
  6.5188054E-03
 -3.5386821E-03
  5.3804158E-03
 -3.0904694E-03
  5.0647156E-03
 -1.9891653E-03
  4.3056505E-03
 -3.5183986E-03
  6.1675021E-03
 -1.5221136E-03
  7.4799159E-03
 -3.1285849E-03
  1.6665243E-02
 -4.7526779E-03
  2.3267869E-02
 -1.3605342E-03
  4.7357203E-03
 -1.5126056E-03
  0.1348677    
 -3.5163537E-03
  0.1523158    
 -9.6067246E-03
  1.4292843E-02
 -3.9859633E-03
  4.5014401E-03
 -9.0248594E-03
  1.0029592E-02
 -2.2931669E-03
  2.9582807E-03
 -1.6489021E-03
  2.8401113E-03
 -2.7554324E-03
  3.3055008E-03
 -3.1076635E-03
  3.1026884E-03
