  1.9074188E-03
 -1.2907732E-03
  2.6219299E-03
 -1.4266638E-03
  2.4936802E-03
 -1.7451902E-03
  4.6106651E-03
 -3.5925221E-03
  3.4468081E-03
 -1.0834391E-03
  4.2618443E-03
 -3.9482182E-03
  3.7430979E-03
 -2.9741719E-03
  4.8811161E-03
 -3.9460654E-03
  5.4660779E-03
 -1.6196951E-03
  5.2381279E-03
 -3.2595634E-03
  1.3820371E-02
  7.3026143E-02
 -9.2992626E-02
  1.1448088E-02
 -2.9119551E-03
  9.3605528E-03
 -4.7149556E-03
  0.3183042    
 -1.4240927E-03
  0.1438505    
 -4.6681254E-03
  4.2922299E-02
 -8.2259569E-03
  4.0544819E-02
 -1.4975783E-03
  4.4700871E-03
 -8.9451025E-04
  3.5292620E-03
 -2.1382200E-03
  4.1406695E-03
 -3.6694945E-03
  4.4408352E-03
 -2.4638395E-03
  3.4778120E-03
 -1.3876044E-03
  3.0998951E-03
 -1.9806863E-03
  2.7253025E-03
 -1.1348008E-03
  1.8954135E-03
 -1.9939304E-03
  2.7424914E-03
