  2.2102955E-03
 -1.7979832E-03
  2.9221287E-03
 -2.2668308E-03
  3.7160472E-03
 -1.9580754E-03
  3.3519946E-03
 -1.6652200E-03
  5.5948868E-03
 -1.7253216E-03
  4.4338745E-03
 -2.3256750E-03
  3.5602686E-03
 -1.9563255E-03
  6.5233894E-03
 -3.5788086E-03
  4.0683011E-03
 -1.1818216E-03
  5.1923981E-03
 -2.9040049E-03
  2.0263385E-02
 -7.7122077E-03
  7.1105562E-02
 -1.7152788E-02
  3.3199191E-02
 -6.9598076E-03
  0.5008911    
  0.4977367    
 -3.1390244E-03
  1.6210306E-02
 -3.7340338E-03
  2.4552012E-02
 -3.4576487E-03
  7.6366495E-03
 -2.2582423E-02
  2.0551829E-02
 -2.7298660E-03
  5.9612873E-03
 -4.3512834E-03
  5.4614530E-03
 -2.5889035E-03
  3.0303455E-03
 -1.2667223E-03
  3.1503343E-03
 -1.4472874E-03
  3.0029148E-03
 -3.0830463E-03
  3.2475127E-03
 -8.8371168E-04
  1.3330354E-03
