  3.1508177E-03
 -2.3956227E-03
  3.2486126E-03
 -2.7746446E-03
  2.9967071E-03
 -1.2071856E-03
  3.2828765E-03
 -2.0251193E-03
  8.4997062E-03
 -7.7305189E-03
  6.6123172E-03
 -4.7454447E-03
  5.5526332E-03
 -2.1709092E-03
  6.6237245E-03
 -3.6290919E-03
  2.2170635E-02
 -3.7399903E-03
  0.1831106    
 -3.5054686E-03
  8.4742121E-02
 -3.8674239E-03
  4.5866061E-02
 -1.7304649E-03
  4.5504323E-03
 -2.3530899E-03
  4.8021628E-03
 -2.5465842E-03
  4.6446072E-03
 -2.3558482E-03
  3.4644688E-03
  4.7534243E-03
