  3.0192407E-03
 -2.6362874E-03
  4.6009338E-03
 -1.6082613E-02
  9.5717106E-03
  3.9758058E-03
 -2.9051665E-03
  3.4695466E-03
 -2.5120049E-03
  2.2324123E-03
 -7.8038906E-04
  1.6490582E-03
 -1.4251517E-03
  4.0864784E-02
 -3.2216150E-03
  2.3550246E-02
 -1.0879925E-03
  4.3408222E-02
 -1.8056271E-03
  6.8979803E-03
 -1.5090336E-03
  4.2699846E-03
 -1.0224101E-02
  4.1111484E-03
 -5.4666838E-03
  9.9009899E-03
 -7.2102710E-03
  5.4193493E-03
 -5.5642650E-03
  5.8724163E-03
 -3.3513391E-03
  4.2992006E-03
 -1.8034343E-03
  2.9661804E-03
 -2.9151053E-03
  2.5019930E-03
 -1.7775926E-03
  1.6170319E-03
