  3.4787778E-03
 -1.3610903E-03
  2.4634653E-03
 -1.5810521E-03
  3.9567235E-03
 -3.0884955E-03
  3.0019043E-03
 -1.3455033E-03
  4.5490339E-03
 -1.7969159E-03
  8.5780732E-03
 -3.1313214E-03
  4.4217978E-02
 -3.0840305E-03
  2.3467669E-02
 -5.1100249E-04
  0.5898525    
  0.6275471    
 -0.7619511    
 -0.8600073    
  0.8331228    
  0.7639297    
 -1.1512112E-03
  2.7055858E-02
 -9.5355022E-04
  5.3980253E-03
 -3.3410499E-03
  5.7449779E-03
 -1.2968859E-03
  3.2775637E-03
 -2.5985676E-03
  4.2718798E-03
 -1.1951400E-03
  2.4842001E-03
 -1.2469062E-03
  2.7329267E-03
 -1.2824880E-03
  2.3375025E-03
 -2.7063529E-03
  2.4849025E-03
