  2.1046237E-03
 -1.6686656E-03
  4.1910354E-03
  7.6425038E-03
 -1.2242872E-02
  5.0475504E-03
 -2.8924979E-03
  5.0862147E-03
 -3.2080677E-03
  3.5616546E-03
 -1.1820693E-03
  1.6063910E-02
 -1.0717593E-03
  0.4092824    
 -1.0151781E-02
  1.8069063E-03
 -2.6242330E-03
  6.9376402E-02
 -5.7330253E-03
  2.0385919E-02
 -3.6855610E-03
  7.3923711E-03
 -4.6780794E-03
  1.2392538E-02
 -1.6744859E-03
  3.7082043E-03
 -3.2379625E-03
  5.2206074E-03
 -1.1913987E-03
  3.0369074E-03
 -1.4640567E-03
  2.5877776E-03
 -3.1744014E-03
  3.9299424E-03
 -2.1918959E-03
  2.6072939E-03
