  2.4209591E-03
 -1.1023792E-03
  2.3130097E-03
 -1.6230993E-03
  3.9183986E-03
 -2.7581898E-03
  6.4730495E-03
 -3.3056010E-03
  1.3817811E-02
 -4.0571047E-03
  3.0731070E-03
 -1.6079561E-03
  2.9149873E-03
 -1.1819670E-03
  3.3154683E-03
 -2.0492233E-03
  5.2161780E-03
 -3.3825911E-03
  8.7325582E-03
 -1.2131099E-03
  0.6682982    
 -1.8104283E-03
  2.1340335E-02
 -1.2113304E-03
  7.2688521E-03
 -2.5061520E-03
  9.9402517E-03
 -3.0510991E-03
  4.7279387E-03
 -4.0770662E-03
  6.4047733E-03
 -8.9405448E-04
  4.4910568E-03
 -1.5680665E-03
  2.5375593E-03
 -2.4451760E-03
  3.0604023E-03
 -2.5774005E-03
  2.4551894E-03
