  3.9827502E-03
 -4.5314245E-03
  1.7503785E-02
  2.3335633E-03
 -1.5643414E-03
  3.2201421E-03
 -2.3600697E-03
  2.5063953E-03
 -9.7096263E-04
  3.0414830E-03
 -1.8103292E-03
  5.1622563E-03
 -2.8334158E-03
  1.3368801E-02
 -9.8621799E-03
  5.6339880E-03
 -1.8667174E-03
  1.3404808E-02
  1.3404808E-02
 -5.7482473E-03
  0.4196625    
  0.3872965    
 -4.1213296E-03
  0.3475873    
 -6.2271007E-03
  3.5047710E-02
 -4.1866065E-03
  1.2283103E-02
 -1.0447364E-03
  7.1006203E-03
 -8.2165049E-04
  4.3407166E-03
 -1.2192101E-03
  4.2348416E-03
 -4.3958402E-03
  4.7970619E-03
 -3.3546218E-03
  4.0692207E-03
 -4.1424576E-03
  4.3066940E-03
 -2.6710818E-03
  3.5023200E-03
 -3.2136429E-03
  3.9173812E-03
