  1.8690743E-03
 -1.3736014E-03
  1.1348901E-02
 -3.8784500E-03
  3.1183660E-03
 -1.9675167E-03
  3.9912574E-03
 -3.6246246E-03
  9.4267540E-03
 -7.7353730E-03
  2.0085638E-03
 -1.2870749E-03
  4.7940300E-03
 -2.3821543E-03
  7.2092908E-03
 -6.7299851E-03
  3.5899703E-03
 -2.9326498E-03
  5.3917198E-03
 -4.1670566E-03
  9.1134217E-03
 -1.2207814E-03
  1.2018956E-02
 -8.4477192E-04
  7.1888342E-02
  7.1888342E-02
 -2.7014425E-03
  5.0209615E-02
 -2.6776178E-03
  4.8931707E-02
 -5.9180744E-03
  1.9486805E-02
 -1.5416510E-03
  4.9943933E-03
 -1.5387326E-03
  7.6756799E-03
 -1.5362204E-03
  3.9484324E-03
 -2.7807818E-03
  4.1318079E-03
 -3.8724141E-03
  6.0185110E-03
 -1.8122852E-03
  2.5488930E-03
 -3.0014252E-03
  5.0361203E-03
 -3.2847123E-03
  2.4374810E-03
 -3.0203036E-03
  6.2295394E-03
