  1.9696669E-03
 -1.5009028E-03
  4.5065735E-03
 -3.2094100E-03
  5.2812840E-03
 -5.2291919E-03
  1.7122468E-03
  3.9911447E-03
 -3.3519042E-03
  5.1121307E-03
 -3.6441896E-03
  9.5774559E-03
 -8.0425502E-04
   1.022110    
   1.288621    
 -3.9809812E-03
  8.0080545E-03
 -2.1422817E-03
  1.0465144E-02
 -2.6001628E-03
  4.3801397E-02
 -1.1079493E-03
  1.2712438E-02
 -9.4580383E-04
  9.4545782E-03
 -1.4715370E-03
  3.8012597E-03
 -1.3901466E-03
  2.0669238E-03
 -3.5985631E-03
  4.4188881E-03
 -1.1041699E-03
  1.3840853E-03
