  2.4455446E-03
 -1.9492323E-03
  3.5298294E-03
 -7.3214895E-03
  2.3973894E-03
 -1.0338834E-03
  5.6153052E-03
 -3.9911214E-03
  3.7316501E-03
 -2.4162866E-03
  7.7950726E-03
 -3.4648555E-03
  1.3032011E-02
 -1.1073922E-02
  2.5989188E-02
 -4.0193428E-03
  4.4897016E-02
 -6.6190814E-03
  0.6136013    
  0.5952623    
 -4.5891190E-03
  2.5805149E-02
 -4.9181706E-03
  1.1849761E-02
 -2.2289238E-03
  7.5587789E-03
 -8.7845832E-04
  1.4654648E-02
 -1.9825480E-03
  6.7433659E-03
 -2.5009403E-03
  2.6112816E-03
 -8.8497037E-03
