  1.7447427E-03
 -1.0491476E-03
  2.5973250E-03
 -2.0621151E-03
  6.8443818E-03
 -2.7029221E-03
  6.8242126E-03
 -4.6657301E-03
  3.1289267E-03
 -1.1869809E-03
  5.3539788E-03
 -2.0967452E-03
  5.4091224E-03
 -3.6152669E-03
  1.7628502E-02
 -1.6515197E-02
  8.2105603E-03
 -2.1141584E-03
  1.2346516E-02
 -4.0384200E-03
  1.3647942E-02
 -9.5316991E-03
  0.1277624    
 -4.9466449E-03
  0.2326149    
 -7.2462544E-02
  0.3325403    
  0.3467623    
 -1.4178528E-02
  3.0478572E-02
 -8.6775338E-03
  1.7444260E-02
 -2.3994553E-03
  4.5080073E-03
 -6.7301868E-03
  6.2599694E-03
 -1.4035059E-03
  2.7922413E-03
 -3.4211620E-03
  3.1807120E-03
 -3.9816741E-03
  4.1177105E-03
