  9.5370254E-03
 -5.9201703E-03
  2.8858392E-03
 -1.6262453E-03
  2.7250513E-03
 -6.5352386E-03
  8.8003121E-02
  3.2885012E-03
 -8.4024406E-04
  1.6663617E-02
 -8.1858281E-03
  5.1682912E-02
  5.1682912E-02
 -1.0644423E-03
  0.8242164    
  0.8573747    
 -4.2246142E-03
  0.1379996    
 -5.9043649E-03
  2.2688247E-02
 -3.8620159E-03
  7.8458190E-03
 -3.0017002E-02
  2.4077121E-02
 -1.5071267E-03
  9.1489023E-03
 -4.6159755E-03
  6.4894506E-03
 -1.4536214E-03
  3.4293339E-03
 -6.0101347E-03
  5.3180647E-03
 -7.1716722E-04
  1.5133598E-03
 -1.6844904E-03
  2.5520949E-03
