  1.6419212E-03
 -2.3472025E-03
  3.1768179E-03
 -3.4070103E-03
  4.3819835E-03
 -3.3412813E-03
  2.5330798E-03
 -7.2692474E-04
  2.5827312E-03
 -1.0891138E-03
  4.4307988E-03
 -3.5188852E-03
  7.7933427E-03
 -3.4071889E-03
  2.1516109E-02
 -1.0456569E-02
  2.7412898E-03
 -1.9492732E-03
  1.8272417E-02
 -4.5831827E-03
  0.7983304    
 -2.9828006E-03
  7.3255878E-03
 -4.4929227E-03
  2.2566561E-02
 -2.8369620E-03
  4.5478996E-03
 -3.3028715E-03
  4.3029999E-03
 -1.9014275E-03
  5.0713136E-03
 -8.1103219E-04
  2.1818918E-03
 -4.1355337E-03
  6.1122356E-03
 -3.3732646E-03
  3.6125344E-03
 -2.3133871E-03
  2.7374520E-03
 -5.6056296E-03
  7.2700223E-03
 -1.5402571E-03
  2.8953012E-03
