  1.6342211E-03
 -6.3728116E-04
  4.9928357E-03
 -1.8356601E-02
  2.5110638E-03
 -1.5556080E-03
  5.2409628E-03
 -5.0280835E-03
  3.6295950E-03
 -1.9025678E-03
  3.4671191E-03
 -2.5247184E-03
  3.7558125E-03
 -2.9463323E-03
  3.3644771E-03
 -9.8283263E-04
  5.9841922E-03
 -4.5220694E-03
  1.5924143E-02
 -7.5275712E-03
  1.3767674E-02
 -3.1170547E-03
  3.8085515E-03
 -1.1530311E-03
  8.8022137E-03
 -1.0285347E-03
  5.5919997E-02
 -4.9587905E-02
  0.4965826    
 -4.4734471E-02
  2.2237303E-02
 -9.5476076E-04
  0.1181919    
 -2.7079256E-03
  6.7620659E-03
 -1.1921781E-03
  3.6852667E-03
 -1.8230509E-03
  3.5300318E-03
 -3.6491279E-03
  5.1084710E-03
 -2.6332554E-03
  4.1191559E-03
 -4.9692993E-03
  4.6717101E-03
 -3.2428945E-03
  3.0630915E-03
 -2.7474519E-03
  3.4673812E-03
