  5.0536455E-03
 -3.2270516E-03
  4.0818788E-03
 -1.7289522E-03
  2.7315598E-03
 -1.2585805E-03
  7.4064337E-02
  3.8389317E-03
 -7.6700101E-04
  4.5980182E-03
 -7.7436573E-04
  4.2383745E-03
 -1.9945586E-03
  2.0290285E-02
 -1.1644899E-02
  1.1175402E-02
 -1.9302663E-03
  3.0639647E-02
 -1.2188554E-02
  9.1189407E-02
 -1.0152510E-02
  0.1351302    
 -8.2582980E-03
  0.3650136    
 -1.7412981E-03
  5.7153860E-03
 -2.9535131E-03
  4.8464616E-03
 -1.9449026E-03
  2.7934390E-03
 -1.2212553E-03
  2.6797338E-03
 -5.4843752E-03
  4.2461427E-03
 -2.3338767E-03
  3.0429005E-03
 -6.2984861E-03
  8.1145065E-03
 -1.8930185E-03
  3.2500597E-03
 -9.6325697E-03
  5.4099532E-03
