  5.3160563E-03
 -2.6532672E-03
  2.5046649E-03
 -1.7471518E-03
  3.9664251E-03
 -1.8828124E-03
  3.9608469E-03
 -2.8832890E-03
  5.8881538E-03
 -2.6471782E-03
  1.7422780E-02
 -1.1037084E-02
  7.1046599E-03
 -4.3440079E-03
  1.7055295E-02
 -2.9248304E-03
  4.3175895E-02
 -9.4718775E-03
  3.4204129E-02
 -2.3558019E-03
  0.6367664    
  0.6367664    
 -3.6108561E-03
  6.3826472E-02
 -1.2488072E-02
  4.8210070E-02
 -4.1851117E-03
  5.4903855E-03
 -3.4274173E-03
  4.8438748E-03
 -2.7382353E-03
  3.9858394E-03
 -4.2021894E-03
  4.2447704E-03
 -1.9105405E-03
  5.2457070E-03
 -1.9181903E-03
  2.4684870E-03
