 -4.2483164E-04
  2.5826751E-03
 -1.2052873E-03
  1.9750677E-03
 -6.6882069E-04
  2.2822374E-03
 -1.4128074E-03
  2.4313619E-03
 -9.0914819E-04
  8.7057240E-03
 -1.4626273E-03
  0.2340036    
 -2.6192104E-02
 -2.6192104E-02
  0.4225839    
 -1.1787573E-03
  2.0905077E-02
  2.0905077E-02
 -6.4759096E-03
  1.3918764E-02
 -1.1441079E-03
  1.4896669E-03
 -8.6469977E-04
  6.1496929E-03
 -7.9394309E-03
  1.3752673E-02
 -2.0380027E-03
  4.9796244E-03
 -4.9293870E-03
  6.2448871E-03
 -8.5388013E-04
  2.0525244E-03
 -1.2427447E-03
  2.0957522E-03
 -3.0385463E-03
  4.5243572E-03
 -1.0893779E-03
  2.0025657E-03
