  2.8974556E-03
 -1.1924392E-03
  3.4891719E-03
 -2.5599792E-03
  3.2495672E-03
 -1.5983605E-03
  4.8971446E-03
 -4.4567515E-03
  3.7003942E-03
 -1.2346751E-03
  5.6848899E-03
 -3.6871620E-03
  1.2302480E-02
 -8.5226260E-03
  6.7686317E-03
 -3.9478149E-03
  0.1372861    
  0.1372861    
 -6.9829687E-02
  0.1901093    
 -6.7439186E-03
  0.3802707    
 -4.8333979E-03
  1.8144617E-02
 -2.6576745E-03
  6.6992226E-03
 -1.0924262E-03
  7.5399415E-03
 -3.0175068E-03
  4.5577525E-03
 -1.8748209E-03
  3.3004393E-03
 -1.5189701E-03
  2.4124857E-03
 -1.3617845E-03
  3.0382071E-03
 -3.1277870E-03
  5.0284415E-03
 -1.2461817E-02
  5.5833403E-03
 -1.5822931E-03
  2.0046930E-03
