  3.9705574E-03
 -3.1883200E-03
  3.6697763E-03
 -2.6650650E-03
  4.0491275E-03
 -2.7592282E-03
  4.7358829E-03
 -2.9921397E-03
  7.6805586E-03
 -1.8545197E-03
  1.4619055E-02
 -3.2307324E-03
  8.8495761E-03
 -3.3433621E-03
  0.7363926    
 -4.4617131E-03
  2.5776245E-02
  2.5776245E-02
 -4.1316645E-03
  8.0610089E-02
 -3.0763664E-03
  9.1523314E-03
 -6.7357565E-03
  1.4413348E-02
 -2.8221768E-03
  6.6847629E-03
 -2.9522083E-03
  1.0078169E-02
 -3.4930713E-03
  5.5837012E-03
 -3.2324994E-03
  4.5318333E-03
 -1.2907243E-03
  2.6042426E-03
 -1.6686629E-03
  2.3562349E-03
