  1.1941886E-03
 -3.1725154E-04
  3.8961507E-03
 -3.1640779E-03
  7.6125865E-03
 -2.3431154E-02
  6.1517637E-03
 -1.1185938E-03
  8.3016483E-03
 -1.1572446E-03
  1.4754457E-02
 -1.0120576E-03
  2.9082212E-03
 -3.7297430E-03
  0.4899082    
 -1.6201690E-03
  0.1049483    
 -1.2823434E-03
  1.2460670E-02
 -1.2650370E-02
  1.9610893E-02
 -1.5419433E-03
  4.1735400E-03
 -1.7080730E-03
  4.8745032E-03
 -1.3869239E-03
  2.2360599E-03
 -1.5509041E-03
  3.4159820E-03
 -3.8601160E-03
  3.4857201E-03
 -1.5068728E-03
  2.6700224E-03
 -7.8356895E-04
  1.6750534E-03
