  4.1863541E-03
 -3.1893407E-03
  6.7574703E-03
 -8.7287854E-03
  3.1813809E-03
 -1.4888546E-03
  5.1063881E-03
 -2.4635519E-03
  3.0982674E-03
 -1.4269629E-03
  3.0251660E-03
 -1.5933206E-03
  5.2135871E-03
 -5.5952310E-03
  1.4055061E-02
 -1.9383541E-03
  0.1686464    
 -7.6581508E-02
  0.4402644    
 -1.9207196E-03
  3.2659568E-02
 -3.0903760E-03
  1.2816180E-02
 -2.3064155E-03
  9.7525781E-03
 -1.3263412E-02
  7.0031523E-03
 -5.3504296E-03
  8.2185585E-03
 -1.4691588E-03
  2.9067683E-03
 -1.6326986E-03
  2.8985729E-03
 -1.1876554E-03
  2.6830786E-03
