  2.0732270E-03
 -1.0060945E-03
  5.8482578E-03
 -1.1621804E-02
  3.1602609E-03
 -2.8533612E-03
  4.6085408E-03
 -2.9900691E-03
  3.0654462E-03
 -1.7926637E-03
  4.4058836E-03
 -3.8867325E-03
  4.0414315E-03
 -1.0125301E-03
  1.9330168E-02
 -3.4286680E-03
  0.1773583    
 -0.3167236    
  0.3000293    
 -2.7950860E-03
  2.0288602E-02
 -2.6002948E-03
  6.9904053E-03
 -2.8458000E-03
  4.3417979E-03
 -2.9709318E-03
  4.8172409E-03
 -3.2789719E-03
  3.6062736E-03
 -6.6062491E-03
  9.6317660E-03
 -7.8128278E-03
  7.1800696E-03
 -1.7026239E-03
