  1.7346820E-03
 -1.3569663E-03
  3.2947813E-03
  2.8635778E-03
 -1.2749496E-03
  3.6750399E-03
 -3.5240471E-03
  3.2875291E-03
 -1.7126336E-03
  5.0852709E-03
 -1.2804001E-03
  8.5480073E-03
 -5.5361525E-03
  6.0633966E-03
 -3.1337123E-03
  7.5400635E-03
 -1.5715850E-03
  9.3348566E-03
 -1.5083855E-03
  3.9330157E-03
 -2.5734981E-03
  1.1040952E-02
 -1.4166323E-03
  0.3238736    
 -0.1000195    
  0.4480948    
  0.4587107    
 -4.4447868E-03
  5.7326399E-02
 -1.2032994E-03
  6.1563291E-03
 -5.7461187E-03
  1.0341384E-02
 -9.3742466E-04
  4.2926362E-03
 -7.5006979E-03
  1.2923031E-02
 -1.6406949E-03
  4.1294005E-03
 -3.3802965E-03
  3.7390797E-03
 -1.4070757E-03
  2.8623620E-03
 -1.4467526E-03
  2.6659037E-03
