  5.8606714E-03
 -4.6394146E-03
  4.6593901E-03
 -5.3816983E-03
  2.6168397E-03
 -1.5255496E-03
  1.9048628E-03
 -1.1297272E-03
  4.5109559E-03
 -4.6234843E-03
  2.4135276E-03
 -1.5920670E-03
  4.3117395E-03
 -1.6248230E-03
  2.3830164E-02
 -1.6894344E-02
  6.6458774E-03
 -3.9100349E-03
  3.5521034E-03
  6.3746013E-03
 -3.1999925E-03
  1.3006396E-02
 -3.5238985E-03
  0.4724046    
  0.4905169    
 -2.6421254E-03
  0.1119891    
 -4.4797244E-03
  1.4405802E-02
 -8.1632817E-03
  1.9190583E-02
 -3.7666061E-03
  7.4212304E-03
 -9.4820522E-03
  1.1141788E-02
 -3.0184009E-03
  5.4589594E-03
 -4.9390993E-03
  5.0084894E-03
 -1.6687376E-03
  4.2584324E-03
 -4.0148203E-03
  4.3921568E-03
 -2.7692742E-03
  6.2226262E-03
 -8.1218535E-04
  1.6924514E-03
 -1.4712623E-03
  2.7674171E-03
 -1.9434197E-03
  5.6471627E-02
