  2.5197240E-03
 -1.1297241E-03
  2.3073580E-03
 -4.8733034E-04
  2.8651219E-03
 -1.1054632E-03
  4.2227781E-03
 -3.0845834E-03
  5.3894208E-03
 -3.6302854E-03
  4.9229586E-03
 -2.9960703E-03
  7.6095606E-03
 -2.1723083E-03
  0.3631205    
 -4.1236239E-03
  0.2903189    
 -2.4917449E-03
  4.8110973E-02
 -3.1871940E-03
  1.5771704E-02
 -1.1830013E-03
  3.9282069E-03
 -2.4248166E-03
  5.6478577E-03
 -2.2213736E-03
  5.2472050E-03
 -1.6893988E-03
  4.0717111E-03
 -3.5924625E-03
  4.0161256E-03
 -3.8617500E-03
  6.6826227E-03
 -1.0914983E-03
  1.8215734E-03
