  2.3789208E-03
 -1.3274497E-03
  4.2230343E-03
 -3.7711877E-03
  3.3918880E-03
 -3.6043266E-03
  7.9064816E-03
 -3.4548899E-03
  4.9502947E-03
 -3.5290567E-03
  3.9470415E-03
 -1.1730224E-03
  7.6764063E-03
 -3.3233615E-03
  1.8527104E-02
 -6.9539701E-03
  1.1212659E-02
 -2.3035333E-03
  4.1459169E-02
 -4.3491973E-03
  0.3219457    
  0.2953030    
 -2.0006231E-03
  0.4480543    
 -3.7975293E-03
  1.2168421E-02
 -2.7904967E-03
  1.1296277E-02
 -9.4354842E-03
  1.4665077E-02
 -3.6939371E-03
  4.6556708E-03
 -2.7102388E-03
  5.1678754E-03
 -2.6487052E-03
  4.3580588E-03
 -2.4805465E-03
  3.6608740E-03
 -3.1239060E-03
  4.2193700E-03
 -1.2823880E-03
  3.2477984E-03
 -2.2414825E-03
  2.2535338E-03
 -2.5043227E-03
  4.1252687E-03
