  5.0826804E-03
 -4.2383494E-03
  2.8409543E-03
 -2.1568225E-03
  4.0632058E-03
 -2.0149695E-03
  2.6575529E-03
 -1.1547396E-03
 -4.9929237E-03
 -1.7603500E-02
  4.5964727E-03
 -3.1213351E-03
  3.0293616E-03
 -2.1496101E-03
  1.4689243E-02
 -8.6036325E-03
  8.0804536E-03
 -1.9231328E-03
  4.3165769E-02
 -2.8536992E-02
  1.4826948E-02
 -3.8164631E-03
  6.6977246E-03
 -1.8941601E-03
  5.2929609E-03
 -4.4391071E-03
  0.1674031    
 -4.7229426E-03
  3.7652206E-02
 -2.3496316E-03
  5.4162093E-03
 -4.1901655E-03
  1.1325632E-02
 -1.6695136E-03
  4.3022148E-03
 -1.0886466E-03
  3.9072959E-03
 -3.5203821E-03
  4.1152006E-03
 -2.8994514E-03
  3.1151059E-03
 -1.3739322E-03
  2.0430665E-03
