  5.9210346E-03
 -2.3061556E-03
  1.9816046E-03
 -1.7454090E-03
  2.5002053E-03
 -2.8429478E-03
  1.8229918E-04
  4.8870584E-03
 -2.5152073E-03
  3.6842113E-03
 -3.1083850E-03
  3.3994664E-03
 -9.0995850E-04
  3.4855600E-03
 -1.4923100E-03
  7.3821554E-03
 -1.3079384E-03
  1.1635785E-02
 -3.5446631E-03
  1.0792950E-02
 -9.4432710E-03
  0.7637036    
  0.7020310    
 -6.0112062E-03
  1.8669182E-02
 -2.6298217E-03
  2.1528153E-02
 -2.9176907E-03
  6.8331128E-03
 -2.2798747E-02
  3.0047610E-02
 -3.3701060E-03
  4.4133863E-03
 -1.4211629E-03
  5.7849935E-03
 -2.0085364E-03
  4.8917187E-03
 -3.9016807E-03
  6.4343787E-03
 -1.4710149E-03
  1.8452309E-03
  1.8452309E-03
