  2.9744010E-03
 -1.7341163E-03
  1.8618770E-03
 -8.4654969E-04
  2.6335001E-03
 -1.4946111E-03
  2.8663238E-03
 -1.9708076E-03
  2.9293203E-03
 -1.5419485E-03
  6.7017656E-03
 -3.4479245E-03
  3.2472732E-03
 -3.1043049E-03
  3.7119293E-03
 -3.2461488E-03
  4.5139114E-03
 -2.8150799E-03
  2.9060177E-03
 -1.1793261E-03
  6.4115883E-03
 -2.4662737E-03
  7.9023205E-03
 -1.9166105E-03
  1.1535363E-02
 -5.9924475E-03
  0.6911793    
  0.6846922    
 -4.5195248E-02
  0.1714453    
 -2.6828651E-03
  7.0949499E-03
 -2.7776044E-03
  9.0110004E-03
 -1.0570241E-02
  1.5219014E-02
 -3.0237844E-03
  6.3912044E-03
 -5.9552197E-03
  9.5747355E-03
 -1.1259676E-03
  3.0225681E-03
 -2.6605832E-03
  6.4968434E-03
 -1.2039948E-03
  2.3041812E-03
 -1.0673059E-02
  7.2181104E-03
 -2.9286451E-03
  3.1900101E-03
