  3.1312851E-03
 -7.1223930E-04
  3.3166353E-03
 -1.7933309E-03
  2.7208796E-03
 -2.1695101E-03
  3.0480635E-03
 -1.9066948E-03
  4.1555385E-03
 -3.3710545E-03
  9.5210206E-03
 -4.9097226E-03
  4.0439940E-03
 -2.5790818E-03
  5.3411853E-03
 -3.4495564E-03
  1.3082375E-02
 -6.2759323E-03
  8.1240581E-03
 -2.8760671E-03
  3.5866272E-02
 -2.7567083E-03
  2.5772434E-02
 -1.3066807E-03
  0.4351082    
 -4.8494320E-02
  0.2309285    
  0.2444242    
 -5.1776073E-03
  8.0598388E-03
 -1.4096373E-03
  5.7796822E-03
  6.0896492E-03
 -1.3969501E-03
  6.0083405E-03
 -1.7641986E-03
  4.6217130E-03
 -9.9683180E-04
  2.5844476E-03
 -2.6142923E-03
  2.7348483E-03
 -3.1572001E-03
  3.3790849E-03
 -7.5871660E-03
  5.8160913E-03
 -2.7657140E-03
  2.8541614E-03
 -3.8065820E-03
  2.6425042E-03
 -2.4129516E-03
  2.1634144E-03
