  2.3773606E-03
 -2.1645890E-03
  2.3735680E-03
 -1.4105042E-03
  4.8428411E-03
 -3.3487168E-03
  5.5936170E-03
 -3.6456753E-03
  4.2409580E-03
 -2.8245179E-03
  6.9904169E-03
 -2.4704747E-03
  8.4530991E-03
 -1.7229936E-03
  6.2294684E-02
 -3.0861150E-02
  0.4122148    
  0.4392140    
 -0.2768222    
  0.3024441    
 -2.3356066E-03
  4.7250997E-02
 -9.0775959E-04
  1.0825682E-02
 -3.2573186E-03
  1.4722282E-02
 -2.2180849E-03
  7.5849886E-03
 -1.2050568E-02
  1.5742613E-02
 -3.2858190E-03
  3.9557633E-03
 -2.6432236E-03
  4.1207639E-03
 -3.2723837E-03
  3.8294974E-03
 -8.6559629E-04
  2.1536096E-03
 -1.7148177E-03
  2.3363959E-03
