  2.4546790E-03
 -1.3974733E-03
  2.6798050E-03
 -1.6426407E-03
  2.1446438E-03
 -1.2731687E-03
  3.1417138E-03
 -2.5057290E-03
  3.3855713E-03
 -2.2675949E-03
  5.0459229E-03
 -3.1755802E-03
  1.0016262E-02
 -2.9649059E-03
  5.2689682E-03
 -3.3231811E-03
  6.7657088E-03
 -3.2460894E-03
  6.2004994E-03
 -2.1258099E-03
  2.1139063E-02
 -3.1931920E-03
  1.8397164E-02
 -2.5731002E-03
  0.6234043    
 -3.2246455E-03
  1.1708912E-02
 -4.1114674E-03
  2.2867799E-03
 -1.3882054E-03
  3.7594322E-02
 -6.8450226E-03
  1.3700555E-02
 -3.7674760E-03
  6.3204877E-03
 -4.7123577E-03
  4.2991433E-03
  4.2991433E-03
 -2.0138491E-03
  6.1579240E-03
 -1.9543839E-03
  3.1033275E-03
 -5.1036715E-03
  6.6472352E-03
 -3.6765628E-03
  4.3559456E-03
 -6.2907957E-03
  3.3360054E-03
  3.3360054E-03
 -5.0061964E-03
  1.8863190E-02
 -4.2470153E-03
  3.7500537E-03
