  2.2616964E-03
 -1.4893570E-03
  3.4108234E-03
 -1.7147617E-03
  2.7902904E-03
 -2.4819518E-03
  1.0518457E-03
  5.4255086E-03
 -3.6936773E-03
  2.4163895E-03
 -1.0269386E-03
  1.1490479E-02
 -9.1188587E-03
  3.6970412E-03
 -9.9802099E-04
  4.7437698E-03
 -2.9525594E-03
  6.0245572E-03
 -4.1569662E-03
  1.7050754E-02
 -6.0060853E-03
  3.2077938E-02
 -1.7144158E-03
  0.7865648    
 -1.3140460E-02
  1.1173778E-02
 -5.2884435E-03
  4.4523187E-02
 -1.8916337E-03
  7.1015432E-03
 -3.3236311E-03
  8.8478513E-03
 -8.1414906E-03
  2.0167256E-02
 -2.9073234E-03
  4.7733062E-03
 -3.0628191E-03
  5.1988349E-03
 -1.4496462E-03
  3.6713653E-03
 -2.8802191E-03
  5.8342470E-03
 -1.3528082E-03
  2.9239317E-03
 -2.0496552E-03
  4.8994920E-03
