  3.4117524E-03
 -3.3664056E-03
  2.5397046E-03
 -1.3124376E-03
  3.7701738E-03
 -2.6479005E-03
  3.6181090E-03
 -1.4058856E-03
  6.5376898E-03
 -3.2229559E-03
  1.2252248E-02
 -6.3970811E-03
  7.7354135E-03
 -3.0737389E-03
  9.1091044E-02
 -0.1058548    
  1.4973578E-02
 -2.7469045E-03
  9.7157154E-03
 -4.6410179E-03
  0.8749302    
  0.9170235    
 -5.9987226E-04
  1.0548891E-03
 -1.5418830E-03
  1.0896486E-02
 -1.1721960E-03
  9.1060065E-03
 -2.7053929E-03
  5.2697193E-03
 -2.6251175E-03
  4.4303448E-03
 -2.1693180E-03
  2.8011468E-03
 -4.8332722E-03
  3.8937102E-03
 -4.0138527E-03
  6.6241869E-03
