  2.4215272E-03
 -2.8729867E-03
  5.2938089E-03
 -1.4900170E-02
  4.4220607E-03
 -2.0572720E-03
  2.8760901E-03
 -2.2947576E-03
  3.8335063E-03
 -6.7627141E-03
  3.2768375E-03
 -1.8350111E-03
  4.4882814E-03
 -2.6959251E-03
  9.9715414E-03
 -4.8122560E-03
  6.2671653E-03
 -2.0669664E-03
  3.5681929E-02
 -5.4120263E-03
  0.1351157    
 -5.3579252E-02
  0.7564579    
  0.7543799    
 -1.8489829E-03
  2.1369394E-02
 -1.7694650E-03
  5.6767096E-03
 -2.3362327E-03
  1.1125810E-02
 -1.9800237E-03
  5.2758334E-03
 -2.2177426E-03
  3.6889031E-03
 -1.8575812E-03
  3.4178649E-03
 -2.0811232E-03
  2.8025224E-03
 -7.5236557E-04
  1.6179798E-03
 -2.3043561E-03
  1.3776310E-02
