  3.2870807E-03
 -1.3513468E-02
  2.6274587E-03
 -1.4520508E-03
  5.4888008E-03
 -5.0559384E-03
  3.5280546E-03
 -2.0011333E-03
  5.7065631E-03
 -5.1066177E-03
  2.9843785E-02
 -1.2081034E-03
  7.5452581E-02
 -8.2125645E-03
  8.2243504E-03
 -3.3522057E-03
  8.9900857E-03
 -4.9723582E-03
  0.9574723    
 -2.7204070E-03
  1.0556715E-02
 -6.5265121E-03
  1.3670558E-02
 -3.2180890E-03
  8.2052182E-03
 -3.6562872E-03
  5.8234716E-03
 -6.0921558E-03
  5.2581397E-03
 -5.7160878E-03
  4.5164400E-03
 -4.0297667E-03
  5.4563424E-03
 -3.5883868E-03
  3.9895992E-03
 -3.8132688E-03
  4.9612732E-03
 -2.5386829E-03
  2.8358158E-03
