  3.2007264E-03
 -6.9204853E-03
  4.5352578E-03
 -2.3638329E-03
  5.3729303E-03
 -3.7939979E-03
  5.3850180E-03
 -3.1027743E-03
  6.7127454E-03
 -1.1045951E-03
  6.9501549E-03
 -2.6124299E-03
  1.9990727E-02
 -3.2591198E-03
  9.0360381E-03
 -3.4636369E-03
  1.2866019E-02
 -3.0459962E-03
  0.1004224    
 -1.6233290E-02
  1.3264291E-02
 -2.9249433E-03
  6.8781629E-02
 -1.9251358E-03
  4.9647279E-03
 -4.3327776E-03
  4.5069676E-02
 -1.7561024E-03
  2.1866353E-02
 -1.5666133E-03
  7.7851331E-03
 -2.9495358E-03
  9.8013999E-03
 -2.5645713E-03
  4.3596206E-03
 -2.4389792E-03
  3.6063164E-03
 -3.1166251E-03
  4.2067426E-03
 -3.5823924E-03
  4.4931225E-03
 -1.4658155E-03
  3.2928400E-03
 -1.8455754E-03
  3.3267722E-03
 -2.4356046E-03
  2.4549665E-03
 -2.3315754E-03
  1.2964323E-02
