  2.2009644E-03
 -1.2103511E-03
  1.8478392E-03
 -1.0194679E-03
  3.1452905E-03
 -1.3746858E-03
  4.7843088E-03
 -3.9201239E-03
  6.6979434E-03
 -5.8461498E-03
  2.8318006E-03
 -1.6013185E-03
  6.1018094E-03
 -3.8870403E-03
  1.0774155E-02
 -3.2957545E-03
  6.6307881E-03
  6.6307881E-03
 -3.6622274E-03
  2.4490284E-02
 -4.4303350E-03
  1.2526627E-02
 -1.3476100E-03
  1.1207129E-02
 -3.4098579E-03
  3.4070585E-02
 -1.5856437E-03
   2.400240    
   2.068262    
   2.317398    
 -7.9023698E-03
  2.2376124E-02
 -9.9222118E-04
  2.9316733E-03
 -3.2325119E-03
  4.1987919E-03
 -3.1127671E-03
  5.0723925E-03
 -4.7098054E-03
  3.8693361E-03
 -2.8211116E-03
  3.2553913E-03
 -1.8358658E-03
  3.2571659E-03
