  3.3891222E-03
 -3.6261007E-03
  2.9087749E-03
 -2.3383906E-03
  3.4926410E-03
 -2.6017467E-03
  2.1853149E-03
 -9.2633674E-04
  3.0933460E-03
 -1.9048486E-03
  3.9333529E-03
 -2.5618651E-03
  3.9773369E-03
 -1.8672808E-03
  1.8937888E-02
 -1.7583322E-02
   1.071384    
   1.031511    
 -3.4491150E-03
  3.6257815E-02
 -2.1199093E-03
  6.3693644E-03
 -1.4042151E-03
  9.1803363E-03
 -1.2797480E-03
  4.6576299E-03
 -4.4286395E-03
  1.1856878E-02
 -3.5266322E-03
  4.5899418E-03
 -1.2449340E-03
  2.8033433E-03
 -2.4813234E-03
  3.0081295E-03
