  5.8461255E-03
 -3.4188547E-03
  4.6274015E-03
 -7.0771505E-03
  4.3418691E-03
 -2.6974929E-03
  2.3567204E-03
 -1.7319884E-03
  2.5895736E-03
 -1.3110245E-03
  2.4573444E-03
 -1.6306095E-03
  4.5513953E-03
 -4.4069123E-03
  4.3594046E-03
 -2.1582318E-03
  9.3629491E-03
 -9.0699131E-03
  2.5615228E-02
 -4.3131271E-03
  6.9938432E-03
 -3.7777021E-03
  0.6131351    
  0.6212414    
 -1.4549427E-03
  0.1090515    
 -4.8729125E-03
  4.1329651E-03
 -1.1704656E-03
  1.4564333E-03
 -9.9404599E-04
  7.1699615E-03
 -7.2269430E-03
  1.3509881E-02
 -3.1079063E-03
  4.7247577E-03
 -1.5038411E-03
  2.3455950E-03
 -4.6346299E-03
 -2.1662053E-03
  3.0435068E-03
