  2.1377206E-03
 -1.3508379E-03
  3.0242922E-03
 -4.0717809E-03
  4.1246177E-03
 -3.1177523E-03
  3.5681305E-03
 -2.5838586E-03
  3.9451141E-03
 -1.5754646E-03
  6.9865687E-03
 -2.9048533E-03
  8.9817075E-03
 -7.2735152E-03
  5.5959797E-03
 -3.1727098E-03
  6.1770938E-02
 -2.4842822E-03
  0.7167940    
  0.7107717    
 -2.0579067E-03
  8.2457718E-03
 -1.6658505E-03
  1.1265545E-02
 -2.4137166E-03
  6.5847496E-03
 -5.1105260E-03
  1.5385192E-02
 -3.4479306E-03
  3.8752025E-03
 -6.9513624E-03
  4.1592624E-02
 -2.5666300E-03
  4.0626195E-03
 -2.9681246E-03
  4.5993691E-03
 -1.1080637E-03
  2.6877522E-03
