  3.8001505E-03
 -2.1562730E-03
  3.6445512E-03
 -3.2464522E-03
  5.3452523E-03
 -4.8650936E-03
 -4.8650936E-03
  2.2836383E-03
 -1.2524653E-03
  2.4119953E-03
 -9.3787367E-04
  1.7059701E-02
 -1.8482171E-02
  3.7993700E-03
 -1.2244277E-03
  5.9437267E-03
 -2.5017881E-03
  1.6669311E-02
 -2.0853402E-03
  4.7237955E-02
 -2.6269746E-03
  1.3223865E-02
 -1.5421890E-02
  0.3943296    
 -4.4914545E-03
  8.6209262E-03
 -3.8744877E-03
  7.7674612E-03
 -3.5495474E-03
  1.2652772E-02
 -1.0666033E-03
  4.0976102E-03
 -1.7202125E-03
  5.7729129E-03
 -2.3915973E-03
  5.3384108E-03
 -1.5137153E-03
  3.5805297E-03
 -3.4872573E-03
  4.2623044E-03
 -2.7846214E-03
  3.0511401E-03
 -3.9772703E-03
  3.2394556E-03
  4.3479854E-04
