  4.4608857E-03
 -4.3287617E-03
  6.1311582E-03
 -3.9299894E-03
  2.7661378E-02
 -6.4491136E-03
  3.3238658E-03
 -1.7610282E-03
  5.1363059E-03
 -3.6670240E-03
  2.4277684E-03
 -1.7907764E-03
  3.9566946E-03
 -1.5680304E-03
  1.1619825E-02
 -5.4463451E-03
  3.3451659E-03
 -1.4324122E-03
  7.6608541E-03
 -3.2939415E-03
  1.8090514E-02
 -5.1467246E-03
  7.1970760E-03
 -5.1343055E-03
  0.9735672    
   1.252480    
 -5.3159939E-03
  1.1957064E-02
 -4.1451654E-03
  4.9256224E-02
 -1.0739645E-03
  1.7843412E-02
 -1.3279674E-03
  7.7261557E-03
 -3.3511636E-03
  6.0866517E-03
 -3.9619128E-03
  4.8336913E-03
 -3.4749471E-03
  4.4503054E-03
 -2.2464232E-03
  3.4382853E-03
 -1.8758151E-03
  3.9987755E-03
 -2.6275222E-03
  2.8651610E-03
 -2.8660072E-03
  3.8929754E-03
 -3.5689699E-03
  7.3131882E-03
