  2.6478593E-03
 -2.0829393E-03
  1.7513561E-03
 -1.2958318E-03
  2.5331399E-03
 -3.1324374E-03
  2.7314613E-03
 -2.4749439E-03
  2.9437954E-03
 -1.7796446E-03
  3.5284080E-03
 -1.8338272E-03
  3.6969322E-03
 -3.1562585E-03
  5.8711092E-03
 -3.7072939E-03
  3.2382801E-03
 -2.6353649E-03
  5.0315559E-03
 -4.0641935E-03
  5.2285944E-03
 -3.9732736E-03
  4.6325698E-03
 -2.8652011E-03
  5.7890512E-02
 -3.0838961E-02
  1.3033777E-02
  1.3033777E-02
 -3.3278004E-03
  7.3457673E-02
 -2.1137709E-03
  0.1474600    
 -4.2236471E-03
  4.9356051E-02
 -2.4012658E-03
  2.8210726E-02
 -3.3014580E-03
  9.4727539E-03
 -2.3506321E-03
  1.4445373E-02
 -4.1183461E-03
  1.8451156E-02
 -3.3762620E-03
  5.4591750E-03
 -1.3851859E-03
  3.5333685E-03
 -1.1604766E-03
  2.9799014E-03
 -1.4703390E-03
  3.0753938E-03
 -6.8984567E-03
  5.6895288E-03
 -1.8611464E-03
  2.5429195E-03
