  1.4416288E-03
 -7.2815962E-04
  3.6732806E-03
 -3.2658684E-03
  2.2881313E-03
 -1.8207956E-03
  4.2481869E-03
 -2.0340625E-03
  7.1427948E-03
 -3.6530949E-03
  3.4989798E-03
 -1.3277028E-03
  4.1092876E-03
 -1.2273210E-03
  1.1763962E-02
 -4.4998676E-03
  5.4814755E-03
 -2.3784803E-03
  0.1214944    
 -1.9407528E-03
  0.4974118    
 -3.9347918E-03
  8.3268788E-03
 -2.7291966E-03
  9.8519148E-03
 -1.2889453E-03
  2.3104530E-02
 -4.0992135E-03
  1.7224487E-02
 -4.3465528E-03
  1.1274848E-02
 -1.8995591E-02
  3.6248587E-02
 -9.5694447E-03
  2.2508711E-02
 -3.0571774E-03
  4.7243466E-03
 -3.3996638E-03
  6.8070572E-03
 -4.0251887E-03
  7.3313965E-03
 -6.6428678E-04
  1.9848768E-03
 -5.2877334E-03
  3.8606618E-03
