  3.2065269E-03
 -1.9150801E-03
  2.6684282E-03
 -1.3116014E-03
  2.8906802E-03
 -7.8198890E-04
  4.7822073E-03
 -3.3570386E-03
  4.1653574E-03
 -1.2127062E-03
  5.9474478E-03
 -1.3363236E-03
  9.9142008E-03
 -2.8788850E-03
  1.1760044E-02
 -3.1130654E-03
  8.9914277E-02
 -6.4995751E-02
  2.5774622E-02
 -2.9288859E-03
  0.6240293    
 -0.2486996    
 -0.3097633    
  0.3385264    
 -2.8857628E-03
  1.2510504E-02
 -1.9218993E-03
  8.9193173E-03
 -1.1625452E-03
  4.6711429E-03
 -3.4843769E-03
  5.2240081E-03
 -1.7443148E-03
  3.5669291E-03
 -5.4243035E-03
  1.8482670E-02
 -4.0152292E-03
  4.5866771E-03
 -3.0744725E-03
  4.5017903E-03
 -2.8225034E-03
  3.3566349E-03
 -2.8206706E-03
  4.3290616E-03
 -3.0104918E-03
  2.6007835E-03
 -1.9810963E-03
  1.6466193E-03
