  2.7294639E-03
 -1.6312733E-03
  6.4127804E-03
 -4.4838088E-03
  5.1215300E-03
 -3.9669317E-03
  5.9744464E-03
 -3.1080148E-03
  4.3707122E-03
 -2.8642796E-03
  3.8182009E-03
 -3.0838542E-03
  6.4828461E-03
 -2.3987738E-03
  3.2629911E-03
 -3.6532222E-03
  5.5079382E-02
  1.4291172E-02
 -5.1791258E-03
  5.3326078E-03
 -1.1468963E-03
  0.8447627    
  0.7044761    
 -3.7544637E-03
  4.0686987E-02
 -4.0205186E-03
  2.7091963E-02
 -1.0486286E-03
  2.4740649E-02
 -4.2427527E-03
  2.5063101E-02
 -3.0643314E-02
  2.7230782E-02
  2.7230782E-02
 -3.8870329E-03
  8.0994759E-03
 -2.8771199E-03
  9.1826413E-03
 -3.5821542E-03
  5.7185572E-03
 -1.5929245E-03
  3.5213463E-03
 -1.1922726E-03
  2.7151504E-03
 -7.4677952E-03
  1.0237389E-02
 -2.9811226E-03
  3.1359422E-03
 -1.2161332E-03
  2.8103995E-03
