  2.9235356E-03
  3.0749550E-03
 -2.1118659E-03
  5.4829451E-03
 -4.8998911E-03
  1.0757009E-02
 -2.6094491E-02
  6.0992977E-03
 -1.6523452E-03
  1.1695648E-02
 -4.0972866E-03
  1.1449295E-02
 -3.2673690E-03
  1.7601306E-02
 -3.0552072E-03
  0.2234161    
 -5.5426853E-03
  0.2628801    
 -1.0541183E-03
  2.4467533E-02
 -1.5544296E-02
  5.3853638E-02
 -1.1948184E-03
  8.7719290E-03
 -1.2868710E-03
  5.4872660E-03
 -3.6439919E-03
  3.9748629E-03
 -2.3117459E-03
  3.7857955E-03
 -2.1710438E-03
  3.3430338E-03
 -9.0793623E-03
  1.2159047E-02
 -9.1515511E-04
  1.9409300E-03
 -2.5310840E-03
  5.0072493E-03
 -5.0534210E-03
  3.8094101E-03
 -3.7960513E-03
  3.7647316E-03
 -2.0502019E-03
  3.6898209E-03
