 -1.0049045E-03
  7.5385091E-03
 -5.9223529E-03
  3.5746230E-03
 -4.2189094E-03
  2.4998412E-03
 -1.2337802E-03
  4.2007044E-03
 -3.8411908E-03
  4.2649298E-03
 -2.8647243E-03
  5.4825055E-03
 -3.8919656E-03
  3.6966116E-03
 -1.0133552E-03
  4.9393405E-03
 -2.4283961E-03
  2.6195288E-02
 -2.7815336E-03
  4.8656914E-02
 -1.0041898E-02
  0.4391022    
 -3.2828141E-02
  9.7637132E-02
 -2.6105468E-03
  7.7309823E-03
 -8.5316272E-03
  2.7756318E-02
 -1.0190561E-03
  3.8428709E-03
 -1.0021864E-03
  3.2611652E-03
 -9.3387242E-04
  2.8618081E-03
 -2.9051562E-03
  4.0084561E-03
 -1.2509361E-03
  2.5263685E-03
 -1.1125598E-02
  6.5238513E-03
 -5.4604909E-03
