  7.2290553E-03
  5.7594175E-03
 -3.8224463E-03
  3.0139559E-03
 -2.1822045E-03
  3.0399896E-03
 -1.2978996E-03
  6.4649270E-03
 -6.2527764E-03
  3.5889917E-03
 -2.5524129E-03
  1.1744040E-02
 -3.2923582E-03
  7.6726391E-03
 -5.3154146E-03
  1.3993121E-02
 -3.9114906E-03
  8.6890850E-03
 -2.2351539E-03
  7.7978142E-02
 -4.4443626E-03
  9.2548132E-03
 -4.8316075E-03
  4.5143444E-02
 -3.4479012E-03
  9.0701744E-02
 -2.5571710E-03
  1.0543738E-02
 -3.2509819E-03
  5.2062515E-03
 -2.7905595E-03
  5.0159073E-03
 -2.7188451E-03
  4.3235458E-03
 -3.7218295E-03
  4.0863254E-03
 -1.4689332E-03
  3.5090800E-03
 -4.6973960E-03
  5.3874250E-03
 -1.2867369E-03
  2.9335688E-03
