  2.0157893E-03
 -2.1279592E-03
  6.3680951E-03
 -3.8150023E-03
  8.3919289E-03
 -7.2354577E-03
  2.8865784E-03
 -2.7617454E-03
  3.2827668E-03
 -1.9645528E-03
  3.4776914E-03
 -2.8335315E-03
  5.2244863E-03
 -4.5837676E-03
  3.4976073E-03
 -4.1090585E-03
  8.4444555E-03
 -3.3468318E-03
  5.4453085E-03
 -2.6369768E-03
  5.5871182E-03
 -6.7603122E-04
  3.4999691E-03
 -2.3625526E-03
  1.3209323E-02
 -3.3257552E-03
  0.8139930    
  0.8508738    
 -3.0377281E-03
  3.1141538E-02
 -3.2982146E-03
  1.0068131E-02
 -3.7545224E-03
  6.1307861E-03
 -3.1627000E-03
  4.3169116E-03
 -2.6910612E-03
  4.1376068E-03
 -6.8496633E-04
  2.8269642E-03
 -1.2093475E-02
  7.2384244E-03
 -1.9481949E-03
  3.1585121E-03
