  1.6607927E-03
 -8.9374633E-04
  6.3255560E-03
 -2.8305843E-03
  3.9568944E-03
 -3.5913915E-03
  5.3438921E-03
 -3.0081791E-03
  6.0313903E-03
 -4.1545709E-03
  4.6912194E-03
 -2.2457321E-03
  5.2860617E-03
 -2.0038218E-03
  1.2177320E-02
 -4.7131274E-03
  5.0391220E-02
 -2.6178882E-02
  1.1923909E-02
 -4.4280938E-03
  5.9811775E-02
 -5.6234412E-03
  0.4401816    
 -3.2185875E-03
  8.9685693E-02
 -1.5665996E-03
  8.3678074E-02
 -3.4674399E-03
  7.9735583E-03
 -2.5425549E-03
  9.8597230E-03
 -4.5806048E-03
  1.3119836E-02
 -5.6451238E-03
  5.9769857E-03
 -1.1865467E-02
 -8.3214827E-03
  1.2719272E-02
 -2.8513370E-03
  4.2213476E-03
 -2.5304116E-03
  3.5504024E-03
 -3.8639251E-03
  4.8690201E-03
