  4.1605681E-03
 -6.8497043E-03
  2.6525704E-03
 -1.3679398E-03
  5.4638283E-03
 -3.3145729E-03
  7.2143343E-03
 -3.7956820E-03
  4.1504162E-03
 -2.1730203E-03
  2.7421967E-03
 -7.4573763E-04
  5.5456865E-03
 -3.5831600E-03
  6.8741613E-03
 -1.0846342E-03
  1.1455565E-02
 -2.9717013E-03
  3.5807170E-02
 -2.6874347E-02
  2.6061906E-02
 -9.7071548E-04
  0.8763595    
   1.039990    
  -2.195765    
  -2.704327    
  0.7000926    
   36.06635    
   5.591799    
   2.282824    
   1.473249    
 -1.2189430E-03
  6.8948944E-03
 -9.8233379E-04
  4.5028231E-03
 -3.5511230E-03
  4.4794888E-03
 -2.1873752E-03
  5.6783129E-03
 -2.7808405E-03
  4.7260337E-03
 -1.3740862E-03
  3.1994446E-03
 -2.0254436E-03
  3.5534948E-03
 -4.3066693E-03
  4.0522516E-03
 -1.7848319E-03
  3.6831866E-03
