  2.1341152E-03
 -1.0530305E-03
  2.6042154E-03
 -2.6803019E-03
  9.6540367E-03
 -5.4498087E-03
  4.2708796E-03
 -2.8806566E-03
  2.0677375E-03
 -1.3735931E-03
  5.4172194E-03
 -3.7311800E-03
  1.3713248E-02
 -3.7874093E-03
 -0.1719016    
  5.5013280E-02
 -1.2941287E-03
  0.8827348    
  0.8827348    
 -5.5903204E-02
  0.1246197    
 -2.2152131E-03
  2.1357697E-02
 -3.0581611E-03
  6.6458229E-03
 -5.8225486E-03
  1.7263833E-02
 -2.1791637E-02
  8.3860364E-03
 -2.0442468E-03
  3.7322419E-03
 -1.0696617E-03
  2.6428739E-03
 -3.2827691E-03
  4.2551355E-03
 -4.2866040E-03
  9.8057285E-02
 -2.9681546E-03
  3.7330231E-03
