  1.6539472E-03
 -1.3324763E-03
  3.6499146E-03
 -2.0442938E-03
  3.3707358E-03
 -1.9258265E-03
  2.3349593E-03
 -7.9327944E-04
  6.0262321E-03
 -3.7131316E-03
  6.0822004E-03
 -3.7187040E-03
  4.5227460E-03
 -1.2001861E-03
  4.8511005E-03
 -1.8604702E-03
  4.7316467E-03
 -1.2753180E-03
  7.0979996E-03
 -4.8972075E-03
  1.5326199E-02
 -2.8520140E-03
  4.1539580E-02
 -8.3669595E-04
  0.7531403    
  0.7619933    
 -3.5839502E-03
  5.4461930E-02
 -5.0095823E-03
  1.6864574E-02
 -6.5377209E-04
  2.3691419E-03
 -2.0254487E-03
  4.4227578E-03
 -7.5408531E-04
  2.2417738E-03
 -1.5422013E-03
  3.0194677E-03
