  2.8076852E-03
 -2.2202756E-03
  2.2851715E-03
 -1.3046613E-03
  3.9475881E-03
 -1.5900318E-03
  4.0603834E-03
 -2.5229240E-03
  4.4955951E-03
 -1.8239854E-03
  6.1280848E-03
 -2.2654142E-03
  6.1530047E-03
 -2.7289258E-03
  2.0095967E-02
 -6.1387019E-03
  5.3455750E-03
 -2.3368883E-03
  6.5155071E-03
 -3.0617155E-03
   1.043715    
  0.9858003    
 -3.9242962E-03
  1.6432706E-02
 -2.6563716E-03
  7.3755519E-03
 -2.9291078E-03
  1.5029124E-02
 -4.2348173E-03
  1.3339694E-02
 -2.6088476E-03
  4.6833591E-03
 -1.6640245E-03
  4.4562696E-03
 -3.2607778E-03
  4.8220558E-03
 -3.5227197E-03
  4.0269736E-03
  3.5360670E-03
  1.2499808E-02
 -4.3046009E-03
  1.6478190E-02
 -1.5930925E-03
  2.3682597E-03
