  2.1199256E-03
 -1.4493039E-03
  2.8173917E-03
 -2.2669460E-03
  1.0261497E-02
 -6.2025832E-03
  5.2720099E-03
 -4.8152176E-03
  3.0418658E-03
 -1.1708309E-03
  2.5558842E-03
 -1.0519471E-03
  6.6694156E-03
 -2.8900958E-03
  2.0432342E-02
 -1.7310259E-03
  8.8222630E-02
 -5.2719577E-03
  0.5916724    
 -2.0698640E-03
  6.3761637E-02
  6.3761637E-02
 -1.1856504E-03
  1.0719896E-02
 -3.0581905E-03
  8.1056422E-03
 -8.6447876E-03
  1.8153895E-02
 -1.9744078E-03
  3.3882544E-03
 -2.8488364E-03
  3.8819180E-03
 -1.3567092E-03
  2.9958482E-03
 -3.2124380E-03
  3.3907550E-03
 -2.0294327E-03
  2.6546610E-03
 -1.8575997E-03
  2.5406780E-03
 -2.1148974E-03
  3.2011503E-03
 -1.4396156E-03
  2.1176483E-03
