  2.6871043E-03
 -2.6391072E-03
  3.6603259E-03
 -2.4511240E-02
  2.9142757E-03
 -1.2670499E-03
  1.0149869E-02
 -8.4876586E-03
  2.9299355E-03
 -2.5577366E-03
  4.0508611E-03
 -2.3277197E-03
  3.2877482E-03
 -1.4412305E-03
  3.4007633E-03
 -2.3723417E-03
  6.2415903E-03
 -7.0073153E-03
  1.0109300E-02
 -3.1963340E-03
  8.2599465E-03
 -3.1372379E-03
  3.7416644E-02
 -3.5177276E-03
  0.1641250    
 -1.1320359E-02
  0.5759829    
 -3.8229818E-03
  6.5163681E-03
 -1.4556749E-02
  2.6386410E-02
 -1.3248897E-03
  4.3685962E-03
 -4.0367008E-03
  7.0213331E-03
 -1.5826636E-03
  3.0858894E-03
 -2.1065765E-03
  3.7060974E-03
 -3.7812870E-03
  4.7172187E-03
 -9.5421243E-03
  7.3218169E-03
 -1.0774807E-02
  8.4096417E-02
 -2.0432321E-03
  2.4773914E-03
 -1.3887635E-03
  1.7792868E-03
 -1.3060524E-03
  1.7260658E-03
 -2.1891219E-03
  3.6495861E-03
