  2.3625880E-03
 -9.4296399E-04
  4.0473109E-03
 -3.2441509E-03
  5.9264251E-03
 -8.0164867E-03
  8.8436157E-03
 -5.1358184E-03
  4.7856309E-03
 -2.7751429E-03
  8.1684990E-03
 -2.8463125E-03
  6.9589298E-03
 -8.5957237E-03
   1.389590    
   1.280068    
 -4.3166452E-03
  5.6630123E-02
 -1.2803489E-03
  4.4314377E-03
 -3.0578186E-03
  1.6421046E-02
 -2.2684126E-03
  1.2741737E-02
 -1.1143776E-03
  3.9014784E-03
 -3.5728023E-03
  4.7229272E-03
 -2.0944893E-03
  3.9222110E-03
 -4.9757045E-03
  5.5714720E-03
 -1.0427268E-03
  2.5347781E-03
 -1.0159214E-03
  1.9985836E-03
