  2.6000985E-03
 -1.8579301E-03
  1.7419539E-03
 -1.4769429E-03
  3.2762352E-03
 -3.5228075E-03
  2.0820329E-03
 -1.5059975E-03
  3.4252289E-03
 -2.3937833E-03
  4.6302932E-03
 -4.0630926E-03
  3.5071722E-03
 -2.6929262E-03
  5.9838165E-03
 -3.6402936E-03
  5.7892525E-03
 -2.2084399E-03
  8.8298796E-03
 -4.2450745E-03
  5.6602056E-03
 -1.2011230E-03
  1.2144428E-02
 -6.1103320E-03
  0.1810947    
 -0.1438910    
  0.3847183    
  0.3847183    
 -3.5323803E-03
  1.0030231E-02
 -1.8948050E-03
  1.6535932E-02
 -6.1815814E-04
  2.4119252E-03
 -6.0469257E-03
  5.3914390E-03
 -1.2670895E-02
  9.0760225E-03
 -2.9913271E-03
  1.2892909E-02
 -3.9249356E-03
  3.4057950E-03
 -1.7686200E-03
  1.8598381E-03
