  3.0688529E-03
 -1.5114681E-03
  9.7369152E-04
 -6.1506266E-04
  2.2344533E-03
 -1.9282299E-03
  5.6864684E-03
 -3.3199540E-03
  2.6555539E-03
 -1.1145578E-03
  3.6500944E-03
 -2.8805430E-03
  4.7697481E-03
 -1.0935691E-03
  4.3542772E-03
 -2.6882319E-03
  4.4365954E-03
 -7.3527725E-04
  5.2125536E-02
 -2.7239623E-03
  9.0678446E-03
 -3.3724480E-03
  0.8876491    
  0.8868200    
 -3.0460460E-03
  3.5051089E-02
 -2.7997610E-03
  1.7664470E-02
 -6.9004558E-03
  7.5351046E-03
  7.5351046E-03
 -2.9851662E-03
  8.9776432E-03
 -1.5366342E-03
  6.5114447E-03
 -3.5143082E-03
  6.4932518E-03
 -2.0261079E-03
  3.0342944E-03
 -3.2997744E-03
  2.5187554E-03
 -4.9414621E-03
  5.6237760E-03
