  2.0768058E-03
 -1.2083736E-03
  3.0364639E-03
 -1.4631998E-03
  4.2379908E-03
 -3.1472973E-03
  3.6822380E-03
 -2.3948117E-03
  1.3213073E-02
 -3.3316521E-03
  8.0264151E-02
 -1.0461924E-02
  0.1098418    
 -1.6009355E-03
  0.2988554    
 -4.1820793E-03
  2.0104397E-02
 -2.9946840E-03
  5.3552263E-03
 -1.7166663E-02
  3.1643026E-02
 -3.2917790E-03
  5.1997737E-03
 -3.4050450E-03
  5.3556468E-03
 -3.3494839E-03
  5.7658711E-03
 -1.7791485E-03
  2.8653715E-03
 -4.1916966E-03
  5.2875765E-03
 -1.6628052E-03
  2.9701379E-03
 -3.8907253E-03
  1.1914839E-02
