  3.4701556E-03
 -4.4978317E-03
  2.3117806E-03
 -1.4330667E-03
  3.0951153E-03
 -1.7284611E-03
  2.8444231E-03
 -1.9345885E-03
  2.9398678E-03
 -1.8396273E-03
  4.5885304E-03
 -4.0770741E-03
  3.6414480E-03
 -2.3701468E-03
  3.6572276E-03
 -9.2643476E-04
  1.0119496E-02
 -6.3021295E-03
  9.9471491E-03
 -3.9669587E-03
  1.1573858E-02
  1.1573858E-02
 -4.0954798E-03
  0.1719906    
 -1.9174683E-03
  4.5893554E-02
 -5.6051309E-03
  3.1065838E-02
 -1.1665082E-03
  4.7483691E-03
 -5.0369469E-03
  6.9644186E-03
 -3.5099534E-03
  5.3441115E-03
 -3.2770203E-03
  5.1862015E-03
 -3.5287102E-03
  4.5729242E-03
 -2.6211345E-03
  3.2522946E-03
 -1.7094908E-02
  4.3581049E-03
 -8.6535601E-04
  1.5302547E-03
