  1.3776696E-03
 -5.7643978E-04
  7.9103066E-03
 -9.1104219E-03
  4.8573161E-03
 -4.8288619E-03
  4.7324067E-03
 -1.2784227E-03
  5.4111192E-03
 -2.3822789E-03
  5.8897878E-03
 -3.6547033E-03
  1.7460622E-02
 -4.0826332E-03
  3.6573712E-02
 -2.6265366E-03
  0.2294157    
  0.3246156    
 -0.2232700    
  0.4848591    
  0.4329238    
 -4.2862538E-03
  1.0730688E-02
 -4.3466636E-03
  0.1018747    
 -8.8274793E-04
  6.5799723E-03
 -3.0627116E-03
  6.0525457E-03
 -3.8241306E-03
  4.4694566E-03
 -1.2512493E-03
  1.4455202E-03
