  2.0900827E-03
 -2.1996810E-03
  2.0314250E-03
 -1.0425204E-03
  4.1185808E-03
 -3.0200651E-03
  4.5519341E-03
 -2.9107055E-03
  1.3186403E-02
 -8.7932469E-03
  1.4640625E-02
  1.4640625E-02
 -4.3043699E-03
  7.2396463E-03
 -1.1823667E-03
  0.5537754    
  0.5537754    
 -0.1878727    
  0.5958127    
  0.6272829    
 -2.3481235E-02
  8.8313937E-02
 -8.2540037E-03
  1.8951030E-02
 -8.8622479E-04
  3.7566458E-03
 -1.4186519E-03
  5.0628656E-03
 -3.7251466E-03
  3.6214439E-03
 -2.3621302E-03
  2.9555862E-03
 -2.1027869E-03
  3.0216284E-03
