  5.1629557E-03
 -2.0469704E-03
  2.9764681E-03
 -1.4507219E-03
  3.4634685E-03
 -2.4624781E-03
  4.0003280E-03
 -2.6870628E-03
  3.0542333E-03
 -2.3145662E-03
  4.2403806E-03
 -2.5888202E-03
  2.1678424E-03
 -5.4122077E-04
  8.8476464E-03
 -3.3856835E-03
  8.4849689E-03
 -4.7904924E-03
  3.0831415E-02
 -1.5336579E-03
  0.4670201    
 -1.1499803E-02
  0.1397863    
 -1.5505567E-03
  4.6799127E-02
 -2.3282648E-03
  1.9514797E-02
 -3.9039042E-03
  2.2895537E-02
 -4.7765481E-03
  1.6238632E-02
 -2.7242156E-03
  6.5051550E-03
  2.6624385E-02
  6.1453521E-02
 -3.4630480E-03
  5.2065854E-03
 -7.4159503E-03
  8.7110018E-03
 -3.6740268E-03
  4.7733961E-03
 -1.9924776E-03
  4.2553563E-03
 -2.2561005E-03
  3.0518244E-03
 -6.5539777E-03
  1.0194330E-02
 -2.8355930E-03
  9.2998119E-03
 -2.3680434E-03
  2.8621231E-03
 -2.0425138E-03
  5.6597176E-03
