  2.3962087E-03
 -3.7484237E-03
  2.6773429E-03
 -2.0109955E-03
  2.9194157E-03
 -1.7747320E-03
  2.8126091E-03
 -1.5549053E-03
  4.0542334E-03
 -1.5282783E-03
  4.3662488E-03
 -1.5237902E-03
  3.3342151E-03
 -2.1946791E-03
  4.8788157E-03
 -1.2876577E-03
  1.8082729E-02
 -1.9454273E-03
  1.9380221E-02
 -1.9892245E-03
  1.5624463E-02
 -3.3521317E-03
  6.4611589E-03
 -6.6690630E-04
  1.5910070E-02
 -4.3301573E-03
  5.3661380E-02
 -5.3865747E-03
  6.9571681E-02
 -1.1085791E-02
  5.9845638E-02
 -2.0413238E-03
  1.3262347E-02
 -1.1473350E-03
  7.3643173E-03
 -2.5667825E-03
  3.7871196E-03
 -1.1950046E-03
  2.3887665E-03
 -1.3290865E-03
  3.3712448E-03
 -2.6082592E-03
  3.4469273E-03
 -1.9802861E-03
  2.8942772E-03
 -1.6311512E-03
  2.4568536E-03
 -2.5456173E-03
  3.7119184E-03
