  1.1350222E-02
 -2.6570074E-03
  2.4303573E-03
 -2.6188856E-03
  1.0644739E-02
 -6.5197181E-03
  3.2270085E-03
 -1.5715699E-03
  5.7666260E-03
 -5.3768805E-03
  3.5637501E-03
 -1.8166882E-03
  5.1991306E-03
 -3.2464855E-03
  5.2251280E-03
 -4.6545663E-03
  7.0999404E-03
 -1.0204901E-03
  7.0393425E-03
 -5.6279432E-03
  1.1319189E-02
 -3.2635161E-03
  0.7019072    
  0.7150370    
 -1.8996357E-03
  0.1085500    
 -5.6692199E-03
  1.3054980E-02
 -2.9919432E-03
  6.5855612E-03
 -6.3510179E-03
  9.3002561E-03
 -2.5398778E-03
  7.4095181E-03
 -2.2219522E-03
  6.1984630E-03
 -4.1582910E-03
  4.5140707E-03
 -1.3830222E-02
  1.1470048E-02
 -3.0900566E-03
  4.4317744E-03
 -7.1671042E-03
  2.5333522E-02
 -2.2125782E-03
  3.6828206E-03
 -9.4129974E-03
  9.9834139E-03
 -2.7427697E-03
  3.2621906E-03
