  3.0993710E-03
 -3.6821617E-03
  2.8465635E-03
 -1.7599143E-03
  7.1949270E-03
 -1.5405938E-02
  8.6785825E-03
 -3.4149499E-03
  4.4864980E-03
 -3.2606379E-03
  4.7610025E-03
 -6.2477251E-04
  8.4680850E-03
 -4.5529120E-03
  3.9170422E-03
 -1.2336725E-03
  2.6627488E-02
 -4.2690276E-03
  0.8736814    
   1.116799    
 -1.9179945E-03
  1.9880407E-02
 -1.9734830E-03
  5.6972764E-03
 -3.0479885E-03
  2.3412103E-02
 -1.0078244E-02
  3.9577555E-02
 -2.8452131E-03
  5.2987868E-03
 -1.6899321E-03
  4.4643818E-03
 -2.9122224E-03
  4.6091201E-03
 -2.2588924E-03
  5.1365299E-03
 -2.6580160E-03
  3.1801960E-03
  1.9700031E-03
 -1.5421071E-03
  2.5073364E-03
