  3.2940449E-03
 -1.1920977E-02
  4.0021790E-03
 -6.9432198E-03
  2.4236564E-03
 -1.4845442E-03
  3.7975982E-03
 -2.4547332E-03
  2.1606863E-03
 -8.9479279E-04
  2.8626609E-03
 -1.5890725E-03
  4.1660871E-03
 -3.1347794E-03
  2.9378717E-03
 -1.1931680E-03
  5.2255127E-03
 -3.8957172E-03
  4.7649574E-03
 -1.2516043E-03
  6.0110386E-03
 -1.0558383E-03
  1.2021490E-02
 -1.1008860E-02
  5.1166676E-03
 -1.4422210E-03
  5.8466843E-03
 -1.8945578E-03
  3.9222110E-03
 -5.9033358E-03
  4.6866059E-02
 -3.9705234E-03
  0.2692149    
 -0.2041874    
  0.3094688    
  0.3144420    
 -5.1538092E-03
  6.6734821E-02
 -1.2943650E-03
  5.0177076E-03
 -2.0478403E-03
  4.9622185E-03
 -1.1495749E-03
  2.8553114E-03
 -3.9671278E-03
  6.6710641E-03
 -1.5287769E-03
  3.1107455E-03
 -4.0272348E-02
 -4.0272348E-02
  6.7878738E-03
 -1.2491697E-03
  2.6484919E-03
 -8.0854343E-03
  6.4088269E-03
