  1.8674869E-03
 -1.5377881E-03
  2.8008493E-03
 -2.5180662E-03
  4.9968101E-03
 -2.0608401E-03
  3.6719386E-03
 -2.3372900E-03
  4.7961138E-03
 -1.5160992E-03
  1.0313717E-02
 -3.0520086E-03
  2.3102477E-02
 -4.1786153E-03
  0.7464471    
  0.7806737    
 -1.2931905E-03
  3.0188344E-02
 -1.1293173E-03
  1.5863303E-02
 -2.6534221E-03
  6.4478349E-03
 -2.6311919E-03
  4.4312137E-03
 -1.0131000E-03
  4.4186916E-03
 -3.6216087E-03
  7.5166863E-03
 -3.1464298E-03
  3.9956211E-03
 -3.0526295E-03
  4.0310663E-03
 -4.0605231E-03
  6.5260655E-03
 -4.9620634E-03
  4.6236981E-03
 -2.4022754E-02
  5.9688748E-03
 -4.5104665E-03
  3.2595466E-03
 -2.5708424E-03
  3.3609997E-03
 -3.2987087E-03
  7.1610268E-03
 -1.3042310E-03
  2.2250663E-03
