  2.1369862E-03
 -1.4659355E-03
  4.9970723E-03
 -4.9963952E-03
  3.2454154E-03
 -2.3561707E-03
  3.6318288E-03
 -3.0757214E-03
  8.0254870E-03
 -9.9332025E-04
  3.5441034E-02
 -1.5850252E-03
  3.2246001E-02
 -4.9201674E-03
  1.1703124E-02
 -4.3056551E-03
  8.4128797E-02
   2.185432    
   6.141009    
  0.2831027    
 -3.2128384E-03
  1.2754681E-02
 -3.8099028E-03
  7.5969915E-03
 -1.4270155E-03
  3.2130014E-03
 -3.2417553E-03
  4.6519302E-03
 -1.4858464E-03
  3.9007664E-03
 -1.0242894E-03
  1.9130723E-03
 -2.0598918E-03
  2.4958816E-03
