  2.2216035E-02
  5.8957222E-03
 -4.2623952E-03
  2.6375540E-03
 -1.1843510E-03
  2.5532213E-03
 -2.0343575E-03
  2.9509156E-03
 -1.3219053E-03
  3.7507850E-03
 -2.5079476E-03
  4.3585338E-03
 -2.4836420E-03
  4.4841622E-03
 -2.9506152E-03
  8.1657711E-03
 -2.2635711E-03
  3.3428173E-03
 -1.6282153E-03
  1.1917925E-02
 -2.5039995E-03
  7.3446217E-03
 -2.5694813E-03
  7.3945294E-03
 -2.1100002E-03
  0.6084026    
  0.6185442    
 -1.2226945E-03
  1.6826041E-03
 -1.3725474E-03
  8.8771760E-02
 -4.1685747E-03
  1.5566332E-02
 -2.6762618E-03
  5.3993221E-03
 -7.0331595E-03
  1.5681950E-02
 -2.3896508E-03
  6.1931117E-03
 -1.3052550E-03
  2.6316736E-03
 -3.5639051E-03
  4.4275122E-03
 -1.7814613E-03
  2.5280821E-03
 -9.9710119E-04
  1.9402525E-03
 -1.6247495E-03
  2.0829716E-03
