  2.3049281E-03
 -8.4429095E-04
  2.7792940E-03
 -1.5685132E-03
  3.5062532E-03
 -5.1680566E-03
  6.5270169E-03
 -3.7830402E-03
  3.7553073E-03
 -2.0314115E-03
  3.5646444E-03
 -3.4996520E-03
  4.1648545E-03
 -2.8088095E-03
  6.3999849E-03
 -8.5983035E-04
  4.9219634E-03
 -1.8139785E-03
  4.5739072E-03
 -1.5534580E-03
  1.5176554E-02
 -6.9621266E-03
  1.0273978E-02
 -2.7349058E-03
  3.0494001E-02
 -4.8487429E-03
  1.7333172E-02
 -3.6384016E-03
  0.1672007    
 -4.6021901E-03
  1.7943112E-02
 -4.0837810E-03
  1.7742969E-02
 -3.0592917E-03
  2.4327392E-02
 -4.7781197E-03
  2.2522304E-02
 -4.2804708E-03
  1.0227439E-02
 -1.7042069E-03
  4.7262008E-03
 -3.5191027E-03
  5.5317599E-03
 -2.2183133E-03
  3.5026928E-03
 -3.1870452E-03
  4.0320596E-03
 -3.4759908E-03
  5.0848508E-03
 -4.8996443E-03
  4.2194026E-03
