  3.3388531E-03
 -2.2392278E-03
  3.8431829E-03
 -3.1011275E-03
  8.0761872E-03
 -3.3275760E-03
  2.6099661E-03
 -8.6846226E-04
  5.6638848E-03
 -5.0275498E-03
  7.0726410E-03
 -3.3299024E-03
  1.3805562E-02
 -6.4998125E-03
  4.3068524E-02
 -2.8438815E-03
  9.2445891E-03
 -4.6037575E-03
  0.2802456    
 -1.7138260E-03
  9.7348228E-02
 -3.8042411E-03
  2.0130163E-02
 -3.4104600E-03
  1.5475701E-02
 -2.3335719E-03
  9.6008806E-03
 -7.9495236E-03
  2.3227822E-02
 -5.0709262E-03
  6.7300815E-03
 -2.6351393E-03
  5.1151053E-03
 -3.5971540E-03
  4.7025154E-03
 -3.4692399E-03
  3.8888755E-03
 -2.8002893E-03
  3.6006162E-03
 -4.2216163E-03
  4.8649055E-03
 -1.6625338E-03
  3.0058890E-03
 -1.8356682E-03
  3.1785939E-03
 -8.1960583E-04
  1.6963942E-03
 -9.0977526E-04
