  4.0806043E-03
 -6.1205216E-03
  2.3675440E-03
 -1.1605261E-03
  5.3354762E-03
 -3.9384537E-03
  3.8363771E-03
 -1.8843524E-03
  2.7701729E-03
 -1.0859687E-03
  3.5953557E-03
 -1.9981852E-03
  3.5890897E-03
 -1.2629244E-03
  5.3717978E-03
 -3.3149456E-03
  2.0491526E-02
 -1.2991915E-02
  9.4898283E-02
 -8.8918838E-04
  0.3307100    
  0.3355383    
 -1.9555051E-02
  9.0425409E-02
 -1.4553104E-02
  3.5103358E-02
 -1.1140328E-03
  9.6734958E-03
  9.6734958E-03
 -1.3768205E-02
  3.1961545E-02
 -3.9291866E-03
  6.2715551E-03
 -2.2997232E-03
  5.8832401E-03
 -4.1151643E-03
  6.4718886E-03
 -2.8571568E-03
  3.6431556E-03
 -1.1226070E-03
  2.5209815E-03
 -4.7641424E-03
  6.4997585E-03
 -2.4084698E-03
  3.2610621E-03
 -2.8377303E-03
  5.8531347E-03
 -1.6516263E-03
  1.6000307E-03
