  2.5566460E-03
 -2.0788312E-03
  3.9673536E-03
 -4.9295351E-03
  2.4714719E-03
 -1.6911991E-03
  5.9366901E-03
 -4.4859475E-03
  2.7970758E-03
 -1.2006527E-03
  9.0728765E-03
 -5.8570094E-03
  3.3065805E-03
 -1.2780861E-03
  9.0546599E-03
 -2.5709507E-03
  1.0579059E-02
 -5.2011181E-03
  1.3222404E-02
 -3.5773707E-03
  0.1154290    
 -3.1454850E-03
  0.3938355    
  0.3990064    
 -3.7857676E-03
 -3.7857676E-03
  1.4960364E-02
 -2.8484757E-03
  1.1718946E-02
 -1.0626744E-03
  2.5143081E-03
 -2.2535485E-03
  2.8746661E-03
 -7.7833998E-04
  1.9226897E-03
 -5.1893624E-03
  3.2675776E-03
 -8.0600409E-03
  6.4250524E-03
