  3.7578498E-03
 -1.8213057E-03
  6.8412102E-03
 -9.4219409E-03
  3.6327464E-03
 -1.6397650E-03
  2.4959778E-03
 -9.1068039E-04
  5.0201551E-03
 -3.0493888E-03
  1.6250148E-02
  5.8605582E-03
 -3.6806648E-03
  2.3703909E-02
 -1.0012062E-02
  0.8536001    
  0.8536001    
 -4.0940144E-03
  7.0252463E-02
 -3.4081358E-03
  1.0385586E-02
 -2.4844417E-02
  6.9710365E-03
 -2.2238365E-03
  1.0757687E-02
 -8.4803309E-03
  7.5922399E-03
 -1.2107078E-02
  1.9709317E-02
 -1.6628032E-03
  4.4281655E-03
 -6.1515444E-03
  5.1321373E-03
 -1.3687946E-03
  3.0938215E-03
 -4.2614108E-03
  3.2030754E-03
 -4.5005893E-03
  4.7857398E-03
 -6.0826205E-03
  4.5353896E-03
 -3.5559691E-03
  4.6448149E-03
 -1.2792133E-03
  1.8633101E-03
