  2.8108074E-03
 -3.4376027E-03
  3.3324782E-03
 -1.2360530E-03
  4.3402049E-03
 -1.1056929E-03
  5.4716417E-03
 -1.6373849E-03
  3.0242777E-03
 -2.6980240E-03
  5.7767211E-03
 -4.3310919E-03
  2.8646059E-02
 -1.4221234E-03
  0.4177248    
 -1.5569313E-03
  0.3399417    
  0.3399417    
 -6.2238174E-03
  1.2939177E-02
 -1.4511988E-03
  6.5080333E-03
 -3.5500396E-03
  5.9239417E-03
 -4.2316671E-03
  5.1126187E-03
 -1.6907086E-03
  3.5826499E-03
 -5.7782070E-04
  2.0318734E-03
 -5.3577572E-03
  8.1198392E-03
 -2.8082107E-03
  1.4843537E-02
