  1.2655400E-03
 -7.2525686E-04
  3.4339656E-03
 -1.3073999E-03
  5.7399627E-03
 -6.6344336E-02
  1.8244237E-03
 -4.8677553E-04
  4.4338712E-03
 -3.2447651E-03
  3.1517243E-03
 -1.2645308E-03
  3.3604894E-03
 -1.1018832E-03
  2.5965793E-02
 -2.8885349E-03
  7.2709294E-03
 -2.2692708E-03
  3.3302572E-02
 -3.5477823E-03
  3.9622828E-02
 -2.9168741E-03
  5.2098703E-02
 -2.8615403E-03
  9.8451480E-02
 -3.2749684E-03
  1.1246143E-02
 -4.3805428E-03
  1.4597004E-02
 -9.2082599E-04
  3.2486226E-03
 -2.5884060E-03
  4.9545849E-03
 -1.5467505E-03
 -1.5467505E-03
  3.3593974E-03
 -3.6571103E-03
  4.7056065E-03
 -6.0956553E-03
  5.7948702E-03
 -2.7159175E-03
  4.2193681E-03
 -3.0771566E-03
  3.1343475E-03
 -4.3176780E-03
  4.6397299E-03
 -3.0321199E-03
  2.1816110E-03
