  1.6014012E-02
 -3.5571053E-03
  2.4235668E-03
 -2.8361173E-03
  1.4446923E-03
 -5.9781270E-04
  3.9114403E-03
 -2.1719765E-02
  9.9282293E-03
 -9.1012614E-03
  8.4619252E-03
  1.3745680E-02
 -1.4948141E-02
  8.8853985E-03
 -4.8593557E-03
  5.1315958E-03
 -3.8090809E-03
  9.4516715E-03
 -1.3197653E-03
  8.5511124E-03
 -2.5832492E-03
  1.8144930E-02
 -2.7867546E-02
  6.5890223E-02
 -3.1106090E-03
  1.1258067E-02
 -3.9946320E-03
  0.2638283    
 -5.8885771E-03
  1.0472510E-02
 -8.9689356E-04
  5.3311279E-03
 -2.2321013E-03
  5.3460961E-03
 -1.1805851E-03
  3.6632363E-03
 -6.0953284E-03
  1.7682839E-02
 -3.8764237E-03
  5.0915335E-03
 -4.3145171E-03
  7.6502268E-03
 -3.2440918E-03
  3.8790165E-03
 -5.4866304E-03
  6.5395166E-03
 -1.7663289E-03
  2.5045737E-03
 -1.8807263E-03
  2.9200057E-03
 -1.2554342E-03
  2.1529589E-03
 -2.4703867E-03
  4.6704994E-03
