  3.7494942E-03
 -3.4119515E-03
  2.0790093E-03
 -1.8444618E-03
  3.0810903E-03
 -2.5157419E-03
  3.4556738E-03
 -2.1591282E-03
  3.8502845E-03
 -2.8994577E-03
  4.9580904E-03
 -2.7428851E-03
  4.2623254E-03
 -3.2687564E-03
  4.4752676E-03
 -1.9167117E-03
  7.7489647E-03
 -3.8202575E-03
  1.7711436E-02
 -2.1491295E-03
  0.4672447    
  0.4585631    
 -4.7242767E-03
  9.2075981E-02
 -3.4669086E-03
  1.2852575E-02
 -1.6356377E-03
  9.2796177E-02
 -1.3596769E-03
  1.1148338E-02
 -3.1596383E-03
  6.6617522E-03
 -5.4915734E-03
  1.1615475E-02
 -6.8479637E-03
  6.1782585E-03
 -3.4641847E-03
  4.4404091E-03
 -3.6427572E-03
  4.8344233E-03
 -1.6604105E-02
  1.0173869E-02
 -2.7349733E-03
  4.0868139E-03
 -2.2325956E-03
  3.0715019E-03
 -2.6781622E-03
  2.0695115E-03
 -7.6163613E-04
  1.3244660E-03
 -1.1436670E-03
  2.7109222E-03
