  4.9473527E-03
 -4.9546896E-03
  3.6728736E-03
 -3.1726705E-03
  5.2034948E-03
 -3.7649339E-03
  4.0083532E-03
 -1.0502294E-03
  1.0409082E-02
 -4.3423963E-03
  3.2684342E-03
 -1.3730858E-03
  4.2847986E-03
 -2.9313006E-03
  1.5019783E-02
 -8.7552415E-03
  4.7860923E-03
 -3.6594889E-03
  8.3158009E-02
 -4.2957747E-03
  2.0252762E-02
 -1.8316818E-03
  4.3036580E-02
 -2.2483258E-02
  6.8971612E-02
 -9.8069021E-03
  1.7398028E-02
 -2.5742452E-03
  3.9665019E-03
 -3.1703915E-03
  5.1898235E-03
 -2.5284574E-03
  4.2774389E-03
 -1.1439513E-03
  3.4719089E-03
 -2.0224375E-03
  3.1649587E-03
 -1.3504336E-03
  2.8794648E-03
 -3.8147429E-03
  5.6606834E-03
 -1.7085104E-03
  3.1674861E-03
 -2.9185389E-03
  3.7909376E-03
 -1.0007359E-03
  1.5276147E-03
