  3.2258709E-03
 -1.3573387E-02
  3.8849711E-03
 -2.7440283E-03
  4.2847251E-03
 -2.7157769E-03
  1.2693434E-02
 -5.4381667E-03
  4.4944598E-03
 -3.6169623E-03
  2.0836195E-02
 -3.6533619E-03
  1.8602729E-02
 -5.4140720E-03
  1.9911913E-02
 -4.6030437E-03
  0.7992601    
  0.8479893    
 -1.7056887E-03
  1.6205560E-02
 -7.5152097E-03
  2.6182927E-02
 -2.5151516E-03
  1.4886697E-02
 -2.9490539E-03
  6.1935526E-03
 -1.5635425E-03
  4.2936564E-03
 -2.0373913E-03
  5.0722947E-03
 -1.9047706E-03
  3.0891337E-03
 -9.6068322E-04
  2.4989378E-03
