  1.4556120E-03
 -6.7750900E-04
  2.0146405E-03
 -1.0533754E-03
  7.6718270E-03
 -1.0787548E-02
  3.1166398E-03
 -1.7521136E-03
  4.1449433E-03
 -2.6347986E-03
  2.4981167E-02
 -8.3452521E-04
  4.6575624E-02
 -3.9718980E-03
  0.4863958    
  -1.231028    
   3.094824    
 -4.3732463E-03
  1.3534444E-02
 -2.6276857E-03
  4.6699028E-03
 -2.7287018E-03
  1.2378876E-02
 -7.9311477E-04
  1.1181054E-02
 -4.8197648E-03
  6.7842370E-03
 -2.2793405E-03
  4.3161153E-03
 -1.2627835E-03
  3.2908609E-03
 -3.5507842E-03
  4.3250662E-03
