  3.1290466E-03
 -7.5768650E-04
  4.3703215E-03
 -2.6693863E-03
  4.5805287E-02
 -2.6057638E-02
  4.9714828E-03
 -1.7974246E-03
  8.9146439E-03
 -3.8228354E-03
  7.8460664E-02
 -5.1305946E-03
  0.6034036    
 -1.5116833E-03
  0.1907423    
 -6.0094073E-03
  1.6821699E-02
 -2.9909164E-03
  1.6888494E-02
 -1.6496931E-03
  6.1285691E-03
 -1.2049344E-02
  1.8949760E-02
 -3.8256936E-03
  5.3637153E-03
 -2.7115969E-03
  3.8460535E-03
 -1.6983955E-03
  3.3208800E-03
 -5.3053079E-03
  4.9884133E-03
 -7.0310351E-03
  5.1165046E-03
 -6.8210735E-04
  1.5710465E-03
 -9.4056613E-04
  1.2732969E-03
 -3.2888977E-03
  3.3829431E-03
