  5.5197990E-03
 -2.4540052E-03
  2.5615369E-03
 -2.0211448E-03
  4.4153156E-03
 -3.3963260E-03
  2.3910492E-03
 -1.3703781E-03
  9.5458608E-03
 -1.0608596E-02
  3.3056424E-03
 -2.0577868E-03
  3.3367155E-03
 -1.3506126E-03
  6.1408500E-03
 -3.7810395E-03
  6.8150805E-03
 -2.9962349E-03
  5.6558824E-03
 -2.0333396E-03
  3.9041869E-03
 -4.8455135E-03
  5.5175610E-03
 -1.5530235E-03
  1.4617922E-02
 -4.9434570E-03
  2.1792799E-02
 -2.9074512E-03
  5.0471816E-03
 -4.7302893E-03
  3.1801984E-02
 -2.1582725E-03
   1.075683    
   1.075683    
 -0.7682782    
  0.7069153    
 -5.4342491E-03
  2.1210654E-02
 -3.4143461E-03
  8.3832406E-03
 -1.6337126E-03
  5.5733067E-03
 -1.3412068E-03
  3.1873244E-03
 -3.3613967E-03
  4.9605975E-03
 -3.0304980E-03
  3.6744529E-03
 -1.3347045E-03
  1.4653717E-03
