  3.8768696E-03
 -3.9589950E-03
  3.4786239E-03
 -2.3373780E-03
  3.8282385E-03
 -3.1189607E-03
  3.6323343E-03
  3.6323343E-03
 -1.4126193E-03
  5.9990720E-03
 -3.9198799E-03
  3.0339549E-03
 -1.6995638E-03
  2.0467924E-02
 -8.6343186E-03
  8.1921332E-03
 -4.3930137E-03
  1.9640280E-02
 -7.3687355E-03
  9.6554020E-03
 -5.7568839E-03
  0.3472639    
  0.3458802    
 -9.8369981E-04
  0.4227799    
  0.4529721    
 -4.8757317E-03
  3.7441101E-02
  3.7441101E-02
 -1.6804130E-03
  1.4604344E-02
 -2.7849168E-02
  4.0140331E-02
 -2.8917505E-03
  1.3721242E-02
 -5.5131605E-03
  1.3240089E-02
 -3.4759734E-03
  7.1787424E-03
 -1.0358449E-02
  1.3825961E-02
 -5.8092657E-03
  4.0705125E-03
 -4.4020382E-03
  6.4254906E-03
 -2.2711798E-03
  3.0278221E-03
 -2.5879040E-03
  3.7323497E-03
