  4.2165425E-03
 -3.2416913E-03
  2.6959598E-03
 -1.4949024E-03
  4.4023697E-03
 -2.9692324E-03
  4.1508712E-03
 -1.0758500E-03
  3.3364145E-03
 -2.4136170E-03
  4.8592757E-03
 -3.4674134E-03
  1.4034090E-02
 -2.1928626E-03
  4.7780056E-03
 -2.1033497E-03
  9.1334796E-03
 -8.0864392E-03
  1.1149811E-02
 -3.0723808E-03
  0.8993895    
  0.9237448    
 -9.8014018E-04
  9.7612590E-03
 -2.8130803E-02
  6.2051672E-02
 -3.7672473E-03
  2.0700904E-02
 -1.2058826E-03
  6.9047157E-03
 -3.9439453E-03
  8.8465754E-03
 -1.3051759E-03
  5.2015269E-03
 -1.1801701E-03
  2.8905559E-03
 -1.7044821E-03
  2.5384217E-03
 -9.4534620E-04
  1.5051375E-03
 -4.7042286E-03
  7.9203937E-03
 -3.4399354E-03
  3.2155577E-03
