  2.0621452E-03
 -1.7201556E-02
  2.1653695E-03
 -1.4548245E-03
  4.5027463E-03
 -5.1277876E-02
  9.2292679E-03
 -1.2221174E-02
  4.4104210E-03
 -1.6689934E-03
  3.6068275E-03
 -2.4588343E-03
  7.7048386E-03
 -5.6138271E-03
  2.0665053E-02
 -4.3019336E-03
  0.1030142    
 -7.7407897E-02
  0.7821798    
  0.7684982    
 -4.4718399E-03
  8.4013250E-03
 -4.5779888E-03
  1.0579387E-02
 -4.7249687E-03
  1.2363630E-02
 -1.2469025E-02
  1.8722774E-02
 -2.7689950E-03
  5.4145120E-03
 -3.3868870E-03
  1.1387829E-02
 -1.2769824E-03
  5.6373384E-03
 -8.8602295E-03
  1.1645196E-02
 -2.1324293E-03
  1.1133581E-02
 -9.2892665E-03
  5.7338700E-03
 -3.1807169E-03
  4.3408121E-03
 -5.7146125E-03
  2.5135001E-02
 -4.1528777E-03
  1.9033104E-02
 -1.2145379E-03
  1.6807395E-03
