  2.8955028E-03
 -9.4011496E-04
  3.0288077E-03
 -1.7214611E-03
  3.8993526E-03
 -3.0633826E-03
  5.5763377E-03
 -1.3563134E-03
  3.9113238E-03
 -2.6869094E-03
  6.8007158E-03
 -5.7525015E-03
  9.0419918E-02
 -5.8782585E-02
  0.1186524    
 -6.5928936E-02
  3.2162067E-02
 -3.8946022E-03
 -3.8946022E-03
  0.2270510    
 -3.7713055E-03
  1.2840548E-02
 -5.1909341E-03
  1.5720213E-02
 -5.0496520E-03
  1.2581282E-02
 -1.2437848E-03
  5.2801757E-03
 -1.0068929E-02
  7.5348136E-03
 -2.5117062E-03
  3.5962926E-03
 -8.0019317E-04
  2.0721813E-03
 -5.9330934E-03
  4.1084979E-03
 -1.0610177E-03
  2.3306906E-03
 -1.5219558E-03
  2.4048672E-03
 -1.2419632E-03
  2.1933222E-03
