  2.4680593E-03
 -1.7740356E-03
  2.4982381E-03
 -2.2282607E-03
  2.3433119E-03
 -1.2704320E-03
  4.8219096E-03
 -3.5044039E-03
 -3.5044039E-03
  1.2623877E-02
 -4.8823631E-03
  4.9341223E-03
 -6.0631717E-03
  4.0628742E-03
 -2.6935053E-03
  1.8502124E-02
 -1.6980492E-02
  5.7278741E-03
 -3.2135849E-03
  8.3042067E-03
 -3.5623834E-03
  0.2100109    
  0.2100109    
 -7.4137084E-02
  0.1793816    
 -1.4531965E-03
  0.1239503    
 -3.3461866E-03
  1.1435096E-02
 -7.6262821E-03
  2.1898123E-02
 -2.9280107E-03
  5.0345603E-03
 -3.5038674E-03
  5.9724473E-03
 -1.4812188E-03
  5.9908833E-03
 -2.9986962E-03
  4.6703210E-03
 -3.2914930E-03
  4.4862903E-03
 -3.0983852E-03
  3.6581701E-03
 -2.8732487E-03
  2.8355725E-03
 -2.0665640E-03
  2.5136769E-03
 -2.0507909E-03
  3.1737790E-03
 -1.3633310E-03
  2.8099099E-03
