  1.9187204E-03
 -1.0478775E-03
  8.1816828E-03
 -1.0312976E-02
  3.3377837E-03
 -1.9627949E-03
  2.2203394E-03
 -5.3284521E-04
  3.8667729E-03
 -2.6648329E-03
  3.2065043E-03
 -1.8077979E-03
  3.1066427E-03
 -1.8241210E-03
  7.4745277E-03
 -3.5640385E-03
  5.2588079E-03
 -3.0192663E-03
  4.6982472E-03
 -3.0255732E-03
  1.2765176E-02
 -7.5089550E-03
  2.0920588E-02
 -1.4168348E-03
  7.8080021E-02
 -8.5001398E-04
  0.6501587    
 -3.8936322E-03
  6.0353782E-02
 -8.8780997E-03
  6.7373127E-02
 -5.2283178E-03
  6.6798110E-03
 -2.6718746E-03
  4.8217494E-03
 -2.4551232E-03
  2.3027628E-03
 -3.0709826E-03
  4.4843405E-03
 -1.1050248E-03
  2.5485791E-03
 -1.7340393E-03
  3.5025235E-03
 -9.8899696E-03
  6.9061276E-03
 -1.8942003E-03
  3.9655226E-03
 -2.0539667E-03
  1.3497838E-02
