  3.0613861E-03
 -2.5246891E-03
  3.7792984E-03
 -1.7726521E-03
  5.9252251E-03
 -1.4891189E-02
  4.6087694E-03
 -2.7894268E-03
  4.3403921E-03
 -3.4448479E-03
  5.7884972E-03
 -4.8183417E-03
  5.5820500E-03
 -3.4861441E-03
  6.6141575E-03
 -3.1300627E-03
  9.4243465E-03
 -1.0479456E-02
  1.8885411E-02
 -2.1929108E-03
  0.1454509    
 -5.8664465E-03
  0.3591722    
 -4.6525888E-02
  6.7070022E-02
 -3.5812773E-03
  4.6981811E-03
 -3.9878651E-03
  3.0819329E-03
 -2.3055093E-03
  4.3618060E-03
 -1.0451197E-03
  2.0443678E-03
 -1.3307326E-03
  1.8978026E-03
 -2.7761154E-03
  1.0467458E-02
