  2.8496401E-03
 -3.0791159E-03
  2.1830366E-03
 -1.7722364E-03
  1.3693822E-02
 -6.0896832E-03
  1.3852485E-02
 -4.7099297E-03
  4.4506839E-03
 -1.3421719E-02
  2.5288632E-02
 -2.8757583E-02
  5.6341551E-03
 -2.5764552E-03
  8.1712203E-03
 -2.1190112E-03
  7.3441612E-03
 -2.2488863E-03
  0.1885836    
 -2.9478867E-03
  0.1325631    
 -9.2235632E-02
  0.2643051    
  0.2741725    
 -4.1253227E-03
  3.0178003E-02
 -4.4952747E-03
  1.1214421E-02
 -3.0453147E-03
  6.7455568E-03
 -2.1418897E-02
  3.4455203E-02
 -2.8825502E-03
  4.3132370E-03
 -3.4443990E-03
  5.1563783E-03
 -3.0534235E-03
  3.5846322E-03
 -3.2831796E-03
  3.5758247E-03
 -3.5676926E-03
  4.2342064E-03
 -4.7886721E-03
  6.2355469E-03
 -3.8850752E-03
  3.8867083E-03
 -5.4102461E-03
  8.7264236E-03
 -3.4560326E-03
  5.8869435E-03
 -8.7000476E-04
  1.9630087E-03
