  6.1471504E-03
 -1.9037172E-02
  2.7009605E-03
 -1.6020300E-03
  3.9487616E-03
 -3.3619821E-03
  4.5964993E-03
 -1.2614588E-03
  1.9781943E-02
 -4.8129051E-04
  0.8023357    
  0.9410413    
 -3.0684453E-03
  9.5050305E-02
 -6.1595839E-02
  9.1778889E-02
 -3.4528049E-03
  1.0157641E-02
 -4.5970862E-04
  3.5604078E-02
 -1.1132099E-02
  1.2145617E-02
 -3.1432544E-03
  4.9781641E-03
 -3.9328537E-03
  4.4707884E-03
 -1.4040167E-03
  3.4178877E-03
 -1.0244256E-03
  2.5551817E-03
 -2.7175355E-03
  2.8966179E-03
 -4.7156778E-03
  1.1641225E-02
 -1.9778756E-03
  2.7817809E-03
