  2.7416586E-03
 -2.9673332E-03
  1.4159705E-03
  3.2246930E-03
 -2.1147586E-03
  8.4553938E-03
 -4.9465192E-03
  3.9487737E-03
 -4.0246747E-03
  6.0530826E-03
 -3.1014443E-03
  3.3649115E-03
 -1.3741296E-03
  7.1847299E-03
 -1.3671168E-03
  4.5856822E-02
 -9.4136421E-04
  0.4872703    
  0.4587685    
 -3.3116813E-03
  0.1304916    
 -4.9080988E-03
  1.9260291E-02
 -3.3528560E-03
  6.0238573E-03
 -4.5320713E-03
  9.2752045E-03
 -1.0792927E-03
  3.8747927E-03
 -9.2651782E-04
  3.1105308E-03
 -3.5765863E-03
  4.2713494E-03
 -2.0976053E-03
  3.4261814E-03
 -1.5162149E-03
  2.9062538E-03
 -3.3207885E-03
  3.8496039E-03
