  2.0286830E-03
 -1.2328483E-03
  1.7376585E-03
 -8.4442674E-04
  2.3724614E-03
 -1.0757998E-03
  2.8278781E-03
 -1.8152585E-03
  3.4910282E-03
 -1.2904315E-03
  4.7741253E-03
 -3.0278903E-03
  3.8951468E-02
 -1.5002949E-02
  7.7868653E-03
 -1.1319884E-03
  8.0860807E-03
 -1.0367369E-03
  3.1662352E-02
 -4.4800132E-03
  1.8681614E-02
 -2.9494786E-03
  0.1772087    
 -3.7743810E-03
  4.1344501E-02
 -4.5252671E-03
  3.7375804E-02
 -1.3887692E-03
  4.5534940E-03
 -6.1223605E-03
  1.3325026E-02
 -1.3834070E-03
  3.3073225E-03
 -6.8292278E-03
  8.2415650E-03
 -3.4197511E-03
  3.0157927E-03
 -2.1791591E-03
  3.0645919E-03
 -3.7767652E-03
  5.4480187E-03
 -5.9105167E-03
  4.8624682E-03
 -1.1899145E-03
  2.7426260E-03
