  1.7927061E-03
 -1.9746497E-03
  1.3513120E-03
 -4.6568824E-04
  2.7873672E-03
 -1.7863256E-03
  8.5174693E-03
 -3.6550540E-02
  4.0205033E-03
 -2.6081365E-03
  6.8033282E-03
 -3.0773922E-03
  2.0775216E-02
 -2.4528266E-03
  4.0794577E-02
 -5.8631548E-03
  1.7457068E-02
 -5.8461004E-03
  1.8747710E-02
 -3.3283927E-03
  0.7577292    
  0.7577292    
 -4.4448394E-03
  3.1116227E-02
 -4.0416801E-03
  1.8571142E-02
 -2.3080062E-03
  3.0180614E-03
 -1.6970212E-03
  3.8564890E-03
 -1.0169242E-03
  2.3234610E-03
 -4.9027060E-03
  8.2060732E-03
  5.6048576E-04
 -9.4392494E-04
  1.5360872E-03
