 -1.0714496E-02
  2.9743880E-03
 -2.1315138E-03
  7.2268532E-03
 -3.0760425E-03
  3.2460366E-03
 -1.2932910E-03
  5.0978945E-03
 -2.3157939E-03
  7.6770899E-03
 -5.1476718E-03
  7.5945165E-03
 -2.5436066E-03
  1.3661439E-02
 -3.7738353E-03
  9.7536696E-03
 -3.4163822E-03
  1.0190145E-02
 -3.8783359E-03
  2.1344617E-02
 -1.2573836E-03
  1.2582171E-02
 -1.1035821E-03
  0.7933608    
  0.7528374    
 -6.4757150E-03
  7.2476335E-02
 -3.5025550E-03
  6.0999761E-03
 -1.0791289E-03
  3.5230801E-03
 -1.5676873E-03
  3.5549323E-03
 -1.1180821E-03
  2.1158571E-03
 -3.1028963E-03
  3.7706979E-03
 -2.4102044E-03
  3.4455869E-03
 -1.3092168E-03
  2.1834513E-03
 -7.4831705E-04
  1.5125273E-03
