  1.4365717E-03
 -7.6532620E-04
  7.3282123E-03
  4.8836609E-03
 -3.1057994E-03
  6.5745031E-03
 -3.4904522E-03
  4.9374443E-03
 -1.9020216E-03
  1.6039001E-02
 -5.2384613E-03
  0.1714184    
 -3.1469688E-02
  0.1525683    
 -0.1381567    
  0.3574327    
 -4.8586358E-03
  1.6633840E-02
 -2.9450252E-03
  1.9448915E-02
 -1.3509681E-02
  1.9277018E-02
 -2.7583160E-03
  6.8624932E-03
 -6.6151260E-03
  1.7637307E-02
 -3.3763370E-03
  5.3274790E-03
 -1.9366504E-03
  3.3826539E-03
 -3.2140361E-03
  2.9423151E-03
 -1.8912328E-03
  3.3345572E-03
 -4.1127303E-03
  4.3863268E-03
 -1.0898521E-03
  1.9955593E-03
 -3.4383272E-03
  6.9338642E-03
