  2.7565486E-03
 -1.7684534E-03
  3.7311732E-03
 -3.4603770E-03
  2.8874984E-03
 -2.3465492E-03
  4.1761254E-03
 -4.0717204E-03
  4.2375796E-03
 -3.6728012E-03
  5.1945299E-03
 -3.3455796E-03
  6.0167583E-03
 -3.7479503E-03
  1.4754884E-02
 -3.5925445E-03
  4.7127572E-03
 -2.5879252E-03
  2.0324113E-02
 -3.6051893E-03
  4.1246996E-03
 -3.0098215E-03
  0.7369344    
   1.114975    
 -6.6831573E-03
  3.8901892E-02
 -3.6906786E-03
  8.0365967E-03
 -6.8518245E-03
  2.2055479E-02
 -2.6357973E-03
  7.0647225E-03
 -8.8439016E-03
  1.7318727E-02
 -1.5499991E-03
  3.3022186E-03
 -2.1185149E-03
  3.1783048E-03
 -3.0330722E-03
  4.1073188E-03
 -1.6709822E-03
  3.1151273E-03
 -5.2768812E-03
  8.1224311E-03
