  3.0928275E-03
 -2.9606563E-03
  3.8004536E-03
 -3.1585121E-03
  2.3524906E-03
 -7.4213900E-04
  2.9488478E-03
 -1.2532701E-03
  4.6726842E-03
 -2.6710350E-03
  5.2420814E-03
 -3.5460745E-03
  1.2292512E-02
 -5.6179930E-03
  7.0729735E-03
 -4.0125945E-03
  1.4207028E-02
 -9.6115712E-03
  4.1785900E-02
 -1.0814620E-02
  3.0610051E-02
 -2.1182341E-03
  6.8704775E-03
 -3.0032364E-03
  0.5017378    
 -4.2785304E-03
  1.8658808E-02
 -3.3948510E-03
  2.0789873E-02
 -3.7817410E-03
  5.6136753E-03
 -3.0882163E-03
  9.0100002E-03
 -3.3884398E-03
  4.7846553E-03
 -3.1543334E-03
  6.2274793E-03
 -3.4075319E-03
  4.7219866E-03
 -1.8189067E-03
  2.8469171E-03
 -1.3906374E-03
  2.3273639E-03
 -2.9867464E-03
  2.5660198E-03
  3.3539413E-03
