  2.0288422E-03
 -1.5129722E-03
  2.1799409E-03
 -1.7412049E-03
  3.1864403E-03
 -8.0681947E-04
  3.3462686E-03
 -3.7109484E-03
  4.6181697E-03
 -1.6768625E-03
  2.5647841E-03
 -1.4026928E-03
  2.4335580E-03
 -7.4506621E-04
  1.9164756E-03
 -5.8433710E-04
  3.3272221E-03
 -1.3719429E-03
  6.1345282E-03
 -1.5375392E-03
  1.7845938E-02
 -2.1687241E-03
  0.4168002    
 -2.5617646E-03
  0.1331188    
 -1.0346423E-03
  2.1898970E-02
 -1.1600129E-02
  2.9744960E-02
 -4.4714059E-03
  1.4963213E-02
 -1.3851473E-03
  4.2631919E-03
 -1.1201582E-03
  3.6651094E-03
 -2.5030891E-03
  4.7503137E-03
 -7.9663639E-04
  3.1884068E-03
 -1.0648154E-03
  2.0426747E-03
 -1.7130577E-03
  2.8978442E-03
