  2.2876912E-03
 -2.6686629E-03
  2.6124441E-03
 -2.3346907E-03
  2.3563611E-03
 -1.1482884E-03
  2.4119648E-03
 -1.3139433E-03
  3.3216719E-03
 -1.3312454E-03
  3.6996074E-03
 -1.5208165E-03
  5.2772132E-03
 -1.3688536E-03
  7.5569777E-03
 -3.6912074E-03
  1.9356227E-02
 -4.3748156E-03
  5.5731677E-02
 -4.3530013E-02
  9.0010697E-03
 -3.6819763E-03
  1.2156540E-02
 -7.5091207E-03
   1.081405    
   1.048677    
 -2.0148756E-02
  4.5494176E-02
 -5.0758403E-03
  1.5433075E-02
 -2.4328067E-03
  5.0668865E-03
 -3.6835161E-03
  5.7295947E-03
 -3.1289458E-03
  6.4318720E-03
 -2.8690265E-03
  3.7993507E-03
 -1.4692640E-02
  7.0037092E-03
 -3.7147074E-03
  2.8423719E-02
 -2.2166565E-03
  4.4851420E-03
