  1.9717447E-03
 -9.2358171E-04
  4.9945340E-03
 -1.8787576E-03
  3.2700624E-03
 -2.8247554E-03
  3.7893339E-03
 -3.4030136E-03
  2.9453710E-03
 -1.8650821E-03
  4.6793246E-03
 -2.0258613E-03
  1.2479358E-02
 -7.4314773E-03
  5.1872521E-03
 -2.5926135E-03
  2.6997143E-02
 -3.6269294E-03
  0.1031270    
 -3.2129295E-03
  0.3613234    
  0.3793427    
 -1.6967815E-03
  1.9101849E-02
 -5.1641013E-03
  7.9274373E-03
 -1.1046445E-02
  1.9360479E-02
 -3.0004929E-03
  6.7987661E-03
 -3.0706949E-03
  7.8287385E-03
 -1.3194010E-03
  4.6539078E-03
 -2.6695118E-03
  3.3517771E-03
 -6.7104194E-03
  6.0890536E-03
