  3.6499423E-03
 -2.6362163E-03
  3.3349392E-03
 -2.1854658E-03
  4.3231011E-03
 -1.9940238E-03
  5.4651699E-03
 -2.1618938E-03
  1.2288841E-02
 -5.2190446E-03
  1.0136280E-02
 -3.5363908E-03
  5.3973780E-03
 -3.3706441E-03
  0.2781979    
 -1.6715208E-03
  0.3118564    
 -3.5355515E-03
  7.6638241E-03
 -4.8980392E-03
  2.5487972E-02
 -3.1237798E-03
  1.8426297E-02
 -3.0345819E-03
  3.5208212E-03
 -2.7722241E-03
  3.6581627E-03
 -5.2224183E-03
  1.2647909E-02
 -1.0740806E-03
  5.8415565E-03
 -1.6032252E-03
  3.9930386E-03
 -5.7622776E-03
  9.7000469E-03
 -3.0123671E-03
  4.3918844E-03
 -1.3584284E-03
  2.4096612E-03
 -6.8571353E-03
  5.9671877E-03
