  9.0986555E-03
 -1.4864546E-03
  5.3351740E-03
 -6.4541539E-03
  4.5194724E-03
 -4.4370107E-03
  4.6239900E-03
 -2.3453371E-03
  2.4948630E-03
 -1.7198565E-03
  3.7422590E-03
 -2.1331422E-03
  2.4222506E-03
 -1.1999689E-03
  6.9757616E-03
 -8.3359081E-04
  2.5590882E-02
 -2.4049627E-02
  1.3200703E-02
 -7.8180544E-03
  4.6824659E-03
 -2.3141319E-03
  8.7784342E-03
 -5.3646900E-03
  3.8686037E-02
 -4.0338859E-03
  0.7204685    
  0.7460328    
 -2.4125525E-03
  3.2432110E-03
 -2.9167659E-03
  7.4269831E-02
 -2.2799127E-02
  3.1665530E-02
 -3.6981694E-02
  2.1004966E-02
 -1.7318375E-03
  4.4187498E-03
 -5.8633774E-03
  4.8130509E-03
 -3.8800850E-03
  4.0687798E-03
 -9.4778172E-04
  2.6965358E-03
 -1.8134211E-03
  2.6428082E-03
 -4.1595241E-03
  3.2206422E-03
 -1.3422036E-03
  2.1045243E-03
