  2.7601647E-03
 -3.7746213E-03
  7.6083904E-03
 -6.1754640E-03
  3.2902036E-03
 -1.3202146E-03
  4.0917760E-03
 -2.5152413E-03
  9.6141268E-03
 -4.3574837E-03
  2.9425394E-02
 -1.1179680E-02
  1.6960943E-02
 -1.4286042E-03
  1.9879981E-03
 -3.2572590E-03
  1.3533752E-02
 -2.0674651E-03
  0.9100999    
  0.9134446    
 -1.4750431E-03
  8.6293802E-02
 -7.0177116E-03
  1.8777190E-02
 -1.6822335E-03
  3.6546367E-03
 -3.4364576E-03
  4.2386856E-03
 -6.0982057E-03
  5.2171098E-03
 -9.3471594E-03
  7.4395691E-03
 -1.3637313E-03
  2.8606488E-03
 -3.0477345E-03
  4.5066904E-03
 -1.1419880E-03
  2.0475734E-03
