  1.8505468E-03
 -1.0639259E-03
  2.6917316E-03
 -1.7697234E-03
  2.2800034E-03
 -1.2836021E-03
  3.9983252E-03
 -2.8508489E-03
  3.5263824E-03
 -2.0462279E-03
  1.5627844E-03
 -1.3649829E-03
  1.3415476E-02
 -5.7394034E-03
  7.8645172E-03
 -5.4728407E-03
  0.1823971    
 -4.3475263E-02
  0.4643727    
 -1.9459542E-02
  0.1336793    
 -2.1225063E-03
  1.4123517E-02
 -2.8096824E-03
  4.2294418E-03
 -1.3772761E-03
  3.4498796E-03
 -1.6034988E-03
  4.0271436E-03
 -3.7386112E-03
  2.8327964E-03
 -1.4379654E-03
  3.1402507E-03
 -1.7164246E-03
  2.5302402E-03
 -1.5109184E-03
  1.7397531E-03
