  3.2489449E-03
 -1.5988121E-03
  4.1512530E-03
 -3.7125458E-03
  3.2555128E-03
 -2.0465273E-03
  4.1518561E-03
 -2.5688866E-03
  1.8313715E-02
 -1.6343271E-02
  1.7806141E-02
 -1.6376283E-03
  0.1062978    
 -2.2151915E-02
  6.4718731E-02
 -3.1233795E-03
  7.9120710E-02
 -2.6930501E-03
  2.3822818E-02
 -1.3304403E-03
  1.3400806E-02
 -3.2486923E-02
  4.6714529E-02
 -2.6750802E-03
  4.6510557E-03
 -2.5331909E-03
  5.1171100E-03
 -2.9787400E-03
  4.6124854E-03
 -2.8388298E-03
  3.8550189E-03
 -1.1468764E-03
  2.7245805E-03
 -1.2605815E-03
  2.4984980E-03
 -1.7283794E-03
  2.8265899E-03
 -4.7244350E-03
  3.9730771E-03
 -1.5464610E-03
  1.6785375E-03
