 -2.6127085E-02
  1.8121940E-03
  3.3922633E-03
 -2.3004282E-03
  4.1323844E-03
 -2.7370767E-03
  3.9882455E-03
 -3.3889834E-03
  7.1239751E-03
 -4.1396860E-03
  1.5402882E-02
 -1.6661061E-03
  6.4120428E-03
 -1.3243217E-03
  0.7562830    
  0.7702324    
 -3.3914582E-03
  2.4489809E-02
 -4.0624323E-03
  1.6278127E-02
 -1.8697424E-03
  5.4609273E-03
 -5.3036935E-03
  1.6115610E-02
 -3.8741759E-03
  6.1597070E-03
 -3.5804729E-03
  4.0536956E-03
 -5.8119446E-03
 -5.8119446E-03
  6.5113413E-03
 -2.5033369E-03
  3.9133783E-03
 -2.9290179E-03
  3.3928389E-03
