  1.8714498E-03
 -1.0285497E-03
  2.5256455E-03
 -2.8785272E-03
  1.0281121E-03
  3.3108429E-03
 -2.8220017E-03
  4.4867303E-03
 -2.9458811E-03
  7.0139808E-03
 -1.6529993E-03
  2.9980103E-03
 -1.2146978E-03
  8.3910068E-03
 -2.8932008E-03
  1.8406011E-02
 -4.0672082E-03
  0.8598381    
 -4.2675021E-03
  5.9272122E-02
 -4.0835780E-03
  9.4198165E-03
 -9.6814241E-04
  9.2724804E-03
 -9.1554743E-04
  6.9113565E-03
 -2.1173244E-03
  9.0204915E-03
 -2.8507556E-03
  4.6891668E-03
 -8.3907861E-03
  2.6661806E-02
 -5.5434355E-03
  8.9524966E-03
 -2.6057404E-03
  3.6026973E-03
 -2.8687331E-03
  3.8092844E-03
 -8.0096402E-04
  2.1473477E-03
 -2.1281615E-03
  2.7383505E-03
