  2.5881664E-03
 -1.8734249E-03
  3.3562942E-03
 -2.3496586E-03
  5.6138621E-03
 -3.6593121E-03
  3.3998797E-03
 -1.3272741E-03
  3.5617221E-03
 -3.9299740E-03
  4.6764696E-03
 -2.9732804E-03
  1.5377453E-02
 -1.7343072E-02
  5.9811119E-03
 -9.1269176E-04
  1.0094550E-02
 -7.4104625E-03
  7.6941863E-02
 -3.5093732E-02
  8.0469623E-03
 -2.8991951E-03
  8.9732660E-03
 -3.6518637E-03
  0.1141352    
 -3.2781400E-03
  6.9844094E-03
 -5.8601517E-03
  6.9429819E-03
 -5.1731542E-03
  1.1600574E-02
 -3.3284740E-03
  2.1641498E-02
 -9.9200770E-02
  0.1147685    
 -2.7183397E-03
  4.7674789E-03
 -2.1704871E-03
  5.3262175E-03
 -2.5689318E-03
  3.7795918E-03
 -2.1399672E-03
  4.2814375E-03
 -1.1200487E-03
  3.1668642E-03
 -6.5941671E-03
  1.2246606E-02
 -2.5568069E-03
  2.8781288E-03
 -2.0200626E-03
  1.8298840E-03
