  7.4284249E-03
 -4.3589771E-03
  2.3995517E-03
 -1.1439028E-03
  5.3659128E-03
 -1.0658506E-02
  2.8450133E-03
 -2.2453223E-03
  6.8410560E-03
 -3.2707532E-03
  5.1690219E-03
 -4.4233738E-03
  1.0231338E-02
 -2.4398044E-03
  2.6938684E-02
 -4.9994569E-03
  0.1265917    
 -6.2984573E-03
  0.2333737    
 -2.2181306E-02
  0.1369945    
 -1.3211118E-03
  1.4174102E-02
 -3.8006017E-03
  7.5182999E-03
 -2.7925419E-03
  3.1112186E-03
 -9.9543110E-04
 -3.0706697E-03
  6.0245530E-03
 -3.4937121E-03
  7.8520384E-03
 -1.9895490E-03
  3.4581043E-03
 -2.7213234E-03
  9.1489432E-03
  9.1489432E-03
 -2.1220553E-03
  3.7235424E-03
 -4.8116851E-03
  5.7198992E-03
 -1.5148495E-03
  2.4796741E-03
 -1.4422530E-03
  2.9309231E-03
 -8.9387619E-04
  1.6839480E-03
