  2.9627711E-03
 -3.1814431E-03
  2.6533103E-03
 -1.5482965E-03
  9.3460921E-03
 -7.5221867E-03
  4.9731159E-03
 -4.0614051E-03
  4.2440440E-03
 -3.1932890E-03
  4.5298636E-03
 -2.9899927E-03
  3.6595259E-03
 -2.0607291E-03
  3.8509667E-03
 -2.8962756E-03
  4.3377848E-03
 -1.4277633E-03
  1.2812342E-02
 -1.0016800E-03
  2.1992323E-03
 -5.7399748E-03
  1.2277663E-02
 -1.4703216E-03
  0.5566541    
 -0.6917500    
 -0.9290615    
  0.9844597    
  0.8191181    
 -5.6132963E-03
  9.2965193E-02
 -2.1407411E-03
  5.8576944E-03
 -1.7017239E-03
  8.2306014E-03
 -3.1014585E-03
  4.9771303E-03
 -2.4614572E-03
  4.5096786E-03
 -1.4180075E-02
  9.8106256E-03
 -3.8371170E-03
  3.8701752E-03
 -1.9242314E-03
  4.2022257E-03
