  2.3466561E-03
 -1.5596501E-03
  2.7728134E-03
 -1.5346009E-03
  1.1043290E-02
 -5.8535775E-03
  7.7957050E-03
 -3.6024910E-03
  4.2139161E-03
 -3.5274734E-03
  1.1088597E-02
 -7.3341532E-03
  6.1212266E-03
 -4.7218096E-03
  5.0797872E-03
 -3.2858297E-03
  0.4755006    
  0.4645571    
 -6.5192720E-03
  7.2033410E-03
 -3.5609091E-03
  3.0199140E-02
 -1.2863772E-03
  2.8470540E-02
 -2.8572443E-03
  6.5726014E-03
 -5.7786829E-03
  6.1095925E-03
 -1.6843074E-03
  3.8169930E-03
 -1.0712283E-03
  1.9666571E-03
 -3.6821717E-03
  3.0358192E-03
 -2.3526251E-03
  1.3328734E-02
 -1.6377947E-03
  3.2141646E-03
 -3.8540722E-03
  2.5864823E-03
