  2.9284440E-03
 -3.1707154E-03
  4.5789923E-03
 -3.7875390E-03
  2.8918562E-03
 -2.6877453E-03
  2.7290285E-03
 -1.4542077E-03
  1.5734710E-03
 -1.9951991E-03
  3.2059974E-03
 -1.4369056E-03
  5.5698566E-03
 -2.5675599E-03
  3.7125289E-03
 -1.2722852E-03
  6.2750047E-03
 -3.8558717E-03
  1.5920630E-02
 -2.6826982E-03
  3.7655450E-02
 -2.7720721E-03
  0.7940292    
  0.7940292    
 -4.5467964E-03
  7.8375980E-02
 -4.2167334E-03
  9.2003616E-03
 -3.7972617E-03
  4.3825624E-03
 -2.6015104E-03
  6.9501474E-03
 -2.4935727E-03
  4.7574760E-03
 -5.9835803E-02
  1.9339226E-02
 -1.3405861E-03
  2.5408652E-03
 -1.0793672E-03
  2.7714935E-03
 -1.3712947E-03
  2.3938504E-03
 -1.6288017E-03
  2.6617539E-03
