  1.9346379E-03
 -9.6732675E-04
  1.5762451E-03
 -4.6540779E-04
  3.7577678E-03
 -2.3952362E-03
  1.4676808E-02
 -1.4689501E-03
  4.9945127E-02
 -6.4660244E-02
  1.0110372E-02
 -3.7393621E-03
  1.1786473E-02
 -1.7728470E-03
  0.4597270    
  0.3009331    
 -3.7814444E-03
  2.5005493E-02
 -2.6884156E-03
  0.1458326    
 -1.2822431E-03
  1.4135397E-02
 -1.1096121E-03
  1.5957549E-02
 -7.1588915E-04
  2.0385117E-03
 -2.9417530E-03
  5.9490632E-03
 -3.4525802E-03
  5.3628990E-03
 -4.1228854E-03
  5.5356589E-03
 -1.1599483E-03
  2.1561380E-03
