  1.5571915E-03
 -9.8234694E-04
  4.6867831E-03
 -2.1277148E-02
  2.9663467E-03
 -1.7740933E-03
  2.0512794E-03
 -9.6052064E-04
  3.3364776E-03
 -3.0444500E-03
  3.3429815E-03
 -5.3636292E-03
  5.7182745E-03
 -1.1080668E-03
  4.9823085E-03
 -2.6469610E-03
  1.7245516E-02
 -7.8335376E-03
  1.6002329E-02
 -2.3265893E-03
  1.4599242E-02
 -2.9862172E-03
  5.8446027E-02
 -1.4627156E-03
  0.3172112    
  0.3032502    
 -1.1916641E-02
  0.1815704    
 -1.2569862E-03
  1.3871004E-02
 -1.6087823E-02
  2.3747681E-02
 -4.7383332E-03
  1.0480475E-02
 -2.7882268E-03
  6.3010440E-03
 -2.4526448E-03
  3.5378525E-03
 -9.7745592E-03
  6.9562024E-03
 -1.6977197E-03
  2.8443933E-03
