  2.3465855E-03
 -1.4637458E-02
  2.9856393E-03
 -2.4541582E-03
  4.6862015E-03
 -1.2031311E-02
  4.1089533E-03
 -2.9779561E-03
  3.6918425E-03
 -1.9616690E-03
  6.5818010E-03
 -2.4107760E-03
  1.5965855E-02
 -1.5295681E-02
  3.0756269E-03
 -1.5883159E-03
  4.2240848E-03
 -1.6839986E-03
  5.8595501E-03
 -3.4148130E-03
  7.6021315E-03
 -4.0369234E-03
  2.6429513E-02
 -3.6387153E-03
  6.7095128E-03
 -3.1270445E-03
  4.6872228E-02
 -2.0808304E-02
  0.4815637    
 -2.2514276E-03
  0.1004543    
 -4.5710462E-03
  1.3901474E-02
 -7.0282578E-04
  2.7251013E-03
 -6.6989511E-03
  1.2276153E-02
 -2.2306207E-03
  3.2475726E-03
 -3.2124280E-03
  4.5555094E-03
 -3.0227979E-03
  1.1224932E-02
 -2.5195749E-03
  5.5282246E-03
 -2.0448917E-03
  2.5299841E-03
 -1.9468790E-03
  1.7556034E-03
