  6.0661351E-03
 -2.6433105E-03
  2.7726004E-03
 -2.9369418E-03
  5.9583685E-03
 -3.8765082E-03
  3.9370041E-03
 -1.7863007E-03
  5.4152962E-03
 -5.1186117E-03
  2.8949350E-03
  2.8949350E-03
 -1.4253878E-03
  3.3956368E-03
 -9.6435921E-04
  2.9603054E-03
 -6.8614545E-04
  0.1109697    
 -1.9554319E-03
  1.4067902E-02
 -2.6110858E-03
  1.7602971E-02
 -5.5507976E-03
  3.1467318E-03
 -5.1649543E-03
  4.9305733E-02
 -3.5259826E-03
  2.8276967E-02
 -4.2759087E-03
  8.4376009E-03
 -1.2344124E-03
  1.4434367E-02
 -2.7229858E-03
  5.9501692E-03
 -1.3229889E-03
  9.2195980E-03
 -1.7689439E-03
  6.1967704E-03
 -4.3161088E-03
  5.0673471E-03
 -2.1962749E-03
  2.6734450E-03
 -1.3468297E-03
  2.3680769E-03
  1.6928766E-02
 -1.1883238E-03
  1.5088990E-03
