  3.2278961E-03
 -3.2337727E-03
  4.1178698E-03
 -4.0440261E-03
  2.4840494E-03
 -1.3583000E-03
  4.5786058E-03
 -3.9181998E-03
  5.5901338E-03
 -6.8398444E-03
  4.1828551E-03
 -3.1239297E-03
  5.6785177E-03
 -2.2175985E-03
  4.5167734E-03
 -1.1105376E-03
  1.8927254E-02
 -8.1774443E-03
  1.4836252E-02
 -3.1234701E-03
  9.2237191E-03
 -2.8130417E-03
  9.6475212E-03
 -4.3792967E-03
  0.2235320    
 -1.6247418E-03
  0.4739679    
 -2.4619852E-03
  4.3289863E-02
 -3.4188004E-03
  6.4182370E-03
 -1.2946784E-02
  1.1741638E-02
 -2.4663911E-03
  5.6500407E-03
 -1.0630970E-03
  4.0310374E-03
 -3.2511393E-03
  4.5350380E-03
 -5.7212058E-03
  4.3170795E-02
 -3.2677627E-03
  5.2968790E-03
 -3.4371326E-03
  3.8699340E-03
 -1.5044294E-03
  2.8547114E-03
