  2.9915432E-03
 -1.4274432E-03
  2.4360579E-03
 -2.8242569E-03
  2.7107624E-03
 -1.3257654E-03
  4.4724848E-03
 -3.2530837E-03
  3.6296062E-03
 -1.4293970E-03
  4.1306969E-03
 -3.0492868E-03
  6.0499916E-03
 -1.7543295E-03
  1.1258886E-02
 -4.4848844E-03
  5.5968668E-03
 -1.0265021E-03
  8.7706195E-03
 -2.1049548E-03
  4.0468830E-03
 -1.4141751E-03
  1.2208098E-02
 -4.2519881E-03
  0.4589983    
  0.4810334    
 -0.2950424    
 -0.2950424    
  0.4599146    
 -1.3061820E-03
  3.6882874E-02
 -6.2258698E-02
 -6.2258698E-02
  8.1409968E-02
 -2.3885541E-02
  4.3152127E-02
 -1.0166648E-03
  1.0406484E-02
 -8.6401468E-03
  1.2746901E-02
 -3.5810689E-03
  5.8256784E-03
 -2.1900698E-03
  3.4151198E-03
 -2.0645389E-03
  4.3648090E-03
 -3.1631174E-03
  5.0410409E-03
 -4.7409106E-03
  5.4735467E-03
 -1.8592128E-03
  3.6529645E-03
 -1.5749872E-03
  2.3654758E-03
