  1.9670122E-03
 -1.9652266E-03
  2.2228600E-03
 -1.3848037E-03
  3.8157182E-03
 -3.3724534E-03
  4.4744993E-03
 -3.5118042E-03
  4.4482006E-03
 -1.5103401E-03
  4.7448459E-03
 -4.4716056E-03
  7.2945287E-03
 -2.9653870E-03
  5.6453530E-02
  5.6453530E-02
 -1.6890930E-03
   1.019462    
   1.063723    
 -3.2561352E-03
  1.1909434E-02
 -2.8805393E-03
  9.7290110E-03
 -1.3427086E-02
  1.7126180E-02
 -4.4871150E-03
  6.0567460E-03
 -1.2446822E-03
  4.5770947E-03
 -2.8309289E-03
  4.2604664E-03
 -1.0361908E-03
  2.3211304E-03
 -4.1492260E-03
  6.4477944E-03
