  3.5436291E-03
 -2.2185293E-03
  3.5298949E-03
 -1.1550256E-03
  4.6011587E-03
 -1.4322640E-03
  5.3024762E-03
 -1.3036523E-03
  2.0644432E-02
 -3.2627934E-03
  7.6398952E-03
 -3.4226715E-03
   1.011183    
 -1.0748687E-03
  1.5164585E-02
 -5.4901824E-03
  2.3578240E-02
 -1.9117327E-03
  1.0895782E-02
 -2.7082406E-03
  5.3213118E-03
 -3.6656065E-03
  8.9106336E-03
 -1.1801565E-03
  2.8400747E-03
 -1.4889478E-03
  2.5588342E-03
 -2.6757652E-03
  4.0197857E-03
 -2.5635825E-03
  3.0517564E-03
 -4.0086084E-03
  5.8945809E-03
  2.6945258E-04
 -1.5897276E-03
  2.1075727E-03
