  1.3685540E-02
 -1.1798900E-02
  2.9568232E-03
 -1.2276081E-03
  4.3685678E-03
 -4.2691929E-03
  4.9603092E-03
 -3.9846860E-03
  6.2032458E-03
 -3.9422144E-03
  1.2780030E-02
 -2.1859673E-03
  4.7135451E-03
 -4.3285559E-03
  7.1850605E-03
 -3.4096879E-03
  3.4742337E-02
 -5.7622618E-03
  0.7769347    
 -5.0307917E-03
  9.1276273E-02
 -5.2704313E-03
  1.3871814E-02
 -4.3813577E-03
  9.6645653E-03
 -1.7321691E-02
  2.9390553E-02
 -3.1612548E-03
  4.1249031E-03
 -4.0124804E-03
  5.8440054E-03
 -4.0175295E-03
  4.7636325E-03
 -2.6977735E-03
  3.6369176E-03
 -1.3321425E-03
  2.5885715E-03
 -3.4800074E-03
  4.9632783E-03
