  2.7291356E-03
 -1.4409008E-03
  2.5639741E-03
 -1.2923044E-03
  2.6417710E-03
 -1.3802046E-03
  4.2640781E-03
 -2.9888647E-03
  2.7601914E-03
 -9.4448566E-04
  4.9465210E-03
 -9.5143763E-04
  5.0330725E-03
 -3.0518447E-03
  8.9769838E-03
 -1.0260958E-02
  0.5168252    
  0.5053047    
 -0.2412960    
  0.4422874    
  0.4367902    
 -5.7125353E-04
  1.7404089E-02
 -2.9741828E-03
  9.7559346E-03
 -5.6396592E-03
  1.3045707E-02
  1.3045707E-02
 -2.6129615E-03
  4.4866581E-03
 -5.3263768E-03
  9.0907672E-03
 -2.9876679E-03
  5.2122101E-03
 -4.2562168E-03
  5.0224666E-03
 -2.2389488E-03
  3.6788438E-03
 -1.3615537E-03
  2.7903400E-03
