  2.3047503E-03
 -2.0672148E-03
  1.1432958E-02
 -4.2830626E-03
  3.4113519E-03
 -2.6755363E-03
  2.9758126E-03
 -2.1479484E-03
  3.8021188E-03
 -3.2909508E-03
  4.1491655E-03
 -2.6586354E-03
  8.1624603E-03
 -1.9181805E-03
  9.4132246E-03
 -1.6392629E-03
  1.5714364E-02
 -6.1190766E-03
  4.3508276E-02
 -1.8527607E-02
  3.4103494E-02
 -1.1458900E-03
  0.7441355    
  0.7580974    
 -2.6220826E-03
  5.7158407E-02
 -3.9028740E-03
  7.1734288E-03
 -2.3944632E-03
  4.6282979E-03
 -2.2341262E-03
  4.6982211E-03
 -5.7508466E-03
  6.3425573E-03
 -1.7570381E-03
  2.8916118E-03
 -2.4410724E-03
  3.3454404E-03
 -1.1405880E-03
  2.2411661E-03
