  2.6512842E-03
 -2.7868003E-03
  2.6788111E-03
 -1.2204389E-03
  5.8442359E-03
 -4.5034247E-03
  2.7353016E-03
 -1.6144837E-03
  4.1346005E-03
 -1.4842538E-03
  2.0212736E-02
 -2.0717159E-02
  5.8116270E-03
 -3.5100288E-03
  1.9941285E-02
 -9.2014344E-03
  1.7461441E-02
 -7.5905053E-03
  8.6265225E-03
 -3.6491959E-03
  1.6087223E-02
 -9.2698615E-03
  0.5190066    
 -3.0633691E-03
  4.2821560E-02
 -2.2373651E-03
  8.1123769E-02
 -3.5635021E-03
  2.7722318E-02
 -3.5542876E-03
  9.1327718E-03
 -2.9909206E-03
  4.6343282E-03
 -1.8395644E-03
  3.0115121E-03
 -1.3740336E-03
  3.0658853E-03
 -2.6977824E-03
  3.4905931E-03
 -7.6814485E-04
  1.6440146E-03
 -2.9821668E-03
  3.1117585E-03
