  1.3923524E-03
 -6.6787330E-04
  4.2936318E-03
 -1.8180937E-03
  3.5970558E-03
 -2.8832827E-03
  5.3323060E-03
 -3.1651440E-03
  3.8675189E-03
 -2.4597587E-03
  4.4455333E-03
 -2.9987139E-03
  5.1675951E-03
 -3.3144145E-03
  1.1270395E-02
 -3.7390718E-03
  1.6205097E-02
 -5.3819101E-03
  0.4922411    
  -1.783584    
  -3.137233    
  -10.65187    
   2.879728    
   1.516335    
 -1.4639781E-03
  3.9613401E-03
 -8.7879552E-03
  6.2477596E-02
 -6.7771701E-03
  1.1380584E-02
 -1.2558638E-02
  1.9694343E-02
 -2.9501731E-03
  5.4297303E-03
 -3.1775364E-03
  5.5205501E-03
 -1.7131350E-03
  2.9499801E-03
 -1.2815755E-03
  2.0354858E-03
 -3.8311523E-03
  5.3178230E-03
 -6.8177492E-04
  1.1309045E-03
