  2.5279254E-03
 -2.6006249E-03
  2.0665266E-03
 -1.6420400E-03
  2.8180650E-03
 -2.1572404E-03
  1.8098479E-03
 -1.1262228E-03
  4.3385876E-03
 -5.0578392E-03
  5.8060419E-03
 -6.5990225E-03
  3.3016077E-03
 -2.5894633E-03
  3.0427265E-03
 -1.2499001E-03
  3.5116589E-03
 -2.6274922E-03
  3.9486270E-03
 -2.5101623E-03
  2.2042016E-02
  6.0531590E-03
 -1.3609321E-03
  8.7146191E-03
 -3.2060463E-03
  9.4663184E-03
 -4.8771659E-03
  5.9674117E-03
 -1.4538928E-03
  8.7536804E-02
 -1.2800720E-02
  0.6999916    
  0.7143822    
 -1.7162506E-03
  5.9054210E-03
 -5.0364574E-03
  1.4023602E-02
 -2.7387824E-03
  1.1568566E-02
 -1.0698002E-03
  3.9516692E-03
 -2.4355045E-03
  5.3738984E-03
 -2.8916344E-03
  3.2558609E-03
 -1.6172694E-03
  2.7782863E-03
 -1.6006889E-03
  2.9294966E-03
 -8.4292697E-04
  1.6148537E-03
 -1.2131013E-03
  2.0180303E-03
 -2.9636063E-03
  2.4915615E-03
 -1.2236377E-03
  2.3533399E-03
