  2.8775190E-03
 -2.4557060E-03
  3.3267085E-03
 -1.4830440E-03
  2.8713730E-03
 -2.1274828E-03
  4.1307476E-03
 -2.9302456E-03
  4.1112537E-03
 -3.3059719E-03
  6.5759211E-03
 -1.3220387E-03
  7.4059673E-02
 -1.2133960E-03
  8.1064207E-03
 -1.2187704E-03
  0.7782238    
  0.7606667    
 -4.6158303E-03
  1.4267949E-02
 -2.3351271E-02
  3.9422520E-02
  3.9422520E-02
 -2.9340868E-03
  1.1472128E-02
 -7.9729352E-03
  2.2916671E-02
 -5.9459433E-03
  8.9044450E-03
 -3.1525346E-03
  3.9596469E-03
 -1.4853582E-03
  3.8452295E-03
 -1.3281212E-03
  1.3360401E-03
 -2.1783339E-03
  2.8979233E-03
 -3.9666668E-03
  8.3950423E-03
 -2.6565455E-03
  3.9117206E-03
 -2.0153651E-03
  2.7158437E-03
 -9.4775629E-04
  1.6148413E-03
