  2.1457681E-03
 -2.6348426E-03
  2.5417809E-03
 -3.0229406E-03
  4.8435801E-03
 -4.0193670E-03
  3.6626188E-03
 -3.3042675E-03
  1.9658895E-03
 -9.4859611E-04
  3.7328301E-03
 -1.7850419E-03
  4.2584934E-03
 -1.6275482E-03
  5.7134805E-03
 -3.6929548E-03
  6.0290433E-03
 -2.9253967E-03
  2.1895664E-02
 -2.3354043E-03
  6.4807564E-02
 -1.7996406E-02
  2.5518101E-02
 -5.4675736E-03
  0.6266830    
 -1.5689953E-03
  4.5416623E-02
 -1.2290137E-03
  8.1205228E-03
 -3.0266533E-03
  6.3873651E-03
 -2.5493025E-03
  5.7499823E-03
 -2.4594455E-03
  2.7608986E-03
 -3.1392819E-03
  4.1903062E-03
 -2.8673052E-03
  9.6227033E-03
