  5.7183262E-03
 -1.1314292E-02
  6.1796657E-03
 -4.4870167E-03
  2.4446563E-03
 -1.5176957E-03
  4.5892159E-03
 -3.9359750E-03
  6.0425811E-03
 -5.1209312E-03
  6.0994085E-03
 -3.3099712E-03
  7.9782009E-03
 -2.3904596E-03
 -0.1441612    
 -0.3603096    
  0.8498806    
  0.8498806    
 -6.2014093E-03
  0.1003651    
 -2.0956554E-02
  9.5192948E-03
 -1.5524689E-03
  6.6178031E-03
 -4.8564640E-03
  1.4362859E-02
 -2.8578665E-03
  5.4414626E-03
 -2.9306670E-03
  4.7200914E-03
 -4.8864228E-03
  1.1601985E-02
 -3.4277011E-03
  5.7793399E-03
 -3.5496945E-03
  3.8047291E-03
 -1.4353748E-03
  2.1998035E-03
