  3.6348903E-03
 -1.6196534E-03
  4.4648210E-03
 -4.2288755E-03
  5.1063644E-03
 -6.0214968E-03
  3.2230548E-03
 -1.2435575E-03
  2.6533282E-03
 -1.6155138E-03
  6.4955424E-03
 -1.4042002E-03
  6.6481503E-03
 -3.2111965E-03
  2.3529818E-02
 -1.6689757E-02
  9.4622616E-03
 -2.6466530E-03
  4.2701140E-02
 -2.1336123E-03
  3.6223866E-02
 -4.2714677E-03
  1.1015668E-02
 -4.0310198E-03
  0.4120674    
 -2.5652940E-03
  1.3655313E-02
 -2.3820517E-03
  7.8278575E-03
 -1.1076024E-03
  5.4004844E-03
 -3.1604986E-03
  5.3071436E-03
  1.1091768E-03
 -3.6450424E-03
  4.4560726E-03
 -2.9010675E-03
  3.2206702E-03
 -2.0686232E-03
  4.6628141E-03
