  2.8466771E-03
 -1.1138855E-03
  3.1026329E-03
 -8.8873655E-03
  3.7177568E-03
 -3.0201210E-03
  3.0397426E-03
 -1.8679246E-03
  5.4390333E-03
 -1.0897896E-03
  4.6607289E-03
 -1.0895993E-03
  5.1400401E-03
 -3.2271636E-03
  1.1405348E-02
 -1.2464434E-03
  2.7690455E-02
 -4.6007172E-03
  0.8175067    
   1.003706    
 -5.1864777E-03
  3.2783210E-02
 -2.0660697E-03
  4.2559118E-03
 -3.1286494E-03
  4.7558174E-03
 -9.8347468E-03
  2.3758424E-02
 -8.3765350E-03
  1.6998248E-02
 -3.1787348E-03
  5.8059427E-03
 -3.3856807E-03
  5.4709055E-03
 -4.0963730E-03
  9.1777444E-03
 -3.9883037E-03
  7.1466584E-03
 -2.6789173E-03
  3.1811814E-03
 -8.3331764E-04
 -1.0981752E-03
  2.4029324E-03
