  3.4586182E-03
 -4.0321471E-03
  2.5880907E-03
 -9.8281656E-04
  3.2165754E-03
 -2.3606736E-03
  3.4241006E-03
 -2.5196229E-03
  6.5431674E-03
 -6.6092815E-03
  6.0172011E-03
 -2.6389661E-03
  9.5334742E-03
 -3.5505840E-03
  1.7458910E-02
 -1.9743452E-03
  2.1267481E-02
 -6.1042947E-03
  0.3781650    
  0.3781650    
 -1.2683518E-03
  4.2112102E-03
 -3.6692710E-03
  0.2152137    
  0.2152137    
 -4.7344007E-03
  1.9029301E-02
 -3.5005405E-03
  6.5906500E-03
 -1.6131980E-03
  3.2931373E-03
 -6.3824877E-03
  8.8756373E-03
 -1.0638741E-02
  6.5133213E-03
 -3.4284240E-03
  3.8939137E-03
