  4.5752479E-03
 -1.1944720E-02
  3.6350403E-03
 -4.5503979E-03
  6.5957177E-03
 -3.6550381E-03
  4.3216734E-03
 -3.3664114E-03
  3.2315690E-03
 -1.3382726E-03
  4.6801385E-03
 -3.3770551E-03
  4.5258831E-03
 -2.9585091E-03
  1.2150518E-02
 -5.9260288E-03
  7.4425531E-03
 -3.4255341E-03
  4.8992285E-03
 -2.2238053E-03
  8.0448203E-02
 -1.5337263E-02
  0.8112130    
  0.6441137    
 -1.9985673E-03
  8.9339167E-03
 -1.3332317E-03
  6.1571300E-03
 -8.9108723E-04
  6.5810406E-03
 -2.7100074E-03
  3.4960543E-03
 -6.6812928E-03
  2.6879814E-02
 -2.4750768E-03
  3.0421626E-03
 -3.8156346E-03
  7.7179261E-03
 -2.3330282E-03
  2.1884767E-03
