  5.2426383E-03
 -4.1742716E-03
  4.0720138E-03
 -3.5705257E-03
  2.8233205E-03
 -1.7560105E-03
  4.6030912E-03
 -1.0916839E-03
  3.7121203E-02
 -6.2217941E-03
  1.6365351E-02
 -2.1676994E-03
  3.1064427E-02
 -4.2697219E-03
  0.7851067    
 -7.4790861E-03
  6.7910701E-02
 -8.6653717E-03
  1.7432382E-02
 -3.2816411E-03
  7.6283291E-03
 -1.8404886E-03
  4.1730148E-03
 -2.3030746E-03
  5.9800246E-03
 -5.8314023E-03
  6.4217839E-03
 -1.6665554E-03
  2.8874706E-03
 -3.1732921E-03
  5.4372642E-03
 -3.6667679E-03
  3.9104661E-03
 -5.2280440E-03
  4.0174820E-03
 -4.1509671E-03
  7.8339791E-03
