  2.5525347E-03
 -2.6201522E-03
  5.2806675E-03
 -5.2849771E-03
  4.2787450E-03
 -3.8437175E-03
  4.0696431E-03
 -1.7920589E-03
  2.6904568E-03
 -3.7354880E-03
  6.6351355E-03
 -2.9283687E-03
  2.7888797E-02
 -4.1836216E-03
  2.3954827E-02
 -5.2873031E-03
  6.4643556E-03
 -1.2079560E-03
  3.1432465E-02
 -5.0187958E-03
  8.2631074E-03
 -2.0369798E-02
  7.9160459E-02
 -5.2741361E-03
  0.2919146    
 -2.8489057E-03
  5.4563787E-03
 -2.2169589E-03
  5.7803383E-03
 -2.5674617E-03
  4.1255169E-03
 -3.7289143E-03
  4.1704550E-03
 -5.1838909E-03
  5.9042294E-03
 -3.1234892E-03
  4.4530360E-03
 -4.4576880E-03
  4.2349375E-03
 -8.3068339E-04
  1.5000853E-03
