  8.8266068E-04
 -3.7743666E-04
  3.0413710E-03
 -3.7598368E-03
  1.9960783E-03
 -1.2158561E-03
  4.2809835E-03
 -2.2654252E-03
  1.6542543E-02
 -5.1116040E-03
  2.7587276E-03
 -2.3958765E-03
  3.7331751E-03
 -2.2890968E-03
  1.2726920E-02
 -4.7842641E-03
  1.4581922E-02
 -3.6509754E-03
  1.7740799E-02
 -2.8747451E-03
  6.6502029E-03
 -3.1138342E-03
  0.1972051    
  0.1972051    
 -8.5374244E-02
  0.1977502    
 -0.1044605    
  0.1793757    
 -4.5116390E-03
  8.3177313E-03
 -3.3956787E-03
  8.5761873E-03
 -1.8160432E-03
  8.2336711E-03
 -8.3166491E-03
  1.2866545E-02
 -3.2876069E-03
  4.6595652E-03
 -3.3313704E-03
  3.9399406E-03
 -2.7068323E-03
  3.1877235E-03
 -9.8985014E-04
  1.6700726E-03
 -1.2734109E-03
  2.7033065E-03
 -1.1178472E-03
  1.9174252E-03
