  4.6509779E-03
 -4.7869147E-03
  2.9364955E-03
 -1.8438773E-03
  3.1398351E-03
 -2.2707630E-03
  6.8151797E-03
 -3.5557099E-02
  3.9209737E-03
 -1.6143443E-03
  4.4115018E-03
 -1.7360507E-03
  9.4779162E-03
 -3.5791181E-03
  2.6910366E-02
 -4.3422445E-03
  3.8363285E-02
 -5.9722210E-03
  0.7063670    
  0.6888086    
 -1.2452150E-03
  0.1650398    
 -6.0266671E-03
  7.2683524E-03
 -3.7008694E-03
  6.2013157E-03
 -2.2507794E-03
  1.1573335E-02
 -2.7666590E-03
  8.5637998E-03
 -1.8389500E-03
  3.5154379E-03
 -3.4801553E-03
  6.4685107E-03
 -2.1344516E-03
  3.2233403E-03
 -2.1988628E-03
  3.5668015E-03
 -1.2814120E-03
  3.0348052E-03
 -5.8810017E-03
  3.1975391E-03
 -1.3964995E-03
  2.9201524E-03
 -2.4098854E-03
  2.5894044E-03
