  2.1310451E-03
 -1.3462895E-03
  2.7097564E-03
 -1.3114309E-03
  1.6952355E-03
 -6.3564267E-04
  1.3333420E-02
 -6.1586900E-03
  8.4196916E-03
  3.3781107E-03
 -2.0189295E-03
  3.9178645E-03
 -2.0188694E-03
  5.0317179E-03
 -1.5425346E-03
  8.0533056E-03
 -3.5627428E-03
  1.3288218E-02
 -3.8785452E-03
  6.3366085E-02
 -7.4244319E-03
  2.4893640E-02
 -1.0927504E-02
  0.5915502    
  0.6123486    
 -6.6979672E-04
  1.3206050E-02
 -5.6002722E-03
  1.7792605E-02
 -1.7649086E-02
 -1.7649086E-02
  1.9830020E-02
  1.9830020E-02
 -5.5667073E-03
  9.3485359E-03
 -1.0727972E-03
  2.4303342E-03
 -1.5967502E-03
  3.1683117E-03
 -2.3319339E-03
  3.5944588E-03
 -8.5427659E-03
  9.1501791E-03
 -3.6127258E-03
  3.2412596E-03
 -1.0590548E-02
  5.0264359E-03
 -1.6427685E-03
  1.5533096E-02
