  2.4626150E-03
  2.3790337E-03
 -1.5393762E-03
  5.8319247E-03
 -3.4361435E-03
  3.2057459E-03
 -2.3874445E-03
  3.6392938E-03
 -2.6932289E-03
  3.4706334E-03
 -1.2131465E-03
  3.2966458E-03
 -2.3907064E-03
  5.3597693E-03
 -3.3506621E-03
  2.5008243E-02
 -1.2959749E-02
  1.9262014E-02
 -1.6064123E-03
  0.5402981    
 -3.8324646E-03
  0.1130485    
 -1.1586167E-03
  7.8459540E-03
 -2.7085864E-03
  5.1348573E-03
 -3.4148642E-03
  5.9243357E-03
 -4.5894533E-03
  4.8191468E-03
 -1.4608838E-03
  2.3762027E-03
 -1.4070156E-03
  2.3605076E-03
 -2.7673873E-03
 -1.4983520E-03
  2.2611949E-03
