  1.4865733E-03
 -7.5156323E-04
  3.4084464E-03
 -2.0215141E-03
  5.9147584E-03
 -4.6354504E-03
  2.9309818E-03
 -1.4771016E-03
  5.8250534E-03
 -3.6478571E-03
  4.2341868E-03
 -2.6110108E-03
  6.3138092E-03
 -1.3773188E-03
  8.7442277E-03
 -1.0731672E-03
  1.6988888E-02
 -3.7643944E-03
  9.4892792E-03
 -5.2850931E-03
 -0.3577971    
  -2.679154    
  -2.506298    
  0.3912854    
 -3.9654151E-03
  2.3301989E-02
 -7.0905953E-04
  6.1075804E-03
 -4.4802632E-03
  5.7534389E-03
 -1.1355818E-03
  3.4595530E-03
 -3.0763175E-03
  6.4021205E-03
 -3.0599292E-03
  3.4389051E-03
 -2.1045688E-03
  3.3319760E-03
 -5.1858211E-03
  1.0034075E-02
 -4.2816838E-03
  3.2599784E-02
