  2.5995548E-03
 -2.0348912E-03
  2.9392003E-03
 -3.0204151E-03
  4.4741812E-03
 -3.7580291E-03
  3.3758120E-03
 -1.1560367E-03
  5.9608831E-03
 -1.8288016E-03
  3.9134007E-03
 -4.1935248E-03
  5.9407521E-03
  5.9407521E-03
 -3.1621505E-03
  1.8003762E-02
 -8.8143265E-03
  2.1784222E-02
 -4.1867523E-03
  2.4393041E-02
 -1.3227743E-03
  0.4851500    
 -2.6627315E-02
  1.1376261E-02
 -3.0624780E-03
  9.4628511E-03
 -1.8012264E-03
  4.8731589E-03
 -1.1851125E-03
  2.6310566E-03
 -2.5969315E-03
  4.1986033E-03
 -8.1869995E-04
  2.1909752E-03
 -6.5951063E-03
  5.1348382E-03
 -1.5575057E-03
  2.2861671E-03
 -1.4329946E-03
  1.9654464E-03
