  2.4875167E-03
 -8.3561346E-04
  3.2801323E-03
 -2.3241260E-03
  6.6513321E-03
 -1.6760336E-02
  2.6804318E-03
 -1.7219713E-03
  2.6347935E-03
 -1.1456291E-03
  9.2329821E-03
 -3.3167978E-03
  6.8846066E-03
 -9.5017697E-04
  2.6134448E-02
 -5.4342994E-03
   1.125971    
   1.115899    
   1.045398    
 -3.3269436E-03
  3.8114734E-02
 -2.8708463E-03
  1.9014681E-02
 -1.1917556E-03
  4.7874488E-03
 -1.1395960E-03
  4.6822424E-03
 -1.6843408E-03
  3.4296392E-03
 -2.1651911E-03
  2.8288970E-03
 -5.9970194E-03
  1.2197792E-02
 -1.1669549E-03
  2.8926369E-03
