  2.3453680E-03
 -2.7142509E-03
  3.9897510E-03
 -3.8420013E-03
  4.6551866E-03
 -4.4599064E-03
  5.6507150E-03
 -2.2951162E-03
  1.5980709E-02
 -4.3014456E-03
  6.5126973E-03
 -1.2241972E-03
  1.4506330E-02
 -8.8662235E-03
  3.3227671E-02
 -1.1813056E-03
  0.4824499    
  0.4824499    
  -2.322654    
  -2.020016    
 -3.2799486E-03
  8.2981838E-03
 -1.3900295E-02
  5.9092395E-02
 -2.7637952E-03
  1.0594698E-02
 -1.6769744E-03
  1.0335591E-02
 -7.4640601E-03
  1.4677321E-02
 -3.7065123E-03
  3.7968287E-03
 -1.4479238E-03
  3.6288542E-03
 -2.7292583E-03
  4.7917892E-03
 -1.1642119E-03
  2.1176871E-03
 -7.8443775E-04
  1.9899770E-03
 -1.2044649E-03
  2.3154926E-03
 -1.5872985E-03
  1.9114485E-03
