  2.5328605E-03
 -1.9567809E-03
  3.3817533E-03
 -1.7526068E-03
  4.0704072E-03
 -1.6245904E-03
  3.5477025E-03
 -2.7132314E-03
  7.5142724E-03
 -4.9075168E-03
  3.2271864E-03
 -1.3090126E-03
  2.2940661E-03
 -3.3252556E-03
  6.4804051E-03
 -3.3438646E-03
  5.6699119E-03
 -1.4333004E-03
  9.9582020E-03
 -1.5618773E-03
  2.0022083E-02
 -4.2595053E-03
  4.8891116E-02
  4.8891116E-02
 -3.9253794E-03
  4.7395928E-03
 -3.0201389E-03
  0.1610569    
 -3.8510428E-03
  1.3620644E-02
 -9.4774887E-03
  8.5127160E-02
 -2.4710619E-03
  1.0084732E-02
 -1.5849603E-03
  6.5439483E-03
 -3.7743915E-03
  4.8196912E-03
 -1.2765644E-03
  8.2498062E-03
 -2.9259503E-03
  4.3233200E-03
 -3.7518640E-03
  3.9410992E-03
 -5.6340736E-03
  5.6202034E-03
 -8.6771660E-03
  8.8642947E-03
 -5.0939317E-03
  4.3335017E-03
 -5.3098951E-03
  2.4755234E-03
