  2.9089216E-03
 -1.6116975E-03
  2.4369839E-03
 -1.5650385E-03
  2.6922687E-03
 -1.2889981E-03
  7.2312173E-03
 -3.5931589E-03
  3.4605160E-03
 -4.0911478E-03
  7.3562688E-03
 -8.9026679E-04
  7.6608002E-02
 -3.7946656E-02
  0.8074316    
  0.8074316    
 -1.1632133E-02
  1.4409191E-02
 -1.3908951E-03
  1.0215916E-02
 -1.8479668E-03
  6.9630053E-03
 -2.8380232E-03
  3.6433071E-03
 -3.7617326E-02
  2.1538170E-02
 -2.7192277E-03
  3.7334894E-03
 -2.5881920E-03
  5.4133101E-03
 -1.3702709E-03
  3.6426471E-03
 -5.3018811E-03
  1.9363593E-02
 -2.6534682E-03
  3.4492994E-03
