  3.2405958E-03
 -4.2526331E-03
  3.2601811E-03
 -1.9600391E-03
  2.9828413E-03
 -1.4178102E-03
  3.0430986E-03
 -1.0387835E-03
  2.2271611E-02
 -6.5077175E-03
  4.8599704E-03
 -3.0717172E-03
  1.3543552E-02
 -2.6161207E-03
  1.8300420E-02
 -3.9590909E-03
  4.7794074E-02
 -4.2208703E-03
  0.1912767    
  0.1912767    
 -5.9423293E-03
  8.7363617E-03
 -4.2899037E-03
  1.3001028E-02
 -2.7691128E-03
  1.9345256E-02
 -1.8709791E-03
  9.7417813E-03
 -1.3199448E-02
  1.6101990E-02
 -2.6358431E-03
  4.5893816E-03
 -2.8936462E-03
  3.8962064E-03
 -2.2635588E-02
  8.6006913E-03
 -1.7506952E-03
  3.0883802E-03
