  2.2190805E-03
 -1.3999877E-03
  1.8301540E-03
 -9.7116106E-04
  2.7666497E-03
 -1.7587990E-03
  2.0062756E-03
 -1.3684717E-03
  5.2030636E-03
 -4.6458766E-03
  3.2745353E-03
 -1.4903921E-03
  5.0795777E-03
 -3.2389071E-03
  4.6841782E-03
 -3.7905814E-03
  1.0384835E-02
 -3.0879157E-03
  9.6977316E-03
  1.0744073E-02
 -3.0409172E-03
  3.7111400E-03
 -2.9611080E-03
  0.1684505    
  0.1684505    
 -2.2618463E-02
  0.5591955    
  0.5825008    
 -3.7445477E-03
  5.9692878E-03
 -3.4585041E-03
  6.1950381E-03
 -1.0331642E-02
  1.2104269E-02
 -1.0938073E-03
  3.3149563E-03
 -9.3772896E-03
  1.3390915E-02
 -1.9225073E-03
  3.4243339E-03
 -2.8825197E-03
  3.4356809E-03
 -1.9214801E-03
  3.3608081E-03
