  2.2557294E-03
 -1.1913530E-03
  5.9569473E-03
 -1.9704053E-02
  4.3540304E-03
 -3.5523514E-03
  5.6418227E-03
 -3.6826152E-03
  5.0134272E-03
 -3.0392520E-03
  6.1806822E-03
 -2.1758231E-03
  1.6239887E-03
 -5.1859785E-03
  8.3834445E-03
 -4.3468294E-03
   1.127547    
   3.398113    
 -1.3230940E-03
  4.3391671E-02
  4.3391671E-02
 -2.1802891E-02
  4.7046527E-02
 -1.3449616E-02
  1.6971344E-02
 -2.2354955E-03
  3.8473334E-03
 -2.9056692E-03
  3.1823132E-03
 -5.6642611E-03
  5.9784972E-03
 -2.0801635E-03
  2.8305510E-03
 -1.5262204E-03
  3.0884142E-03
 -1.3387458E-03
  3.5315109E-03
 -7.2231452E-04
  1.2149581E-03
