  2.7921726E-03
 -1.9739645E-03
  4.2939512E-03
 -4.4645388E-03
  6.9287149E-03
 -4.9783294E-03
  4.8453901E-03
 -2.9393085E-03
  3.9846413E-03
 -8.4461056E-04
  3.8763797E-03
 -3.9684381E-03
  5.4595722E-03
 -3.3483282E-03
  2.0957569E-02
 -1.7665641E-02
  1.7711436E-02
 -3.0588896E-03
  0.5023962    
 -2.8011166E-03
  0.1914287    
 -4.2315535E-03
  4.2235080E-02
 -2.0560515E-03
  8.5715614E-03
 -6.0638273E-03
  5.3024832E-03
 -4.8629679E-03
  4.0873699E-03
 -3.3447328E-03
  4.3587522E-03
 -1.7510769E-03
  2.8904534E-03
 -1.3179089E-03
  2.1678261E-03
 -9.6363272E-04
  1.7074111E-03
