  1.0510460E-02
 -1.0466575E-02
  3.2769442E-03
 -3.0761745E-03
  6.2392089E-03
 -5.4381667E-03
  6.0748532E-03
 -3.1341871E-03
  1.2191982E-02
 -6.2833168E-03
  8.0080191E-03
 -1.7556959E-03
  9.3511390E-03
 -1.3614219E-03
  0.5320146    
  0.5188915    
 -3.7814233E-02
  0.2087480    
  0.2087480    
 -1.7402839E-03
  4.2975105E-02
 -8.5430695E-03
  7.5201360E-03
 -1.3921328E-03
  1.0078721E-02
 -3.6063797E-03
  1.2856588E-02
 -5.6404979E-03
  1.2226464E-02
 -2.3422071E-03
  6.0269097E-03
 -4.5286212E-03
  6.1242986E-03
 -4.2532822E-03
  5.7034087E-03
 -2.6780798E-03
  4.3809265E-03
 -4.6846443E-03
  1.0769694E-02
 -1.9796258E-03
  3.1032357E-03
