  2.1608230E-03
  1.2473626E-03
 -7.4845651E-04
  3.3383423E-03
 -9.0027164E-04
  3.2422659E-03
 -2.0739723E-03
  3.4025372E-03
 -1.3009906E-03
  4.2725047E-03
 -2.6820572E-03
  6.5778047E-03
  1.4778361E-02
 -3.4349130E-03
  2.0677287E-02
 -6.1040670E-03
  3.5668600E-03
 -1.2202322E-03
  2.2081994E-02
 -2.7043445E-03
  1.4417358E-02
 -2.6590324E-03
  0.8828578    
 -1.4605209E-03
  1.2698806E-02
 -1.4263502E-02
  1.6192762E-02
 -1.3923874E-03
  6.1399471E-03
 -1.6301397E-03
  3.9084069E-03
 -3.3443612E-03
  4.7982601E-03
 -3.2110834E-03
  3.6725667E-03
 -2.9551135E-03
  3.2272709E-03
 -1.5248022E-03
  2.5928160E-03
 -2.6351055E-03
  1.0812838E-02
 -4.6648663E-03
  3.6333250E-03
 -1.6087912E-03
  2.3834864E-03
 -4.4745370E-03
  4.4447626E-03
