  2.1819198E-03
 -1.6022970E-03
  4.5801620E-03
 -1.9059007E-03
  3.4740062E-03
 -2.8792697E-03
  2.2950429E-03
 -1.1731031E-03
  4.2666998E-03
 -2.9665423E-03
  1.2800500E-02
 -8.3281742E-03
  4.8711631E-03
 -3.3499819E-04
  6.5850001E-03
 -1.4130345E-03
  0.2389952    
 -1.2346319E-03
  0.4786405    
  0.5087330    
 -2.3024406E-03
  2.2295404E-02
 -4.3544541E-03
  6.0542482E-03
 -4.4731293E-03
  3.1941231E-02
 -2.2480974E-03
  4.8353495E-03
 -1.3261389E-03
  3.6573324E-03
 -2.4844313E-03
  3.7089277E-03
 -2.0069587E-03
  3.8541737E-03
 -6.6341790E-03
 -5.0373250E-03
  7.7167340E-03
 -3.1298953E-03
  4.7804588E-03
