  1.2315625E-03
 -5.8787328E-04
  4.2284611E-03
 -1.5504679E-03
  3.4920601E-03
 -3.6775831E-03
  3.3876591E-03
 -2.2632070E-03
  4.1023260E-03
 -3.4223683E-03
  7.1174959E-03
 -3.2293289E-03
  1.1936471E-02
 -6.0118595E-03
  6.5736440E-03
 -1.9583169E-03
  1.1874954E-02
 -3.4737915E-03
  9.7643072E-03
 -2.5280644E-03
  0.2259041    
  0.2117672    
 -4.2638242E-02
  0.3357584    
  0.3357584    
 -1.3197746E-02
  8.7378532E-02
 -1.1856126E-03
  1.8794768E-02
 -3.7467093E-03
  8.3509777E-03
 -1.0044859E-03
  5.3590173E-03
 -2.6114422E-03
  3.3657555E-03
 -4.7543845E-03
  5.3094509E-03
 -4.8330612E-03
  3.5390246E-03
 -1.2406370E-02
  7.2584343E-03
 -9.8052458E-04
  1.3595313E-03
