  3.6887992E-03
 -2.1996328E-03
  2.5284872E-03
 -2.7190347E-03
  1.8196704E-03
 -1.0422302E-03
 -7.6364260E-05
  6.2395083E-03
 -3.3802993E-03
  1.9145377E-02
 -6.5854844E-03
  2.5067855E-02
 -3.6360731E-03
  6.4943610E-03
 -2.4349010E-03
  0.1261773    
 -3.8742055E-03
  9.2804588E-02
 -3.2431132E-03
  4.8284577E-03
 -1.3121266E-03
  3.9106510E-03
 -2.9504092E-03
  4.5287306E-03
 -1.1825976E-03
  2.9402643E-03
 -6.9195032E-03
  5.3835269E-03
 -2.8992628E-03
  4.8398082E-03
 -1.7872531E-02
  5.7712616E-03
 -1.8289756E-03
  3.0639383E-03
 -1.2335886E-03
  2.1890479E-03
 -9.8043436E-04
  1.6223189E-03
