  1.5085270E-03
 -7.9857535E-04
  5.5386755E-03
 -2.5470452E-03
  2.2503331E-03
 -1.1593632E-03
  3.1450526E-03
 -3.6691001E-03
  2.8941485E-03
 -1.7843607E-03
  7.3039425E-03
 -4.0927217E-03
  4.0242327E-03
 -2.4811204E-03
  6.4068222E-03
 -2.6886184E-03
  6.2730731E-03
 -2.7196067E-03
  1.5174810E-02
 -1.7417661E-03
  0.3325755    
  0.3325755    
 -4.5280131E-03
  0.2103236    
 -2.3192554E-03
  8.5982271E-03
 -8.2993670E-04
  5.4528848E-03
 -3.6520073E-03
  4.7202017E-03
 -5.3822505E-03
  6.1343540E-03
 -1.7221175E-03
  3.7635195E-03
 -1.2316612E-02
  4.4745416E-03
 -1.5665301E-03
  2.4533526E-03
