  4.8548034E-03
 -3.7554244E-03
  3.5621573E-03
 -2.4587400E-03
  2.8765248E-03
 -1.2947422E-03
  2.8592451E-03
 -1.7326432E-03
  4.1926135E-03
 -2.7814580E-03
  5.6304671E-03
 -2.4423387E-03
  1.5004983E-02
 -6.8567335E-03
  5.1450240E-03
 -1.0777671E-03
  4.4818297E-02
 -2.9973311E-03
  0.4308518    
 -7.1345210E-02
  0.2822930    
 -1.7795666E-03
  2.2819100E-02
 -3.9968193E-03
  2.4744311E-02
 -1.7703965E-03
  3.3833093E-03
 -2.9613306E-03
  8.9566521E-03
 -1.0728888E-03
  4.8375875E-03
 -4.4907653E-03
  5.2982992E-03
 -1.8326015E-03
  2.1490133E-03
 -1.4982314E-02
  2.3375126E-02
 -1.2358665E-03
  2.8410510E-03
 -2.2139309E-03
  3.0349349E-03
 -1.2636913E-03
  2.4320425E-03
 -1.7702556E-03
  2.7904005E-03
