  2.4352656E-03
 -1.4136226E-03
  2.5228525E-03
 -1.4021365E-03
  5.7710665E-03
 -3.9590867E-03
  4.8962529E-03
 -3.3622524E-03
  3.4293181E-03
 -1.5840604E-03
  4.3053362E-03
 -2.0972260E-03
  1.2776264E-02
 -5.4906015E-03
  4.1720779E-03
 -1.1107989E-03
  1.3080370E-02
 -4.4760676E-03
  1.3840901E-02
 -2.7688171E-03
  0.2164476    
 -2.0309553E-02
  0.2015054    
 -1.4441858E-02
  3.9791327E-02
 -2.7300152E-03
  7.8256056E-02
 -2.5126969E-03
  1.0424832E-02
 -2.5754850E-03
  4.8781331E-03
 -3.0066050E-03
  3.9270571E-03
 -1.1662612E-03
  3.3115526E-03
 -2.7448318E-03
  3.8422958E-03
 -1.2148874E-03
  2.6460222E-03
 -2.7161157E-03
  6.1769588E-03
 -1.0494965E-03
  2.2503354E-03
 -1.5795582E-03
  4.2272606E-03
