  2.7783203E-03
 -1.2312176E-03
  2.4318148E-03
 -1.2260353E-03
  2.2316680E-03
 -1.0142445E-03
  2.8161334E-03
 -2.5926807E-03
  6.8533719E-03
 -3.9260304E-03
  6.9643222E-03
 -1.6602111E-03
  1.1247084E-02
 -2.9170818E-03
  6.6898040E-02
 -3.2948293E-02
  6.7678645E-02
 -2.1077027E-03
  5.3403560E-02
 -3.5608723E-03
  1.4631249E-02
 -1.8817562E-03
  5.5153284E-02
 -2.8599496E-03
  2.0089461E-02
 -1.7751736E-03
  1.5208306E-02
 -2.2795573E-03
  8.5482933E-03
 -3.4514253E-03
  7.9347827E-03
 -2.2988748E-03
  5.7647070E-03
 -4.7378452E-03
  4.6161842E-03
 -3.7921923E-03
  4.1599446E-03
 -1.6135353E-03
  2.8644968E-03
 -2.8394617E-03
  3.9355685E-03
 -9.3112577E-04
  2.1961988E-03
 -2.7039731E-03
  2.6586631E-03
