  4.1815201E-03
 -3.3962249E-03
  2.7156626E-03
 -2.1053259E-03
  1.1455534E-03
 -7.9378125E-04
  4.0595974E-03
 -2.3982276E-03
  4.1957293E-03
 -3.0043442E-03
  3.9073508E-03
 -3.2561533E-03
  7.1736691E-03
 -1.0802274E-03
  6.0339891E-03
 -1.3248503E-03
  1.5669771E-02
 -2.9801487E-03
  8.0723204E-03
 -4.2528273E-03
  3.9066821E-02
 -2.2247268E-02
  8.3801769E-02
  8.3801769E-02
 -9.3591837E-03
  0.8088268    
  0.8088267    
 -3.0569034E-03
  3.8534630E-02
 -2.9957660E-03
  9.6936766E-03
 -8.3645089E-03
  1.5743127E-02
 -2.9365586E-03
  5.7332139E-03
 -3.2490788E-03
  4.2221546E-03
 -2.5320619E-03
  3.2234455E-03
 -1.7513711E-03
  2.6112506E-03
 -1.8138379E-02
  5.1103672E-03
