  3.8099012E-03
 -8.9790495E-03
  3.1986879E-03
 -2.6601080E-03
  1.7218863E-03
 -7.1435078E-04
  8.0770794E-03
 -5.0208140E-03
  9.1007557E-03
 -1.5643381E-02
  5.0647641E-03
 -3.2530269E-03
  3.3644894E-03
 -2.2222477E-03
  1.5437001E-02
 -9.8150568E-03
  5.4790433E-03
 -2.8074486E-03
  2.7209528E-02
  2.7209528E-02
 -1.0473555E-03
  0.4289454    
 -1.2191056E-02
  0.1515269    
 -1.7354270E-03
  1.0644158E-02
 -2.8713513E-03
  9.5944209E-03
 -3.8335472E-03
  5.5800658E-03
 -2.3578687E-03
  2.7388018E-03
 -1.9256589E-03
  2.4825265E-03
 -1.5778630E-03
  2.0985897E-03
