  3.7864815E-03
 -1.5450307E-03
  4.0290393E-03
 -2.7627458E-03
  3.3356734E-03
 -1.5552558E-03
  4.1268836E-03
 -3.5917254E-03
  3.1467173E-03
 -1.3226711E-03
  3.1736707E-03
 -1.6785741E-03
  4.6130503E-03
 -2.9851422E-03
  5.1113763E-03
 -3.2917338E-03
  1.2804881E-02
 -7.4122599E-03
  5.3622238E-03
 -1.6543786E-03
  1.7104724E-02
 -4.7240155E-03
  2.3133792E-02
 -4.0891264E-03
  0.6348785    
 -1.3636189E-03
  8.6011119E-02
 -1.7156280E-03
  1.0714351E-02
 -9.1532357E-03
  1.7592007E-02
 -4.0563792E-03
  6.5785428E-03
 -6.5009785E-03
  1.0699811E-02
 -2.6638641E-03
  3.5034853E-03
 -3.6044470E-03
  4.2134952E-03
 -7.5151064E-03
  9.6793137E-03
 -1.4097644E-03
  2.0254937E-03
