  2.6100560E-03
 -8.9260074E-04
  4.7123195E-03
 -9.2806369E-03
  1.8845787E-03
 -1.2447230E-03
  2.5242914E-03
 -1.3296719E-03
  3.6494269E-03
 -2.3687102E-03
  1.2313649E-02
 -3.2626633E-03
  8.9960722E-03
 -1.4785962E-03
  3.2723758E-02
 -1.7414818E-02
  0.8648192    
  0.8648192    
 -1.0710289E-03
  1.1119391E-02
 -1.6430452E-03
  6.4293919E-03
 -3.4490365E-03
  6.7132930E-03
 -3.3297997E-03
  6.7480966E-03
 -3.5693836E-03
  5.6438595E-03
 -9.7444648E-04
  2.4654025E-03
 -1.1653665E-03
  2.2308999E-03
 -1.4547501E-03
  3.0391212E-03
 -1.4121392E-03
  2.1742580E-03
