  3.6984573E-03
 -5.5596163E-03
  5.1715034E-03
 -4.6434514E-03
  4.1005989E-03
 -1.8682806E-03
  3.7957607E-03
 -1.8523644E-03
  5.2871448E-03
 -3.2877389E-03
  9.6553922E-02
  0.1620189    
 -2.5049075E-02
  1.4861957E-02
 -4.7822809E-03
  2.4718216E-02
 -1.4805620E-03
  0.5775929    
 -1.1777512E-03
  2.1996198E-02
 -5.0477916E-03
  3.2470312E-02
 -9.3710674E-03
  1.5503407E-02
 -1.5929734E-03
  9.1460105E-03
 -5.3683673E-03
  1.2265602E-02
 -2.4767620E-03
  3.6145477E-03
 -2.6242363E-03
  4.0346044E-03
 -1.3842523E-03
  3.7827764E-03
 -2.7177988E-03
  3.5901065E-03
 -3.3554269E-03
  2.9409686E-03
 -1.0334640E-02
  4.1140607E-03
 -9.5972168E-04
  1.4483617E-03
 -3.6254060E-06
