  5.5639613E-03
  2.4834673E-03
 -1.2998240E-03
  3.9041834E-03
 -3.7252689E-03
  4.4011632E-03
 -3.1669594E-03
  3.1467117E-03
 -1.4575258E-03
  4.0310831E-03
 -3.6095483E-03
  6.6688075E-03
 -1.4038541E-03
  5.0007794E-03
 -2.5307916E-03
  1.4985329E-02
 -3.4242966E-03
  3.0515470E-02
 -1.5474695E-03
  3.0108845E-02
 -3.7303239E-03
  0.2180275    
 -2.8292960E-03
  1.4449119E-02
 -2.7642895E-03
  5.1883203E-03
 -4.0763640E-03
  5.1238975E-03
 -3.2832772E-03
  3.4428269E-03
 -5.2831024E-03
  4.8495927E-03
 -4.3551209E-03
  3.3186751E-03
 -4.1825487E-04
  8.8717055E-04
