  2.9790283E-03
 -3.1122304E-03
  4.8651975E-03
 -1.8769067E-03
  2.1937983E-03
 -2.0033866E-03
  4.1411007E-03
 -3.7124045E-03
  2.7729126E-03
 -1.6172591E-03
  4.9126581E-03
 -3.2362381E-03
  6.8189045E-03
 -5.1083593E-03
  2.7157608E-03
 -1.5844917E-03
  3.9485744E-03
 -3.3515091E-03
  4.9301521E-03
 -2.9415565E-03
  1.1129588E-02
 -6.5236646E-03
  4.7008502E-03
 -2.3005742E-03
  3.9990391E-03
 -5.3320839E-03
  1.4984452E-02
 -3.3825352E-03
  1.4950952E-02
 -2.1045147E-03
  0.4660636    
  0.4660636    
 -1.2719020E-03
  0.3076768    
 -9.2758453E-03
  1.1635008E-02
 -2.6497638E-03
  6.9515216E-03
 -3.0979563E-03
  9.9005476E-03
 -5.7367105E-03
  8.8717537E-03
 -4.6943352E-03
  4.5072222E-03
 -2.4196755E-03
  3.2148480E-03
 -4.2358837E-03
  2.1366607E-02
 -9.9577766E-04
  1.8685297E-03
