  3.0262405E-03
 -1.7094088E-03
  2.5192031E-03
 -1.8055373E-03
  1.8427351E-03
 -9.2261896E-04
  2.6093991E-03
 -1.4728070E-03
  5.2287965E-03
 -4.4147349E-03
  2.8722484E-03
 -2.1937976E-03
  4.5897015E-03
 -3.6641997E-03
  4.3576155E-03
 -2.9054035E-03
  5.4147206E-03
 -3.5035557E-03
  3.7363330E-03
 -3.2634772E-03
  1.7284524E-02
 -7.8892577E-03
  7.1307858E-03
 -1.5998700E-03
  2.7462102E-02
 -4.3104808E-03
  0.3028242    
 -5.5531152E-03
  8.9886850E-03
 -4.0853862E-03
  2.0519294E-02
 -3.2151968E-03
  1.8453505E-02
 -2.5892390E-03
  1.5718495E-02
 -6.0971254E-03
  5.9054722E-03
 -3.3089044E-03
  5.9248563E-03
 -1.3551812E-03
  4.2456766E-03
 -5.4967031E-03
  6.9325143E-03
 -2.4200114E-03
  3.1594357E-03
 -6.8499334E-03
  1.4747339E-02
 -1.8451016E-03
  4.3940130E-03
