  2.8635517E-03
 -1.4940726E-03
  7.1286228E-03
 -2.9282200E-03
  1.8282511E-03
 -8.6550851E-04
  2.8061895E-03
 -3.3481368E-03
  2.7129690E-03
 -2.3131859E-03
  2.6283243E-03
 -1.6821886E-03
  3.3859250E-03
 -2.3311668E-03
  2.5535896E-03
 -1.0544983E-03
  2.8773011E-03
 -9.0567535E-04
  5.9441230E-03
 -1.2771431E-03
  1.0271211E-02
 -2.6091349E-03
  1.1392026E-02
 -1.8928392E-03
  4.0735345E-02
 -3.2193789E-03
  0.7814136    
  0.7936254    
 -4.2520808E-03
  9.2580868E-03
 -3.3807624E-03
  1.2049021E-02
 -5.2212267E-03
  5.6517911E-03
 -1.6274246E-03
  4.5518773E-03
 -1.4504887E-03
  5.4395748E-03
 -7.7611092E-04
  3.2370312E-03
 -1.2156792E-03
  2.8992109E-03
 -7.8640290E-04
  2.0734747E-03
 -8.2797660E-03
  3.0099065E-03
 -2.0484689E-03
  1.0429982E-02
