  3.1691687E-03
 -5.1402398E-03
  3.0730218E-03
 -1.8913534E-03
  4.8183827E-03
 -4.9745804E-03
  3.8337279E-03
 -2.8712568E-03
  9.8093804E-03
 -1.4308121E-02
  2.7052241E-03
 -1.0475992E-03
  2.4420382E-02
 -5.0018863E-03
  9.3493149E-02
 -8.5720858E-03
  2.2023518E-02
 -2.5651301E-03
  0.5891446    
 -1.1388996E-03
  2.3344019E-03
 -2.2509811E-03
  4.9692154E-02
 -1.5483692E-03
  5.8907405E-03
 -1.5616363E-03
  5.7310360E-03
 -3.2255524E-03
  4.9646529E-03
 -1.6224892E-03
  3.6520888E-03
 -1.1599397E-03
  2.8027205E-03
 -5.4807058E-03
  5.0686141E-03
 -2.1336838E-03
 -1.4327961E-03
  2.8839039E-03
