  2.4515577E-03
 -1.3137738E-03
  3.9923429E-03
 -1.8015150E-03
  7.0290505E-03
 -4.2181923E-03
  5.9324917E-03
 -3.2118841E-03
  3.0672676E-03
 -1.9469494E-03
  5.8589680E-03
 -4.6168966E-03
  7.9713836E-03
 -5.0649624E-03
  5.2089165E-03
 -3.3760783E-03
  4.6835062E-03
 -1.6524724E-03
  4.3017482E-03
 -2.6099461E-03
  7.5523537E-03
 -3.2872718E-03
  1.5958482E-02
 -3.8181529E-03
  1.9150680E-02
 -4.1473648E-03
  9.2880242E-03
 -3.9897957E-03
  0.2360280    
 -0.3819515    
  0.1491478    
 -0.7500653    
  -1.061381    
  0.1668831    
 -4.4229678E-03
  4.4818958E-03
 -3.7741552E-03
  2.2270206E-02
 -3.8641216E-03
  3.3626235E-03
 -1.6342385E-03
  7.7893524E-03
 -1.9121235E-03
  6.7202267E-03
 -1.2608889E-03
  4.3561528E-03
 -1.0264506E-02
  4.0534191E-02
 -2.9254844E-03
  3.9690412E-03
 -8.7292502E-03
  8.6849770E-03
