  1.5487226E-03
 -8.2732132E-04
  3.1793120E-03
 -1.6718489E-03
  2.2905490E-03
 -1.1267320E-03
  8.0852825E-03
 -7.6207840E-03
  3.9330497E-03
 -3.3694240E-03
  3.8815048E-03
 -1.1611913E-03
  3.8362101E-03
 -1.1938489E-03
  0.3225895    
  0.3225895    
 -5.1990908E-02
  0.1032844    
 -4.8493636E-03
  1.7846327E-02
  1.7846327E-02
 -2.9618358E-03
  9.0674981E-03
 -5.5276207E-03
  5.0993604E-03
 -2.4304595E-03
  5.5656787E-03
 -2.3203290E-03
  3.5027487E-03
 -2.4328746E-03
  3.9934968E-03
 -5.1678219E-03
  3.8413585E-03
  1.3807358E-03
 -1.6267110E-03
  2.3264980E-03
