  1.5284186E-03
 -1.0587147E-03
  3.0306741E-03
 -1.8219732E-03
  2.5156499E-03
 -1.6797563E-03
  2.3554317E-03
 -7.9148225E-03
  4.0486949E-03
 -2.5861755E-03
  6.5737842E-03
 -4.1956850E-03
  2.8584020E-03
 -1.0162486E-03
  4.8296186E-03
 -3.2494548E-03
  1.8364089E-02
 -5.8550751E-03
  1.1667854E-02
 -3.9931759E-03
  8.2836591E-02
 -3.4192454E-02
  5.4266345E-02
 -1.9801846E-03
  0.1029935    
 -3.1032746E-03
  2.6297163E-02
 -3.2413090E-03
  1.6276794E-02
 -9.6600354E-03
  1.6442206E-02
 -3.0188521E-03
  6.6822325E-03
 -1.7436866E-03
  3.5627049E-03
 -3.3777570E-03
  5.4981378E-03
 -1.0219498E-02
  9.5663834E-03
 -3.5069094E-03
  2.9632631E-03
 -3.0242575E-03
  4.2560915E-03
