  5.1869634E-03
 -4.2206007E-03
  2.3217888E-03
 -2.0690954E-03
  2.7016064E-03
 -1.5985400E-03
  2.7915207E-03
 -1.9427162E-03
  5.1671206E-03
 -3.9467304E-03
  3.7509569E-03
 -2.9605986E-03
  6.1242008E-03
 -1.9917043E-03
  2.4938127E-02
 -6.1146463E-03
  8.9224698E-03
 -3.4090737E-03
  6.0443464E-03
 -3.4286422E-03
  0.5026147    
  0.4872565    
 -1.5285967E-03
  0.1539444    
  0.1539444    
 -3.9633278E-02
  6.9699273E-02
 -1.0586414E-03
  6.9659529E-03
 -1.2464373E-03
  3.6867645E-03
 -3.1041543E-03
  4.5640245E-03
 -8.5746631E-04
  4.1788267E-03
 -1.7299956E-03
  3.6899869E-03
 -1.1680458E-03
  3.0189781E-03
 -8.7895237E-02
  5.5686431E-03
 -1.0018707E-03
  1.5133953E-03
