  2.4783786E-03
 -1.2040613E-03
  3.2088656E-03
 -3.7985363E-03
  1.8427233E-03
 -8.0018752E-04
  3.8776440E-03
 -2.9574325E-03
  6.6447984E-03
 -7.7565257E-03
  4.7491617E-03
 -2.0807784E-03
  1.6870199E-02
 -4.6294518E-03
  9.0026176E-03
 -4.2732232E-03
  2.7568476E-02
 -4.9083284E-03
  7.6300148E-03
 -3.9898539E-03
  0.8061129    
  0.7036440    
 -4.7026947E-02
  0.1430417    
 -2.5180925E-03
  1.5444364E-02
 -2.6680978E-03
  1.2616139E-02
 -4.7928910E-03
  7.1913726E-03
 -1.7580041E-03
  4.7194441E-03
 -1.3491871E-03
  3.7338305E-03
 -2.4186382E-03
  4.8052981E-03
 -4.4530644E-03
  3.4288731E-03
 -4.1113682E-03
  3.5123057E-03
 -4.0300521E-03
  4.0903715E-03
 -1.5338791E-03
  2.4707383E-03
