  2.6491049E-03
 -3.0552503E-03
  4.2247665E-03
 -2.8655981E-03
  2.4011778E-03
 -1.2875110E-03
  3.5819414E-03
 -2.8209172E-03
  4.3206522E-03
 -2.5920279E-03
  5.3474954E-03
 -2.0390030E-03
  4.6553630E-03
 -2.0978234E-03
  6.6834991E-03
 -3.5609002E-03
  8.2036657E-03
 -7.6971939E-03
  8.6667649E-02
 -1.0509726E-03
  0.4892469    
 -4.1823406E-03
  9.4537335E-03
 -1.5556447E-03
  5.1473738E-03
 -3.3201317E-03
  8.1394520E-03
 -3.2999418E-03
  5.2245413E-03
 -3.4132907E-03
  4.7943569E-03
 -1.2951795E-03
  2.1235291E-03
 -1.1259045E-03
  2.6651479E-03
 -7.1258575E-04
  8.9751405E-04
