  2.1671730E-03
 -1.2041095E-03
  2.5008982E-03
 -1.3479008E-03
  4.6159057E-03
 -2.1960381E-03
  2.6977535E-03
 -1.2648214E-03
  3.2505060E-03
 -2.3722306E-03
  4.1387081E-03
 -2.1495332E-03
  1.5972033E-02
 -4.4621998E-03
  3.2913543E-02
 -2.3961202E-03
  2.9556144E-03
 -1.6180028E-03
  4.7013238E-03
 -3.3150986E-03
  0.1954292    
 -1.3697649E-03
  4.3126002E-02
 -1.1993448E-03
  1.2108993E-02
 -3.1267223E-03
  5.4064142E-03
 -3.4230775E-03
  4.6287086E-03
 -3.1586636E-03
  3.7344645E-03
 -3.6506793E-03
  4.7373907E-03
