  1.5287746E-03
 -1.3212392E-03
  2.4452333E-03
 -1.7932642E-03
  2.4968872E-03
 -9.8746573E-04
  4.0501002E-03
 -1.6617860E-03
  6.0960231E-03
 -2.6663768E-03
  4.7924994E-03
 -2.1139139E-03
  3.4968110E-03
 -1.3054929E-03
 -1.9272245E-02
  8.7556681E-03
 -1.1939887E-03
  8.7118717E-03
 -1.4481500E-03
  0.2421555    
 -1.1611747E-03
  0.2026719    
 -1.7931596E-03
  5.6029961E-02
 -7.1507759E-02
  8.5445479E-02
 -1.6415386E-03
  1.1997867E-02
 -2.2961095E-03
  6.0477466E-03
 -4.5503681E-03
  4.9217595E-03
 -2.0996858E-03
  3.3311157E-03
 -2.3201776E-03
  3.6473782E-03
 -2.4281831E-03
  3.9968621E-03
