  4.9603931E-03
 -6.5919599E-03
  6.0182940E-03
 -1.0711549E-02
  1.5065158E-03
  3.9525703E-03
 -1.5473274E-03
  3.7647975E-03
 -5.6557526E-04
  4.6582152E-03
 -2.9336815E-03
  1.6941441E-02
 -2.0894654E-02
  0.1326511    
  0.1326511    
 -4.7555692E-03
  3.1184359E-03
 -1.6248525E-03
  0.2662809    
 -1.3190326E-03
  2.1915932E-03
 -2.5238600E-03
  4.0766764E-02
 -4.5298110E-03
  1.1682579E-02
 -1.3693511E-03
  6.1905300E-03
 -6.5522944E-03
  5.5223126E-03
 -5.7159164E-03
  2.5247479E-02
 -1.1690386E-03
  2.1953937E-03
 -1.5498572E-03
  2.4232061E-03
 -5.5458667E-03
  3.6984733E-03
 -1.0710731E-03
  1.9361096E-03
