  2.8003964E-03
 -2.4064844E-03
  2.7554436E-03
 -1.4836779E-03
  3.4059382E-03
 -2.8094337E-03
  4.4634114E-03
 -3.7319518E-03
  3.1683142E-03
 -1.4326057E-03
  3.4986136E-03
 -1.2981406E-03
  5.7846159E-03
 -3.2175835E-03
  3.5861689E-03
 -1.4372061E-03
  5.7197693E-03
 -2.4803751E-03
  1.2867796E-02
 -6.9637834E-03
  5.1622663E-02
 -2.8220443E-02
  2.8893702E-02
 -8.4019648E-03
   1.466848    
   1.539920    
   1.362778    
 -3.9689499E-03
  3.8128037E-02
 -3.6472757E-03
  6.7022340E-03
 -1.2498016E-02
  4.0891405E-02
 -2.8847244E-03
  8.6082751E-03
 -4.1762465E-03
  9.6881390E-03
 -2.6533017E-03
  3.6369544E-03
 -7.0092096E-03
  5.3192270E-03
 -2.7069428E-03
  3.1303726E-03
 -1.4073356E-03
  2.2597380E-03
