  1.9720125E-03
 -1.2865259E-03
  1.7775842E-03
 -1.1506659E-03
  2.6710366E-03
 -8.8341621E-04
  3.0181429E-03
 -2.0664555E-03
  4.5020822E-03
 -4.3588239E-03
  2.6724603E-02
 -9.2893923E-03
  5.2924068E-03
 -3.3296752E-03
  1.0873028E-02
 -1.5114357E-03
  0.1977645    
 -3.1068195E-03
  0.3791459    
  0.3949379    
 -3.4140616E-03
  1.0328359E-02
 -2.9871557E-03
  7.5115166E-03
 -1.3990360E-03
  3.2062591E-03
 -2.1695651E-03
  3.5761665E-03
 -2.5054226E-03
  3.1776819E-03
 -6.6210181E-03
  4.6250122E-03
 -3.5099175E-03
  2.4285428E-03
 -7.2870014E-04
  1.3981235E-03
