  4.6947277E-03
 -2.9250162E-03
  2.9064817E-03
 -2.2004826E-03
  1.6281910E-03
 -7.0194155E-04
  3.9535249E-03
 -2.9337758E-03
  4.1551981E-03
 -3.3123882E-03
  3.3091891E-03
 -1.8307962E-03
  4.9684923E-03
 -1.3421156E-03
  8.6532030E-03
 -1.1502749E-03
  9.1054747E-03
 -1.3681736E-03
  0.8341191    
 -4.0365816E-03
  6.9173062E-03
 -3.1728770E-03
  9.1496678E-03
 -3.1417836E-03
  7.6842909E-03
 -3.4282119E-03
  3.9253379E-03
 -3.4512335E-03
  4.0664347E-03
 -4.6011149E-03
  6.8391142E-03
 -1.4965460E-03
  4.0238937E-03
 -3.5502517E-03
  5.3631095E-03
 -1.3066666E-03
  2.5393085E-03
 -2.9948198E-03
  3.6299457E-03
 -3.4900592E-03
  2.8226599E-03
 -1.5841204E-03
  3.0326094E-03
 -9.3472656E-04
  1.2091659E-03
 -1.3079968E-03
  3.0969442E-03
