  2.1498429E-03
 -1.1898426E-03
  2.4703413E-03
 -1.3700660E-03
  3.0630347E-03
 -1.4051661E-03
  3.6465190E-03
 -1.6113138E-03
  7.4230735E-03
 -4.7508525E-03
  3.2349448E-03
 -6.5052011E-03
  1.0821786E-02
 -3.0306638E-03
  3.2118313E-02
 -3.1767378E-03
  1.0042225E-02
 -2.3723254E-03
  3.2010102E-03
 -2.4092700E-03
  3.4548197E-02
 -4.5043905E-03
  0.7972625    
  0.7968096    
 -5.5502933E-03
  1.8200886E-02
 -3.6246374E-03
  3.6222464E-03
 -3.4503238E-03
  5.5670650E-03
 -1.2914324E-03
  4.2340280E-03
 -4.0320633E-03
  5.3515183E-03
 -7.5132595E-03
  4.6897465E-03
 -2.5620481E-03
  4.0080785E-03
 -4.9858857E-03
  5.4014134E-03
 -9.4305519E-03
  9.1699781E-03
