  1.7901816E-03
 -1.5779249E-03
  2.4908902E-03
 -1.7045686E-03
  6.1550620E-03
 -2.6390171E-03
  4.3664481E-03
 -4.2282818E-03
  4.5297383E-03
 -2.7597861E-03
  3.5510459E-03
 -2.3057025E-03
  3.9513451E-03
 -2.3745189E-03
  4.7641415E-03
 -3.0516991E-03
  1.8543040E-02
 -8.9967595E-03
  1.8932175E-02
 -3.7649067E-03
  0.6105752    
  0.6371130    
 -2.7555639E-03
  3.0074524E-02
 -2.3318396E-03
  2.4442988E-02
 -1.1805855E-02
 -1.1805855E-02
  2.1549756E-02
 -3.2800590E-03
  7.5769350E-03
 -1.4095131E-03
  2.8270239E-03
 -1.7455622E-03
  4.2773196E-03
 -2.7408388E-03
  4.0747463E-03
 -3.1599523E-03
  4.1172616E-03
 -4.6885321E-03
  3.3298568E-03
