  5.8021187E-03
 -6.9258912E-03
  1.9183811E-03
 -1.0092453E-03
  2.3306005E-03
 -1.1699848E-03
  4.8130481E-03
 -1.9552498E-03
  4.9346155E-03
 -3.1088027E-03
  4.7897189E-03
 -2.6407440E-03
  4.2713839E-03
 -1.3322647E-03
  4.2950744E-03
 -1.7115567E-03
  2.0902886E-03
 -1.3066332E-03
  5.7747909E-03
 -2.4891677E-03
  1.2046988E-02
 -4.3748622E-03
  1.4464783E-02
 -1.4328712E-03
  1.6074596E-02
 -1.0298034E-03
  0.4075875    
 -0.3459550    
  0.1851974    
  0.1851974    
 -5.1570535E-03
  2.7603451E-02
 -2.4550688E-03
  5.9273322E-03
 -6.7390702E-03
  1.0585620E-02
 -2.3511231E-03
  4.9186163E-03
 -1.6175542E-03
  4.1221716E-03
 -2.0433478E-03
  3.5368490E-03
 -7.2178058E-03
  6.0343910E-03
 -5.1966896E-03
  4.8095831E-03
 -1.1229542E-03
  2.3767226E-03
