  4.1152281E-03
 -1.9568480E-03
  2.6240507E-03
 -1.4729362E-03
  2.5543079E-03
 -1.9067890E-03
  3.8996108E-03
 -2.7390150E-03
  4.1031730E-03
 -2.2415377E-03
  4.5740432E-03
 -2.9194853E-03
  1.0019049E-02
 -1.4348830E-03
  7.4522444E-03
 -1.7326345E-03
  2.7244007E-03
 -2.8772289E-03
  1.4623192E-02
 -3.8790742E-03
  0.3411261    
 -2.3157334E-02
  0.2980480    
 -6.3930475E-03
  1.4889942E-02
 -3.0952734E-03
  6.3859359E-03
 -3.0013791E-03
  6.4152661E-03
 -2.0080772E-03
  4.9695247E-03
 -3.8429277E-03
  5.2927216E-03
 -3.0503517E-03
  4.3165032E-03
 -2.9445679E-03
  4.4079814E-03
