  2.2387749E-03
 -9.7200731E-03
  4.1670143E-03
 -6.1965496E-03
  2.4737443E-03
 -1.3011568E-03
  3.2351767E-03
 -2.3134158E-03
  5.6577623E-03
 -4.5443401E-03
  3.6008386E-03
 -8.9940656E-04
  9.5460834E-03
 -3.0156719E-03
  1.4099440E-02
 -4.1914950E-03
  0.4354604    
  0.4162707    
 -5.1611927E-03
  0.2375663    
 -1.1248884E-02
  1.8602960E-02
 -7.5338436E-03
  2.3207193E-02
 -3.8502319E-03
  1.3690297E-02
 -3.4166474E-03
  6.2749330E-03
 -1.1658169E-03
  8.2261954E-03
 -3.5503162E-03
  5.4603894E-03
 -1.1682156E-03
  3.2760242E-03
 -1.9344151E-03
  3.3106429E-03
 -5.1576314E-03
  5.6283334E-03
 -1.6973320E-03
  2.9136254E-03
 -7.0405513E-04
  1.5866426E-03
 -1.0988539E-03
  2.4922416E-03
