  2.5212513E-03
 -1.8084124E-03
  4.3427320E-03
 -1.0949939E-02
  4.0036850E-03
 -4.2990712E-03
  3.0787848E-03
 -9.6640876E-04
  3.6994587E-03
 -2.4273586E-03
  7.1130497E-03
 -3.3017825E-03
  4.2361910E-03
 -3.5809076E-03
  4.8403013E-03
 -4.1811364E-03
  4.3505356E-03
 -2.8855861E-03
  4.8951050E-03
 -2.6717423E-03
  7.1367589E-03
 -1.2707821E-03
  1.5928602E-02
 -3.0642992E-03
  6.5777011E-02
 -2.2665497E-03
  0.4340017    
 -1.7641302E-03
  0.1182986    
 -2.3057414E-03
  2.4413761E-02
 -5.0510220E-02
  0.1419708    
 -1.7974767E-03
  4.5382525E-03
 -5.8825975E-03
  6.3915760E-03
 -4.6124049E-03
  4.1561900E-03
 -6.6649634E-03
  7.7765309E-03
 -2.8650691E-03
  4.5141280E-03
 -1.2040450E-03
  3.0662513E-03
 -3.1259991E-03
  4.0658941E-03
 -1.0523302E-03
  2.0821388E-03
 -1.9454218E-03
  4.7549140E-03
