  3.0451990E-03
 -1.4396247E-03
  3.2142506E-03
 -1.9364672E-03
  3.5250320E-03
 -2.3799245E-03
  8.6689116E-03
 -8.1642251E-03
  4.9535739E-03
 -3.1713881E-03
  2.5591298E-03
 -1.0671346E-03
  4.3167532E-03
 -1.1336437E-03
  6.0403356E-03
 -3.4764039E-03
  2.0918772E-02
 -5.7682665E-03
  1.2513136E-02
 -3.3783223E-03
  0.1097254    
 -2.5568069E-03
  0.4835547    
 -8.4576168E-04
  0.2110905    
  0.2110905    
 -1.2268858E-03
  5.7751145E-02
  5.7751145E-02
 -3.1874394E-03
  3.6271859E-02
  3.6271859E-02
 -1.2535577E-02
  1.1004525E-02
 -1.4168206E-03
  2.5002721E-03
 -2.5966831E-03
  3.9441865E-03
 -1.0475607E-03
  2.6186695E-03
 -1.8316050E-03
  3.4863611E-03
 -2.9375253E-03
  2.8140342E-03
 -4.2081815E-03
  8.8937525E-03
