  1.7896043E-03
 -1.4776388E-03
  3.4067652E-03
 -2.5168238E-03
  3.1295724E-03
 -3.2521200E-03
  3.0823620E-03
 -1.2421841E-03
  3.2157023E-03
 -2.1396575E-03
  5.5273427E-03
 -3.5072546E-03
  1.1193490E-02
 -4.6562809E-03
  7.0633627E-03
 -3.5871956E-03
  1.1243543E-02
 -5.4001315E-03
  0.1064401    
 -3.9383103E-03
  0.3901783    
 -2.6290133E-03
  6.2230323E-02
  6.2230323E-02
 -4.9405769E-03
  3.5807677E-02
 -1.3234137E-03
  1.2380616E-02
 -1.1711597E-02
 -3.3115447E-03
  5.1917108E-03
 -1.8194538E-03
  4.6813567E-03
 -2.6528274E-03
  4.0806723E-03
 -3.9800997E-03
  4.1671032E-03
 -9.6948212E-04
  2.2427773E-03
