  1.1155534E-03
 -8.0563378E-04
  4.1474788E-03
 -1.2929962E-03
  4.5314110E-03
 -5.2423733E-03
  4.1022948E-03
 -2.7980453E-03
  3.3771945E-03
 -2.8681264E-03
  1.0008136E-02
 -1.2229457E-02
  4.0058787E-03
 -1.1524634E-03
  5.0579016E-03
 -1.2288933E-03
  0.2869553    
 -0.1175407    
  0.2055760    
  0.2055760    
 -5.0846804E-03
  0.1551809    
 -2.6668557E-03
  1.4056955E-02
 -3.2601028E-03
  8.6849993E-03
 -1.4225557E-03
  5.6733224E-03
 -7.8068831E-04
  4.0622344E-03
 -9.5468189E-04
  3.0004764E-03
 -5.3675794E-03
  9.4909398E-03
 -3.9819144E-03
  4.5992425E-03
 -1.4549154E-03
  1.7636163E-03
 -1.3336036E-03
