  3.3495994E-03
 -2.8228359E-03
  6.8173609E-03
 -3.3534931E-03
  4.3797158E-03
 -1.9637991E-03
  3.1516431E-03
 -1.6800697E-03
  6.9700377E-03
 -3.1664136E-03
  2.3173319E-02
 -1.0745044E-02
  2.8194804E-02
 -7.3757810E-03
  1.3105700E-02
 -1.9263654E-03
  6.1949849E-02
 -4.5109978E-03
   2.327826    
  0.1328258    
 -0.2056205    
  0.1374373    
  0.1374373    
 -1.2195557E-02
  1.8331379E-02
 -3.1145068E-03
  6.3751196E-03
 -3.5871926E-03
  5.1266262E-03
 -2.8301012E-03
  9.1346325E-03
 -6.5250671E-03
  1.8948400E-02
 -3.5460223E-03
  5.5987216E-03
 -7.5365882E-03
  9.6650282E-03
 -2.0542964E-02
  1.9354807E-02
 -1.6543039E-03
  3.0683798E-03
 -3.5368793E-03
  4.3591475E-03
 -5.1504518E-03
  5.5185719E-03
 -7.4157892E-03
  1.1884607E-02
 -1.9385797E-03
  3.5225106E-03
 -1.5601373E-03
  2.4538524E-03
