  9.8941261E-03
 -2.2535026E-03
  5.2481331E-03
 -3.5844708E-03
  9.1045890E-03
  9.1045890E-03
 -5.4975329E-03
  2.5802609E-03
 -9.5834513E-04
  4.3446301E-03
 -2.0657468E-03
  4.0513393E-03
 -2.9857818E-03
  4.0968717E-03
 -1.1484862E-03
  4.5507420E-03
 -2.5478022E-03
  2.2918532E-02
 -1.7773766E-02
  7.2132517E-03
 -1.8194271E-03
  1.1476958E-02
  1.1476958E-02
 -1.3835669E-03
  0.4757349    
 -2.3776547E-03
  0.2036927    
 -6.6790157E-03
  9.3741138E-03
 -3.5531037E-03
  1.2720053E-02
 -3.6831417E-03
  1.5006467E-02
 -3.1012471E-03
  6.3810241E-03
 -1.7258218E-03
  4.2551984E-03
 -2.2253310E-03
  3.2098426E-03
 -3.7490271E-03
  8.7212948E-03
 -2.1929683E-03
  3.5286907E-03
 -1.4147183E-03
  1.5254385E-03
