  5.5658831E-03
 -6.8344804E-03
  2.3166509E-03
 -1.2604829E-03
  1.2406152E-03
 -7.8404706E-04
  4.1221851E-03
 -2.7300844E-03
  3.1690451E-03
 -6.5636437E-04
  1.7888639E-02
 -1.4854380E-03
  0.1168700    
  0.1168700    
 -3.7972757E-03
  4.1646250E-03
 -2.9513575E-03
  1.4035040E-02
 -2.9871254E-03
  0.5712239    
  0.5937630    
 -8.2565332E-03
  2.5372440E-02
 -1.1789215E-03
  3.7122466E-02
 -3.2377806E-03
  8.3294017E-03
 -3.0604207E-03
  4.7951862E-03
 -8.8772904E-03
  8.5635288E-03
 -3.7505790E-03
  6.2856260E-03
 -1.8507056E-02
 -1.8507056E-02
  6.1498038E-03
 -3.6524013E-03
  4.3358849E-03
 -6.6898332E-04
  1.5833755E-03
