  7.0359143E-03
 -8.7160617E-03
  1.7331897E-03
  5.1235221E-03
  5.1235221E-03
 -2.0544324E-03
  3.2133190E-03
 -2.5069267E-03
  3.8051542E-03
 -3.0222938E-03
  5.1043425E-03
 -1.3433375E-03
  2.5755370E-03
 -1.0590580E-03
  1.0387134E-02
 -1.8360138E-02
  6.6500506E-03
 -4.1004200E-03
  2.4903025E-02
 -7.0838337E-03
  4.4988394E-03
 -2.5510681E-03
  6.3984604E-03
 -4.9924674E-03
  0.1004217    
 -2.4254123E-02
   1.036442    
  0.9504859    
 -1.6237505E-03
  2.0398382E-02
 -5.9875161E-03
  1.3119164E-02
 -2.8283366E-03
  5.7897149E-03
 -1.8748620E-03
  5.0078123E-03
 -3.4583204E-03
  3.6031345E-03
 -3.2108466E-03
  4.9471557E-03
 -4.9843630E-03
  7.5806859E-03
 -3.9642709E-03
  4.6270462E-03
 -1.9037526E-03
  3.0030713E-03
