  2.7533923E-03
 -1.9436639E-03
  2.6016028E-03
 -2.1057697E-03
  4.4558984E-03
 -3.4922406E-03
  7.6257074E-03
 -6.9589387E-03
  2.5375797E-03
 -1.6225426E-03
  3.4792786E-03
 -3.4155219E-03
  6.2075043E-03
 -2.3947125E-03
  5.7157688E-03
 -3.5263042E-03
  4.3408293E-03
 -1.6970220E-03
  1.1998253E-02
 -2.1527915E-03
  3.8362353E-03
 -1.2240120E-03
  7.8603821E-03
 -3.7730217E-03
  5.9114001E-03
 -3.7569159E-03
  8.9396015E-03
 -4.0667276E-03
  0.7750936    
  0.7854078    
 -3.4864114E-03
  6.2216144E-02
 -3.7732336E-03
  2.2652643E-02
 -3.2516632E-03
  1.3233137E-02
 -4.5065381E-04
  4.8287981E-03
 -1.7908985E-03
  7.2244890E-03
 -1.1489107E-03
  1.7736807E-03
 -1.9170806E-03
  3.0376941E-03
 -5.1066526E-03
  4.6296935E-03
 -2.9725675E-04
