  4.7981814E-03
  2.4949429E-03
 -1.6755331E-03
  2.5635136E-03
 -1.0479155E-03
  4.0126992E-03
 -1.5512166E-03
  3.3428492E-03
 -1.2585712E-03
  6.9472650E-03
 -4.2905281E-03
  9.0220356E-03
 -1.4770995E-03
  1.2952905E-02
 -3.9843312E-03
  1.1539523E-02
 -8.1151091E-03
  0.2261110    
 -1.8895847E-03
  0.4707572    
 -3.9395601E-02
  0.1165515    
 -2.2397542E-03
  1.7944822E-02
 -9.2896126E-04
  1.1842514E-02
 -1.1999372E-03
  5.0538173E-03
 -3.2699776E-03
  2.6349681E-03
 -3.1114523E-03
  3.6331767E-03
 -1.1554733E-03
  2.4615272E-03
 -2.6064899E-03
  4.6198647E-03
 -3.2979783E-03
  4.4229846E-03
 -1.1487689E-03
  2.4922406E-03
 -1.0249675E-03
  1.4575322E-03
 -7.6448201E-04
  1.2612704E-03
