  1.3564267E-03
 -8.2574185E-04
  1.8034772E-03
 -1.1581660E-03
  2.4589272E-03
  3.1329284E-03
 -1.5238513E-03
  3.1233558E-03
 -1.2659230E-03
  2.9825033E-03
 -1.1602631E-03
  4.4887969E-03
 -1.0544580E-03
  2.1306258E-02
 -1.0295260E-02
  7.1065277E-02
 -3.5229407E-02
  0.3204454    
 -5.0837020E-03
  4.4788156E-02
 -3.8158589E-03
  1.4452029E-02
 -9.4344135E-04
  4.5694499E-03
 -1.4668921E-03
  3.8096409E-03
 -3.1350648E-03
  3.8611833E-03
 -1.5394249E-03
  2.0948818E-03
 -7.7298135E-03
 -3.9476776E-03
  8.6122435E-03
 -1.5191548E-03
  2.6211380E-03
