  2.4679767E-03
 -2.5321995E-03
  7.1722614E-03
 -4.2248061E-03
  3.7793245E-03
 -2.7513439E-03
 -1.4420308E-02
  5.3936006E-03
 -4.6598595E-03
  2.7572734E-03
 -2.8464489E-03
  3.5108540E-03
 -9.7639306E-04
  3.6829216E-03
 -1.5306382E-03
  4.6128035E-03
 -2.1852534E-03
  7.2509823E-03
 -3.1418272E-03
  2.8395344E-02
 -1.6850142E-02
  2.5258381E-02
 -3.9143320E-03
  5.8168350E-03
 -7.9443585E-03
  0.7334422    
 -3.9476170E-03
  3.3187959E-02
 -4.5841988E-03
  1.5344272E-02
 -1.1018999E-03
  4.1730385E-03
 -1.8588279E-03
  2.0599177E-03
 -1.4344358E-03
  2.7461071E-03
 -3.9216247E-03
  5.9463042E-03
 -2.6437044E-03
  3.2793409E-03
 -1.1926176E-03
  1.6951009E-03
