  3.1460850E-03
 -3.1734079E-03
  2.9084310E-03
 -1.9387256E-03
  3.8932103E-03
 -4.1694534E-03
  4.1855047E-03
 -2.8390046E-03
  6.1193905E-03
 -3.9342623E-03
  4.5887148E-03
 -2.9199098E-03
  8.2915481E-03
 -2.1017112E-03
  8.6000729E-03
 -9.9600479E-04
  9.6932286E-03
  9.6932286E-03
 -2.4442831E-03
  5.3796838E-03
 -3.2313417E-03
  1.5223370E-02
 -6.5774159E-03
  7.9225656E-03
 -3.1542801E-03
  2.6975907E-03
 -1.1011759E-03
  0.6322964    
   1.051807    
 -7.3313698E-02
  7.0921801E-02
 -3.4755487E-03
  1.5356927E-02
 -3.4043035E-03
  6.4118067E-03
 -3.4224885E-03
  5.1227631E-03
 -1.2079475E-03
  3.7733833E-03
 -1.7982769E-03
  3.3369751E-03
 -1.9976296E-03
  2.3316680E-03
 -9.7582303E-03
