  2.3227679E-03
 -1.2913843E-03
  4.4141877E-03
 -3.0880906E-03
  2.6337076E-03
 -1.0816235E-03
  2.9823068E-03
 -1.5346623E-03
  3.7105472E-03
 -2.6796814E-03
  6.1038593E-03
 -2.6236312E-03
  1.1868792E-02
 -2.4029494E-03
  5.1962286E-03
 -2.9101616E-03
  9.1756269E-02
 -1.6584420E-03
  0.4392729    
  0.4392729    
 -8.3155493E-04
  0.2578492    
  0.2578492    
 -4.1756458E-03
  9.2880456E-03
 -2.4091681E-03
  3.9081927E-03
 -1.8189311E-03
  4.6011847E-03
 -1.9763380E-03
  3.3614631E-03
 -7.5683100E-03
  7.2979042E-03
 -8.4688822E-03
  4.7844681E-03
