  2.0694749E-03
 -1.1595259E-03
  2.9809165E-03
 -1.8031645E-03
  3.4184686E-03
 -3.2449064E-03
  4.4016200E-03
 -3.7901462E-03
  4.5617083E-03
 -3.2465318E-03
  3.6478408E-03
 -2.5200618E-03
  8.7832445E-03
 -2.2695411E-03
  9.9222939E-03
 -1.4979322E-03
  0.3487813    
 -1.3471849E-03
  0.1900630    
 -0.1672648    
 -0.1955738    
  0.2778692    
 -2.6473287E-03
  1.0624914E-02
 -3.0023493E-03
  1.1155929E-02
 -5.6844121E-03
  1.6595762E-02
 -3.4123580E-03
  6.6368524E-03
 -1.7336907E-02
  1.6453367E-02
 -1.7773118E-03
  2.9800101E-03
 -2.8606148E-03
  4.4423728E-03
 -4.9985112E-03
  8.2365097E-03
 -3.6769162E-03
  4.7572190E-03
 -1.6493743E-03
  3.3394168E-03
 -2.2844421E-03
  3.2311464E-03
