  4.5237299E-03
 -2.8529537E-03
  1.1834559E-02
 -5.7645161E-03
  3.0390311E-03
 -7.4604811E-04
  4.4440189E-03
 -2.8555375E-03
  3.1544161E-03
 -9.5427979E-04
  5.2150697E-03
 -1.8331746E-03
  2.0674234E-02
 -6.5735430E-02
  5.5078063E-03
 -3.3963374E-03
  6.1009577E-03
 -3.0952313E-03
  2.4751038E-03
 -1.7939640E-03
  8.9679714E-03
 -4.9375272E-03
  0.3967166    
  0.3967166    
 -8.2930587E-03
  0.3028277    
  0.3333333    
 -8.3781118E-03
  1.0993140E-02
 -2.4990833E-03
  9.6357195E-03
 -1.2934376E-03
  4.7237580E-03
 -7.0749377E-03
  1.5062534E-02
 -1.5008204E-03
  6.6701788E-03
 -3.0158293E-03
  4.9024657E-03
 -4.5068637E-03
  9.2977537E-03
 -3.3880358E-03
  4.6153059E-03
 -1.5962874E-03
  2.3261430E-03
 -7.2030248E-03
  6.9243461E-03
 -2.4887274E-03
  3.3948510E-03
 -4.7564637E-03
  2.9391565E-03
