  3.7073053E-03
 -2.6978110E-03
  1.3041477E-02
  4.4374485E-03
 -3.7522796E-03
  3.3027902E-03
 -2.4804564E-03
  3.8363268E-03
 -1.9128030E-03
  9.0300217E-03
 -5.9686094E-03
  6.3804048E-03
 -1.4948524E-03
  5.9393346E-03
 -3.0652531E-03
  6.7009963E-03
 -2.0364099E-03
  6.1779320E-03
 -1.4847465E-02
  1.4621992E-02
 -2.4528650E-03
  0.8901725    
  0.8984180    
 -4.8641865E-03
  9.9967290E-03
 -3.2519267E-03
  1.8369731E-02
 -4.2887493E-03
  6.0408390E-03
 -1.6483720E-03
  3.1693496E-03
 -1.3832978E-03
  3.0180849E-03
 -1.3082383E-03
  2.5346112E-03
 -1.5129700E-03
  2.2133559E-03
 -6.9672853E-04
  1.9763676E-03
 -1.3206564E-03
  1.9216361E-03
 -3.4434057E-03
  2.6498034E-03
