  1.3495784E-03
 -4.7810006E-04
  1.8900572E-03
 -6.6070823E-04
  3.8401480E-03
 -2.7815900E-03
  4.7391704E-03
 -3.3166555E-03
  7.1459166E-03
 -3.2488599E-03
  3.2210499E-03
 -2.9024552E-03
  2.8511291E-02
  1.4310445E-02
 -2.6142390E-03
  1.5987214E-02
 -7.4075679E-03
  6.3468084E-02
 -8.5511124E-03
  0.6164401    
  0.6494886    
 -1.4867405E-02
  1.4361498E-02
 -1.3015488E-02
  1.8685428E-02
 -1.9750944E-03
  4.1841496E-02
 -8.5171331E-03
  1.9527916E-02
 -4.0919613E-03
  1.0904043E-02
 -6.8848897E-03
  9.7202603E-03
 -3.0501382E-03
  6.5927240E-03
 -1.4884120E-03
  3.5840678E-03
 -6.5171663E-03
  5.9681572E-03
 -2.2217860E-03
  3.3886041E-03
 -1.8163926E-03
  3.0164367E-03
 -2.9012670E-03
  3.5720419E-03
 -2.9960354E-03
  8.6898040E-03
 -2.5759256E-03
  3.6534078E-03
