  2.8902816E-03
 -3.0495680E-03
  1.3029557E-02
  3.0529834E-03
 -2.6623784E-03
  3.8735883E-03
 -1.5375492E-03
  3.4194556E-03
 -1.8159900E-03
  6.4556599E-03
 -1.3540572E-03
  4.5365449E-03
 -2.6670902E-03
  8.8559650E-03
 -2.3962366E-03
  2.5359765E-03
 -9.1209053E-04
  9.7554000E-03
 -2.9845263E-03
  4.2721312E-03
 -2.1255175E-03
  0.9977690    
  0.9453035    
 -1.3232812E-03
  4.9619735E-03
 -2.4307452E-03
  9.5657799E-03
 -1.4750006E-03
  3.7385190E-03
 -1.3439714E-03
  3.6261939E-03
 -1.4828244E-03
  2.8540809E-03
 -2.7730556E-03
  3.1170759E-03
 -4.0756464E-03
  2.7013151E-03
 -1.9424732E-03
  3.8652341E-03
