  2.4324311E-03
 -1.3600636E-03
  4.8102075E-03
  4.8102075E-03
 -8.0701411E-03
  5.4610274E-03
 -1.7017274E-03
  3.5172098E-03
 -2.1502599E-03
  4.4921776E-03
 -2.0473693E-03
  4.9253814E-03
 -2.5429779E-03
  3.3843210E-03
 -3.5278683E-03
  1.5084889E-02
 -6.5543028E-03
  6.7530707E-03
  6.7530707E-03
 -3.4410392E-03
  1.5226766E-02
 -7.3924740E-03
  6.4929118E-03
 -2.1635829E-03
  6.5166792E-03
 -3.1131953E-03
  0.1163979    
 -4.0763277E-03
  1.9870859E-02
 -2.9661169E-02
  2.7148841E-02
 -4.3744748E-03
  1.9194901E-03
 -1.5610161E-03
  1.3913753E-02
 -3.3391023E-03
  1.0721306E-02
 -3.8822804E-02
  8.9475289E-02
 -2.9727582E-02
  3.6689028E-02
 -3.3415868E-03
  4.6944562E-03
 -4.0191337E-03
  7.4418904E-03
 -1.9985030E-03
  3.1865824E-03
 -2.1381017E-03
  4.3710899E-03
 -7.6197558E-03
  4.4236653E-03
 -1.7555809E-03
  2.8876122E-03
 -1.7248959E-03
  2.9588910E-03
