  1.9571332E-03
 -9.9396054E-04
  3.7890875E-03
 -1.0618221E-02
  3.5354521E-03
 -1.9918876E-03
  2.4961228E-03
 -1.7881073E-03
  3.7250570E-03
 -2.4433660E-03
  3.5704323E-03
 -9.7402197E-04
  5.0940951E-03
 -2.0282690E-03
  4.7319559E-03
 -2.7966872E-03
  6.3517387E-03
 -5.0533805E-03
  2.3272594E-02
 -9.9816015E-03
  9.3378369E-03
 -3.8553234E-03
  2.6345665E-02
 -4.0035462E-03
  0.1917423    
 -2.1257361E-03
  0.4939998    
  0.4939998    
 -1.3290006E-03
  1.2867616E-02
 -1.5236094E-03
  1.9441900E-03
 -2.0285202E-03
  3.6379283E-03
 -1.2422963E-03
  5.0265007E-03
 -3.1526876E-03
  4.0104757E-03
 -1.8355250E-03
  7.9487525E-03
 -2.6980916E-02
  7.3169614E-03
 -9.4136212E-04
  2.8772035E-03
 -1.6361552E-03
  3.8243793E-03
