  5.4048742E-03
 -7.7600451E-03
  3.2500315E-03
 -1.2649433E-03
  2.7214047E-03
 -2.0321331E-03
  5.6659575E-03
 -5.3302031E-03
  4.2380621E-03
 -3.8701203E-03
  4.8106308E-03
 -3.0248158E-03
  1.4843323E-02
 -8.9252833E-03
  3.7077009E-03
 -2.6997046E-03
  2.6776666E-02
 -1.6310474E-02
  1.1740948E-02
 -3.7420404E-03
  3.6704894E-02
 -3.4730083E-03
  0.1374197    
 -3.1390123E-03
  2.1727512E-02
 -4.3019559E-03
  2.6546722E-02
 -3.3031644E-03
  1.1559556E-02
 -1.1870874E-03
  8.5665463E-03
 -1.2921201E-03
  3.0241695E-03
 -2.0240545E-03
  5.2363924E-03
 -2.7225064E-03
  3.8429007E-03
 -2.4994845E-03
  2.1579848E-03
 -5.4494096E-03
  5.4356949E-03
 -7.2140112E-03
  5.4360232E-03
