  5.2804123E-03
 -2.8317252E-03
  2.1291510E-03
 -1.9334288E-03
  3.1039109E-03
 -1.4212984E-03
  4.6098535E-03
 -3.5917349E-03
  3.5970921E-03
 -2.8378896E-03
  2.0351317E-03
 -6.7575637E-04
  3.6817051E-03
 -2.5930631E-03
  4.2149816E-03
 -3.4273798E-03
  7.4329041E-03
 -2.1681066E-03
  1.0881621E-02
 -3.1755506E-03
  6.6982149E-03
 -9.6598628E-04
  2.4038829E-02
 -1.7981317E-03
  8.2477547E-02
 -9.9154189E-03
  0.7408912    
  0.7277573    
 -3.7736185E-02
  9.1703892E-02
 -4.2323582E-03
  1.3747861E-02
 -4.1686767E-03
  4.4761063E-03
 -2.7739776E-03
  4.9660010E-03
