  3.0669668E-03
 -2.2611097E-03
  4.2410614E-03
 -5.6419978E-03
  4.5938143E-03
 -3.5573929E-03
  2.6901141E-03
 -2.3709850E-03
  3.0379356E-03
 -1.2511852E-03
  4.4954214E-03
 -2.6096187E-03
  5.4962295E-03
 -3.4097417E-03
  1.2506145E-02
 -8.4259724E-03
   1.224939    
   1.280851    
 -1.3083795E-02
  1.7676277E-02
 -2.8226685E-03
  7.7763908E-03
 -3.6891198E-03
  3.5038223E-03
 -1.2527572E-03
  1.8372412E-03
 -2.9051211E-03
  4.5298319E-03
 -2.1125094E-03
  3.7700140E-03
 -1.3299889E-03
  3.3428464E-03
 -4.2354595E-03
 -8.1078534E-04
  2.1209985E-03
