  2.3115815E-03
 -1.2711298E-03
  3.2700701E-03
 -2.3343260E-03
  3.3685137E-03
 -1.0383879E-03
  4.9536917E-03
 -4.3799100E-03
  5.0805523E-03
 -3.2051781E-03
  4.8280279E-03
 -1.4052336E-03
  6.3338727E-03
 -1.6570411E-03
  7.1050720E-03
 -3.2563268E-03
  2.0938395E-02
 -3.6934840E-03
  0.1544437    
  0.1544437    
 -7.0285737E-03
  0.4858284    
  0.6969245    
 -0.5994877    
  0.3798924    
 -0.1991153    
   3.300801    
  0.2500381    
 -4.0645446E-03
  4.0670022E-02
 -2.4199900E-03
  8.7277899E-03
 -4.3226355E-03
  1.4243538E-02
 -3.2763176E-03
  7.7377725E-03
 -1.3794450E-02
  1.7932979E-02
 -3.4880710E-03
  5.5591012E-03
 -1.7312943E-03
  2.5034491E-03
 -8.7113259E-03
  1.1085498E-02
 -4.0442739E-03
  7.6740906E-03
 -3.3043742E-03
  4.9573253E-03
 -5.1016021E-03
  3.2599694E-03
