  3.2805109E-03
 -1.5901319E-03
  2.5992419E-03
 -1.0072365E-03
  4.0914696E-03
 -3.2082712E-03
  4.7039394E-03
 -1.8589866E-03
  6.1257896E-03
 -2.3149471E-03
  4.2034225E-03
 -2.8330120E-03
  1.7933685E-02
 -1.2556290E-02
  5.9164461E-02
 -2.5809768E-03
  0.2194225    
  0.2033309    
 -5.7578469E-03
  7.5443201E-02
 -6.8647894E-03
  0.1216515    
 -9.5216400E-04
  7.1543725E-03
 -8.4462315E-03
  1.2982937E-02
 -2.9062280E-03
  5.3303796E-03
 -1.4138764E-03
  3.7816102E-03
 -1.1231062E-03
  2.2550905E-03
 -1.3897616E-03
  2.7904015E-03
 -1.4909530E-03
  2.1786641E-03
 -2.3423960E-03
  2.0434381E-03
  2.0434381E-03
