  1.4277227E-03
 -8.9582609E-04
  2.0206131E-03
 -1.2227194E-03
  5.5376193E-03
 -1.0153568E-02
  3.0171268E-03
 -2.1157723E-03
  4.5624305E-03
 -3.1524959E-03
  4.9664541E-03
 -1.2090356E-03
  4.9571362E-03
 -3.1299288E-03
  1.6278904E-02
 -5.5474220E-03
 -5.5474220E-03
  1.8901903E-02
 -4.1318396E-03
  0.8885484    
  0.8855497    
 -3.6253079E-03
  1.5934890E-02
 -2.8092470E-03
  1.5497951E-02
 -9.3369314E-04
  4.7770385E-02
 -1.2892637E-03
  5.3294231E-03
 -1.2032463E-03
  9.4960891E-03
 -3.1300888E-03
  4.9376227E-03
 -1.7000132E-03
  4.4745388E-03
 -1.6600888E-03
  4.2761280E-03
 -1.1490628E-03
  2.5170799E-03
 -4.6156636E-03
  4.2702607E-03
 -4.6845404E-03
