  2.3177927E-03
 -1.9803073E-03
  3.1943598E-03
  3.1943598E-03
 -2.2416371E-03
  1.7524696E-03
 -9.8192727E-04
  9.5931124E-03
 -8.8473018E-03
  3.6631098E-03
 -2.5450620E-03
  5.3239679E-03
 -2.0215511E-03
  4.9001356E-03
 -3.1996325E-03
  1.2073016E-02
 -2.6580936E-03
  6.8193045E-03
 -4.1335244E-03
  5.3500244E-03
 -2.9868945E-03
  1.5633900E-02
 -4.6237921E-03
  8.0028526E-02
 -1.7107610E-03
  0.4338523    
  0.4338523    
 -1.2463683E-03
  0.1204591    
  0.1204591    
 -4.1990452E-02
  8.6118266E-02
 -5.9790816E-03
  2.3067869E-02
 -4.1480246E-03
  1.1094611E-02
 -5.5062741E-02
  1.8056860E-02
 -2.7747799E-03
  4.2656027E-03
 -3.5939091E-03
  5.2564391E-03
 -4.1939882E-03
  8.1818542E-03
 -2.6408003E-03
  3.6114578E-03
 -3.7917779E-03
  4.3256786E-03
 -4.4444250E-03
  2.9435479E-03
 -1.2942407E-03
  2.9232223E-03
