  1.8468589E-03
 -1.2893355E-02
  2.1601347E-03
 -8.4810791E-04
  4.0617432E-03
 -3.2361948E-03
  2.6685083E-03
 -1.3067583E-03
  5.7615056E-03
 -3.3045663E-03
  1.3804213E-02
 -4.5617702E-03
  1.7717699E-02
 -5.7205103E-02
  0.2058033    
 -1.2179507E-03
  0.3441192    
 -1.9636184E-03
  7.2809316E-02
 -1.9509388E-03
  3.6412694E-02
 -2.2846968E-03
  5.7599298E-03
 -1.2593963E-03
  4.8478548E-03
 -6.5505225E-04
  2.3256922E-03
 -4.0393481E-03
  4.9251886E-03
 -2.5533438E-03
  3.4437350E-03
 -5.9940354E-03
  5.2365288E-03
 -2.0825961E-03
  2.8072330E-03
 -1.0160155E-03
  1.8614762E-03
 -2.3342662E-03
  1.0311796E-02
 -9.7885099E-04
  1.3137481E-03
