  3.7034273E-03
 -3.5197106E-03
  3.6949434E-03
 -2.1012207E-03
  2.3365126E-03
 -1.4751334E-03
  2.6696823E-03
 -1.0924793E-03
  3.1723264E-03
 -9.6916099E-04
  8.7792203E-03
 -5.3275167E-03
  3.3262766E-03
 -1.1651444E-03
  2.9551391E-02
 -1.8041272E-02
  2.2834236E-02
 -1.5003080E-03
  0.5071793    
  0.5209870    
 -1.2251039E-03
  5.4851938E-02
 -3.0527727E-03
  1.2754284E-02
 -2.4342961E-03
  5.9972736E-03
 -1.1244289E-03
  5.2789766E-03
 -3.0289539E-03
  4.4801040E-03
 -4.4902088E-03
  8.3710225E-03
 -2.3743289E-03
  3.7287008E-03
 -2.3938068E-03
  3.6259855E-03
 -5.1509831E-03
  4.1907616E-03
  3.1667303E-03
  1.1138638E-02
