  2.8251978E-03
 -5.0903172E-03
  6.6390578E-03
 -2.8521931E-03
  3.0605739E-03
 -2.0592518E-03
  4.1800332E-03
 -3.7313122E-03
  1.6327001E-03
 -6.5315992E-04
  2.7439445E-03
 -2.0168200E-03
  2.4652102E-03
 -1.1174800E-03
  3.8700125E-03
 -8.0522359E-04
  5.3032264E-03
 -7.3998061E-04
  0.2356257    
 -0.1790914    
  0.6781036    
 -1.1911687E-02
  0.1040056    
 -1.0494679E-03
  1.4454677E-02
 -8.7482820E-04
  3.7113517E-03
 -1.0091354E-02
  1.2946948E-02
 -2.6013665E-03
  3.9249873E-03
 -9.8680670E-04
  2.2337411E-03
