  4.3123779E-03
 -3.4849581E-03
  2.2818539E-03
 -2.4888166E-03
  1.8742080E-03
 -1.3066591E-03
  4.2533968E-02
 -3.9555919E-03
  5.5589559E-03
 -4.5159468E-03
  4.9287877E-03
 -2.1329157E-03
  3.2492457E-03
 -2.1111008E-03
  4.0800408E-03
 -1.7475208E-03
  5.7300897E-03
 -2.2362096E-03
  6.3997838E-03
 -3.0419740E-03
  1.7488727E-02
 -4.5456206E-03
  1.5329162E-02
 -3.0812284E-03
  4.6018593E-02
 -8.0747291E-04
  0.7806557    
  0.7639119    
 -3.1124714E-03
  2.4253765E-02
 -2.5147719E-03
  3.3150088E-02
 -9.8269954E-03
  4.4960346E-02
 -4.5622988E-03
  1.8053198E-02
 -3.2579610E-03
  7.4764336E-03
 -2.2416187E-03
  7.9791714E-03
 -1.3409746E-03
  5.7723271E-03
 -2.6228381E-03
  3.1071166E-03
 -1.3682175E-03
  2.5952861E-03
 -1.3928788E-03
  2.1902057E-03
