  5.0524049E-03
 -4.2672046E-03
  4.2478875E-03
 -3.5807388E-03
  4.5199734E-03
 -1.7770111E-03
  1.1807488E-02
 -2.8441404E-03
  2.2847900E-02
 -2.2041094E-03
  3.1781211E-02
 -8.8928444E-03
  0.6622516    
  0.6713378    
 -0.7589417    
  -1.246690    
  0.9382114    
 -1.4167893E-03
  1.9423114E-02
 -5.3212978E-03
  9.6374201E-03
 -3.6025546E-03
  9.4457157E-03
 -1.4149363E-02
  2.0207303E-02
 -2.6027006E-03
  6.3274223E-03
 -1.8886289E-03
  3.8148423E-03
 -1.4190874E-03
  2.7677948E-03
 -8.7161624E-04
  1.9913714E-03
 -3.8928660E-03
  3.4877278E-03
 -6.2384815E-03
  4.2988993E-03
