  3.0189115E-03
 -1.6656676E-03
  9.4119916E-03
 -5.4651223E-02
  2.9311411E-03
 -3.0700180E-03
  7.4056131E-03
 -6.0901991E-03
  3.4469396E-03
 -1.0110615E-03
  4.5011174E-03
 -1.1883080E-03
  7.6890914E-03
 -3.8015156E-03
  5.3031370E-03
 -3.0085347E-03
  8.2605286E-03
 -1.7611372E-03
  0.1051996    
  0.1051996    
 -6.2029593E-02
  0.3245578    
 -2.0416861E-02
  0.2939573    
 -2.9283059E-03
  1.2211083E-02
 -3.6921524E-03
  6.9245482E-03
 -2.4333994E-03
  9.5007140E-03
 -1.3074909E-03
  3.0931497E-03
 -4.4603334E-03
  4.8407838E-03
 -4.2244527E-03
  5.1562027E-03
 -1.3837070E-03
  3.0201790E-03
 -7.3194280E-03
  8.7450920E-03
 -2.4578460E-03
  2.8586562E-03
 -7.4090849E-04
  1.8118842E-03
 -3.9952938E-03
