  1.7935886E-03
  2.1987159E-03
 -1.6900911E-03
  5.9542325E-03
 -2.8967794E-03
  3.4483888E-03
 -1.6181639E-03
  5.0900262E-03
 -5.7800938E-03
  4.2527919E-03
 -3.3921157E-03
  4.4720527E-03
 -2.4755721E-03
  6.6723027E-03
 -3.0270063E-03
  8.5394708E-03
 -2.7717289E-03
  2.3002060E-02
 -2.6322722E-03
  0.1163438    
 -8.2768373E-02
  0.1292343    
 -3.8121263E-03
  3.4107186E-02
 -3.1711007E-03
  5.6048740E-02
 -1.0162145E-02
  2.2420494E-02
 -1.0556994E-03
  5.9989314E-03
 -2.5955706E-03
  5.7244119E-03
 -1.2208149E-03
  2.9907022E-03
 -1.6907133E-03
  2.2513615E-03
 -4.9514226E-03
  3.4477781E-03
