-1107.5	  2.4324311E-03
-1105.5	 -1.3600636E-03
-650.5	  4.8102075E-03
-649.5	  4.8102075E-03
-646.5	 -8.0701411E-03
-645.5	  5.4610274E-03
-642.5	 -1.7017274E-03
-513.5	  3.5172098E-03
-509.5	 -2.1502599E-03
-348.5	  4.4921776E-03
-343.5	 -2.0473693E-03
-208.5	  4.9253814E-03
-202.5	 -2.5429779E-03
-190.5	  3.3843210E-03
-186.5	 -3.5278683E-03
-176.5	  1.5084889E-02
-174.5	 -6.5543028E-03
-139.5	  6.7530707E-03
-138.5	  6.7530707E-03
-133.5	 -3.4410392E-03
-125.5	  1.5226766E-02
-122.5	 -7.3924740E-03
-108.5	  6.4929118E-03
-101.5	 -2.1635829E-03
-96.5	  6.5166792E-03
-94.5	 -3.1131953E-03
-5.5	  0.1163979    
4.5	 -4.0763277E-03
8.5	  1.9870859E-02
10.5	 -2.9661169E-02
19.5	  2.7148841E-02
26.5	 -4.3744748E-03
28.5	  1.9194901E-03
33.5	 -1.5610161E-03
40.5	  1.3913753E-02
47.5	 -3.3391023E-03
53.5	  1.0721306E-02
56.5	 -3.8822804E-02
63.5	  8.9475289E-02
199.5	 -2.9727582E-02
201.5	  3.6689028E-02
409.5	 -3.3415868E-03
412.5	  4.6944562E-03
533.5	 -4.0191337E-03
535.5	  7.4418904E-03
586.5	 -1.9985030E-03
589.5	  3.1865824E-03
619.5	 -2.1381017E-03
621.5	  4.3710899E-03
629.5	 -7.6197558E-03
630.5	  4.4236653E-03
904.5	 -1.7555809E-03
906.5	  2.8876122E-03
1235.5	 -1.7248959E-03
1237.5	  2.9588910E-03
