-913.5	  2.9390238E-03
-911.5	 -3.5513015E-03
-786.5	  6.2699039E-03
-785.5	 -1.0634500E-02
-739.5	  3.2122845E-03
-736.5	 -2.9454783E-03
-419.5	  1.3153627E-02
-414.5	 -1.7453018E-03
-243.5	  5.4386719E-03
-238.5	 -1.3094533E-03
-185.5	  7.3454743E-03
-178.5	 -4.7877422E-03
-130.5	  2.7778814E-02
-124.5	 -5.8610821E-03
-88.5	  5.4292466E-02
-80.5	 -2.1266544E-02
-4.5	  0.6915414    
51.5	 -2.2600989E-03
59.5	  3.9892964E-02
191.5	 -2.2005981E-03
198.5	  1.1596616E-02
241.5	 -9.0843358E-04
247.5	  4.5161489E-03
302.5	 -9.7996294E-03
304.5	  2.5690237E-02
376.5	 -3.3308044E-03
379.5	  5.2377530E-03
610.5	 -3.7806553E-03
612.5	  6.0583153E-03
933.5	 -2.2619688E-03
935.5	  5.8038863E-03
937.5	 -6.4531886E-03
939.5	  4.2134952E-03
1438.5	 -2.6539927E-03
1439.5	  7.3127574E-03
