-1300.5	  2.2379372E-03
-1297.5	 -1.7981144E-03
-850.5	  8.8935494E-03
-849.5	 -6.3713784E-03
-695.5	  4.6277232E-03
-692.5	 -3.1966236E-03
-514.5	  3.7098383E-03
-509.5	 -1.5587658E-03
-488.5	  3.3264491E-03
-485.5	 -2.0049447E-03
-466.5	  3.6416489E-03
-458.5	 -1.2843113E-03
-356.5	  3.0466069E-03
-348.5	 -2.4171097E-03
-314.5	  3.3553997E-03
-309.5	 -1.2624885E-03
-226.5	  5.1941844E-03
-222.5	 -3.2974021E-03
-208.5	  1.1589347E-02
-205.5	 -5.5509852E-03
-67.5	  1.1925272E-02
-59.5	 -6.4691389E-03
0.5	  0.5054684    
1.5	  9.1083825E-02
2.5	   8.556350    
3.5	  0.3260611    
96.5	 -1.1155413E-02
102.5	  6.8911798E-03
103.5	 -9.6887127E-02
111.5	  2.8614942E-02
164.5	 -3.6859657E-03
172.5	  9.4707832E-03
189.5	 -2.7572575E-03
194.5	  5.5438522E-03
223.5	 -4.4645923E-03
227.5	  1.1167968E-02
279.5	 -1.1406707E-02
280.5	  1.2618802E-02
308.5	 -2.8917303E-03
312.5	  5.4595247E-03
538.5	 -3.4789965E-03
541.5	  4.7187447E-03
601.5	 -3.7701845E-03
604.5	  4.0589194E-03
1050.5	 -6.0972576E-03
1081.5	 -1.2148160E-03
1084.5	  1.8772583E-03
