-1113.5	  8.1924628E-04
-807.5	  6.9449982E-03
-806.5	 -3.9466205E-03
-704.5	  6.0390732E-03
-702.5	 -1.8382469E-02
-565.5	  5.2483990E-03
-563.5	 -5.2575506E-03
-476.5	  3.5171388E-03
-472.5	 -1.5580970E-03
-429.5	  5.1681278E-03
-426.5	 -3.1778668E-03
-398.5	  4.4484125E-03
-395.5	 -2.8890949E-03
-307.5	  5.4642330E-03
-302.5	 -1.1401112E-03
-159.5	  9.5496895E-03
-152.5	 -2.2301059E-03
-33.5	  3.1753324E-02
-26.5	 -3.3543003E-03
-16.5	  6.5724231E-02
-2.5	 -1.7389148E-03
21.5	  0.2434437    
88.5	 -4.8891935E-03
95.5	  8.7492764E-03
139.5	 -1.3557280E-02
144.5	  3.2852497E-02
327.5	 -2.8751830E-03
332.5	  4.6568238E-03
423.5	 -1.1878991E-03
428.5	  3.2252730E-03
641.5	 -5.4545114E-03
643.5	  4.9970844E-03
890.5	 -4.8477673E-03
891.5	  3.0356054E-03
