-1478.5	  1.5814702E-03
-1475.5	 -1.4589815E-03
-1135.5	  2.3558643E-03
-1133.5	 -2.3178933E-03
-971.5	  2.6302508E-03
-969.5	 -1.8195257E-03
-833.5	  1.7268965E-03
-829.5	 -7.2267692E-04
-773.5	  8.5331341E-03
-679.5	  3.0986238E-03
-676.5	 -2.9344170E-03
-415.5	  3.9404705E-03
-410.5	 -3.6537596E-03
-327.5	  3.9066467E-03
-323.5	 -2.3717689E-03
-305.5	  5.0358446E-03
-300.5	 -2.9503370E-03
-238.5	  6.9783139E-03
-232.5	 -9.7562041E-04
-193.5	  4.8230761E-03
-185.5	 -1.7848008E-03
-81.5	  1.6278611E-02
-73.5	 -7.9637747E-03
-24.5	  0.1700149    
-12.5	 -1.8469685E-03
0.5	  0.1525915    
26.5	 -3.7069548E-02
39.5	  0.1694085    
146.5	 -5.3355074E-03
152.5	  1.7118862E-02
260.5	 -4.2341170E-03
263.5	  6.9336188E-03
297.5	 -7.7852898E-04
303.5	  3.5459287E-03
474.5	 -1.2697617E-03
479.5	  2.3080325E-03
552.5	 -1.5236870E-03
555.5	  3.4521541E-03
625.5	 -1.7933418E-03
629.5	  2.5110026E-03
1169.5	 -1.7785605E-03
1170.5	  1.8082655E-03
1178.5	 -1.3634417E-03
1181.5	  7.9949712E-03
