-453.5	  4.3168021E-03
-449.5	 -3.8200011E-03
-402.5	  3.2587415E-03
-396.5	 -1.0359397E-03
-258.5	  4.3685655E-03
-253.5	 -2.7763713E-03
-229.5	  6.4269225E-03
-222.5	 -5.7240119E-03
-115.5	  2.1769892E-02
-109.5	 -2.1070554E-03
-14.5	  0.3898353    
3.5	 -4.2372881E-03
18.5	  0.1453436    
34.5	 -7.7352345E-02
42.5	  0.1733237    
60.5	 -6.1890688E-03
67.5	  5.3927734E-02
100.5	 -1.2332045E-03
107.5	  9.0720830E-03
243.5	 -2.9899271E-03
248.5	  5.8339997E-03
279.5	 -1.2115927E-03
284.5	  4.2905589E-03
373.5	 -1.0479991E-03
378.5	  4.6493518E-03
505.5	 -2.1692915E-03
509.5	  3.5831821E-03
600.5	 -1.1621091E-03
604.5	  2.8065694E-03
