-1444.5	  1.3530710E-03
-1442.5	 -8.0408389E-04
-1163.5	  3.1178091E-03
-1161.5	 -3.7914689E-03
-870.5	  2.5833093E-03
-866.5	 -1.8662157E-03
-809.5	  2.6091291E-03
-804.5	 -1.5131364E-03
-627.5	  4.8999526E-03
-624.5	 -3.6757116E-03
-596.5	  3.5720963E-03
-593.5	 -1.9062955E-03
-529.5	  3.8744472E-03
-525.5	 -2.6729540E-03
-294.5	  3.8495201E-03
-289.5	 -2.3982050E-03
-191.5	  5.0083501E-03
-185.5	 -2.5858062E-03
-118.5	  6.3364352E-03
-110.5	 -1.4751111E-03
-85.5	  4.2011548E-02
-78.5	 -1.0364897E-02
-36.5	  6.2332407E-02
-27.5	 -1.1273045E-03
2.5	  0.7629253    
3.5	  0.8097662    
89.5	 -1.1648376E-03
96.5	  1.4851960E-02
111.5	 -9.5872872E-04
118.5	  9.9648461E-03
207.5	 -3.4886117E-03
210.5	  1.2010991E-02
226.5	 -2.6702459E-03
231.5	  5.9347888E-03
253.5	 -1.5859010E-03
258.5	  5.6836708E-03
442.5	 -1.0499301E-03
447.5	  3.7552256E-03
715.5	 -7.5584361E-03
716.5	  8.7800715E-03
1064.5	 -1.4836333E-03
1067.5	  2.1265759E-03
1108.5	 -4.0560518E-03
1109.5	  6.2826425E-03
