-1913.5	  8.8362140E-04
-1910.5	 -5.6756701E-04
-754.5	  9.8724500E-04
-624.5	  1.9686793E-03
-620.5	 -1.1119213E-03
-520.5	  3.5714810E-03
-516.5	 -2.5744603E-03
-490.5	  3.8095927E-03
-486.5	 -3.4092423E-03
-381.5	  4.3255873E-03
-378.5	 -3.9084712E-03
-242.5	  4.9465531E-03
-237.5	 -2.7717664E-03
-230.5	  1.2284440E-02
-176.5	  8.5076876E-03
-170.5	 -1.2749182E-03
-97.5	  0.2263921    
-96.5	 -0.1084358    
-23.5	  5.7472493E-02
-15.5	 -3.8805553E-03
-0.5	  0.1920390    
0.5	  0.1920390    
15.5	 -4.7851475E-03
18.5	  2.9274705E-03
23.5	 -3.6495407E-03
27.5	  8.5706338E-03
31.5	 -4.9774279E-03
38.5	  1.3222414E-02
44.5	 -0.1322976    
48.5	  0.2417303    
74.5	 -1.4214162E-03
81.5	  2.5207939E-02
207.5	 -7.0403167E-03
209.5	  1.2450756E-02
225.5	 -4.0165605E-03
235.5	  5.5698301E-03
349.5	 -1.4898793E-03
354.5	  5.0435010E-03
388.5	 -1.1889812E-03
393.5	  2.9277194E-03
494.5	 -2.3010371E-03
498.5	  3.4436916E-03
556.5	 -1.3665450E-03
561.5	  2.3775287E-03
644.5	 -3.2428805E-02
794.5	 -2.9925704E-03
796.5	  3.1731275E-03
833.5	 -1.3567928E-03
836.5	  2.4123336E-03
911.5	 -3.5032441E-03
912.5	  3.2268483E-02
1195.5	 -9.9785184E-04
1198.5	  1.6796885E-03
