-1270.5	  2.6542507E-03
-1269.5	 -1.6453763E-03
-819.5	  3.6284006E-03
-817.5	 -3.2620216E-03
-762.5	  6.7009348E-03
-761.5	 -9.4458293E-03
-524.5	  4.6410388E-03
-521.5	 -3.3410143E-03
-494.5	  3.7777561E-03
-491.5	 -2.2283285E-03
-476.5	  3.9038581E-03
-473.5	 -3.2840772E-03
-350.5	  6.1008711E-03
-346.5	 -2.2514944E-03
-226.5	  6.8029719E-03
-221.5	 -3.3116092E-03
-215.5	  7.3868940E-03
-44.5	  0.1261744    
-35.5	 -3.4719661E-02
-10.5	  0.3198568    
-9.5	  0.3194509    
7.5	 -4.7733141E-03
12.5	  1.0232530E-02
18.5	 -2.4105206E-03
22.5	  1.3184489E-03
26.5	 -1.0118112E-03
36.5	  0.1306706    
248.5	 -3.8592319E-03
252.5	  5.2820225E-03
282.5	 -1.6276935E-02
306.5	 -2.6292258E-03
311.5	  4.9986788E-03
337.5	 -1.1076078E-02
339.5	  9.7106947E-03
351.5	 -1.2432488E-03
355.5	  3.1699068E-03
421.5	 -3.8267106E-03
426.5	  4.3190680E-03
448.5	 -9.2241989E-04
452.5	  1.3601964E-03
458.5	 -1.0758331E-03
463.5	  3.1967850E-03
643.5	 -1.0878503E-03
647.5	  2.8454007E-03
745.5	 -1.7407726E-03
748.5	  3.2265433E-03
1031.5	 -3.0576452E-03
1033.5	  2.5375916E-03
