-1110.5	  3.7261937E-03
-1109.5	 -1.5254166E-03
-608.5	  5.4430193E-03
-606.5	 -4.2121718E-03
-520.5	  8.7628756E-03
-519.5	 -9.5377136E-03
-503.5	  4.1811233E-03
-500.5	 -3.9181551E-03
-410.5	  4.5538661E-03
-406.5	 -3.1089373E-03
-211.5	  5.3864578E-03
-206.5	 -3.3462222E-03
-202.5	  6.5156315E-03
-200.5	 -7.0185303E-03
-100.5	  5.6310152E-03
-92.5	 -1.5469235E-03
-44.5	  7.1704917E-02
-36.5	 -1.4011491E-03
0.5	  0.5678833    
1.5	  0.5678833    
30.5	 -4.5063231E-02
39.5	  0.1506782    
90.5	 -3.3808823E-03
94.5	  1.9104924E-02
108.5	 -8.7801283E-03
112.5	  2.1064866E-02
127.5	 -3.0310499E-03
133.5	  8.7371925E-03
457.5	 -1.4742139E-03
461.5	  5.1348652E-03
471.5	 -3.3870554E-03
474.5	  4.2033149E-03
