-755.5	 -1.0240288E-03
-670.5	  4.1492125E-03
-668.5	 -5.3613684E-03
-495.5	  2.0988053E-03
-490.5	 -7.1083271E-04
-460.5	  8.6741708E-03
-458.5	 -7.2347424E-03
-230.5	  4.0903604E-03
-225.5	 -2.0208240E-03
-211.5	  9.8370258E-03
-209.5	 -7.3697958E-03
-91.5	  1.6627772E-02
-83.5	 -8.8756368E-04
-6.5	  0.8992480    
-5.5	  0.9154862    
80.5	 -5.8547491E-03
88.5	  4.8486281E-02
150.5	 -2.3856312E-03
156.5	  1.2522662E-02
179.5	 -2.0629689E-03
184.5	  6.0108886E-03
192.5	 -2.3006517E-02
194.5	  2.7473615E-02
195.5	  2.7473615E-02
351.5	 -4.5887772E-03
354.5	  6.6869133E-03
421.5	 -3.0510467E-03
425.5	  3.8382129E-03
509.5	 -3.1216657E-03
512.5	  4.6741981E-03
535.5	 -1.2150077E-03
539.5	  2.4316376E-03
555.5	 -2.7174975E-03
559.5	  3.2104484E-03
725.5	 -6.3223438E-03
726.5	  4.3540490E-03
912.5	 -7.0267508E-04
916.5	  1.5583368E-03
