-1993.5	  1.8468589E-03
-1992.5	 -1.2893355E-02
-849.5	  2.1601347E-03
-844.5	 -8.4810791E-04
-617.5	  4.0617432E-03
-614.5	 -3.2361948E-03
-562.5	  2.6685083E-03
-558.5	 -1.3067583E-03
-269.5	  5.7615056E-03
-265.5	 -3.3045663E-03
-243.5	  1.3804213E-02
-240.5	 -4.5617702E-03
-193.5	  1.7717699E-02
-192.5	 -5.7205103E-02
-21.5	  0.2058033    
-10.5	 -1.2179507E-03
4.5	  0.3441192    
33.5	 -1.9636184E-03
42.5	  7.2809316E-02
64.5	 -1.9509388E-03
72.5	  3.6412694E-02
144.5	 -2.2846968E-03
151.5	  5.7599298E-03
290.5	 -1.2593963E-03
295.5	  4.8478548E-03
337.5	 -6.5505225E-04
342.5	  2.3256922E-03
344.5	 -4.0393481E-03
348.5	  4.9251886E-03
458.5	 -2.5533438E-03
461.5	  3.4437350E-03
602.5	 -5.9940354E-03
603.5	  5.2365288E-03
744.5	 -2.0825961E-03
748.5	  2.8072330E-03
922.5	 -1.0160155E-03
926.5	  1.8614762E-03
1159.5	 -2.3342662E-03
1160.5	  1.0311796E-02
1920.5	 -9.7885099E-04
1922.5	  1.3137481E-03
