-1616.5	  2.9907348E-03
-1615.5	 -6.9169095E-03
-1117.5	  3.3673882E-03
-1115.5	 -2.1117560E-03
-1076.5	  2.3058273E-03
-1074.5	 -3.0809341E-03
-814.5	  2.7324893E-03
-811.5	 -2.3545006E-03
-615.5	  3.4297188E-03
-612.5	 -2.5835880E-03
-599.5	  2.9448410E-03
-596.5	 -1.3145354E-03
-483.5	  6.8098921E-03
-481.5	 -5.6761960E-03
-451.5	  3.0263022E-03
-448.5	 -2.6636631E-03
-378.5	  5.3989985E-03
-375.5	 -4.1350140E-03
-22.5	  0.1846001    
-8.5	 -1.6628709E-02
12.5	  0.3896963    
49.5	 -7.1414327E-04
57.5	  1.7696133E-02
353.5	 -2.6880275E-03
357.5	  4.9780780E-03
474.5	 -4.0863971E-03
478.5	  4.2488412E-03
538.5	 -2.6742401E-02
539.5	  8.9981630E-03
552.5	 -3.7866638E-03
554.5	  5.0170841E-03
721.5	 -1.2524315E-03
724.5	  2.5940107E-03
1083.5	  5.2037649E-06
1222.5	 -1.3426708E-03
1225.5	  1.7221947E-03
1603.5	 -1.1650423E-03
1605.5	  1.6550043E-03
