-1294.5	  2.4856231E-03
-1292.5	 -1.6726054E-03
-657.5	  3.1486691E-03
-648.5	 -6.8266032E-04
-525.5	  3.4277097E-03
-521.5	 -2.2758981E-03
-513.5	 -1.6636620E-03
-256.5	  4.2001340E-03
-251.5	 -1.6356958E-03
-227.5	  5.8577238E-03
-222.5	 -2.7849774E-03
-215.5	  8.5672811E-03
-211.5	 -5.9155361E-03
-147.5	  2.6768530E-02
-143.5	 -1.3634834E-02
-113.5	  6.0410351E-03
-106.5	 -2.3778644E-03
-93.5	  2.0338343E-02
-86.5	 -2.2666827E-03
-75.5	  2.5358532E-02
-69.5	 -3.8589120E-03
-5.5	  0.6798555    
-4.5	  0.6434308    
22.5	 -2.0858923E-03
30.5	  3.8697366E-02
44.5	 -4.1908813E-03
53.5	  4.3668773E-02
68.5	 -1.9324919E-03
74.5	  1.4141596E-02
87.5	 -1.6059628E-02
93.5	  4.5199856E-02
350.5	 -2.4314290E-03
355.5	  2.9437775E-03
515.5	 -2.8845072E-03
518.5	  3.4692767E-03
588.5	 -2.5224581E-03
592.5	  3.2704417E-03
641.5	 -2.0200994E-03
645.5	  3.0459636E-03
709.5	 -2.7334038E-03
712.5	  3.4397633E-03
1217.5	 -6.2967610E-04
1221.5	  1.4542934E-03
