-1165.5	  9.8941261E-03
-1164.5	 -2.2535026E-03
-888.5	  5.2481331E-03
-887.5	 -3.5844708E-03
-750.5	  9.1045890E-03
-749.5	  9.1045890E-03
-748.5	 -5.4975329E-03
-631.5	  2.5802609E-03
-627.5	 -9.5834513E-04
-403.5	  4.3446301E-03
-399.5	 -2.0657468E-03
-347.5	  4.0513393E-03
-342.5	 -2.9857818E-03
-324.5	  4.0968717E-03
-319.5	 -1.1484862E-03
-214.5	  4.5507420E-03
-208.5	 -2.5478022E-03
-192.5	  2.2918532E-02
-190.5	 -1.7773766E-02
-177.5	  7.2132517E-03
-171.5	 -1.8194271E-03
-99.5	  1.1476958E-02
-98.5	  1.1476958E-02
-92.5	 -1.3835669E-03
-8.5	  0.4757349    
14.5	 -2.3776547E-03
27.5	  0.2036927    
88.5	 -6.6790157E-03
91.5	  9.3741138E-03
96.5	 -3.5531037E-03
103.5	  1.2720053E-02
113.5	 -3.6831417E-03
117.5	  1.5006467E-02
128.5	 -3.1012471E-03
133.5	  6.3810241E-03
355.5	 -1.7258218E-03
359.5	  4.2551984E-03
599.5	 -2.2253310E-03
602.5	  3.2098426E-03
706.5	 -3.7490271E-03
708.5	  8.7212948E-03
913.5	 -2.1929683E-03
916.5	  3.5286907E-03
1548.5	 -1.4147183E-03
1550.5	  1.5254385E-03
