-1495.5	  2.6458751E-03
-1493.5	 -2.5011906E-03
-1033.5	  3.7749221E-03
-1032.5	 -3.7743081E-03
-895.5	  7.6952847E-03
-894.5	 -8.0056759E-03
-529.5	  3.7151505E-03
-525.5	 -1.3832202E-03
-484.5	  2.7111580E-03
-479.5	 -8.8730990E-04
-280.5	  4.3023671E-03
-276.5	 -1.6737736E-03
-247.5	  1.2550961E-02
-244.5	 -5.9602847E-03
-98.5	  2.8462827E-02
-90.5	 -2.0298953E-03
-77.5	  1.4610204E-02
-72.5	 -3.6917226E-03
-2.5	   1.108124    
39.5	 -1.2923842E-03
46.5	  4.6475656E-02
85.5	 -1.3016509E-03
91.5	  1.0771245E-02
140.5	 -1.3592011E-02
143.5	  2.0932937E-02
155.5	 -2.4521204E-03
161.5	  9.9971257E-03
199.5	 -2.1902514E-03
204.5	  9.2334757E-03
273.5	 -2.6352936E-03
277.5	  4.2130658E-03
424.5	 -2.5781891E-03
427.5	  3.5163867E-03
447.5	 -4.5523453E-03
449.5	  4.8976499E-03
460.5	 -5.7304385E-03
462.5	  7.2531225E-03
491.5	 -3.1579938E-03
493.5	  5.4784515E-03
644.5	 -9.5690424E-03
645.5	  5.8077294E-03
