-993.5	  5.8639063E-03
-992.5	 -7.9420637E-03
-900.5	  2.6922633E-03
-897.5	 -1.9316800E-03
-582.5	  3.0161969E-03
-578.5	 -1.1874693E-03
-348.5	  5.3627850E-03
-344.5	 -3.3709547E-03
-335.5	  4.4009602E-03
-330.5	 -1.1649224E-03
-285.5	  2.0242054E-02
-284.5	 -2.9605430E-02
-280.5	  2.3791462E-03
-277.5	 -1.4435770E-03
-260.5	  1.6600806E-02
-259.5	 -2.1742132E-02
-167.5	  8.6174430E-03
-160.5	 -9.0100191E-04
-81.5	  3.0746365E-02
-74.5	 -1.1657738E-03
-4.5	  0.7942112    
-3.5	  0.7904856    
86.5	 -1.4356767E-03
93.5	  8.3651580E-03
100.5	 -3.5080567E-03
106.5	  4.4143640E-02
174.5	 -2.3934222E-03
179.5	  5.0393296E-03
307.5	 -3.1674101E-03
312.5	  5.0743874E-03
342.5	 -2.5406545E-03
346.5	  6.6099088E-03
563.5	 -5.5395029E-03
565.5	  5.4599829E-03
848.5	 -3.2668971E-03
850.5	  6.2475451E-03
