-1057.5	  2.9319606E-03
-1055.5	 -2.5342677E-03
-1045.5	  1.5015797E-03
-1042.5	 -8.6869986E-04
-856.5	  4.1488647E-03
-854.5	 -3.5185013E-03
-678.5	  3.4841746E-03
-675.5	 -2.3163294E-03
-563.5	  3.2871799E-03
-559.5	 -1.3133122E-03
-467.5	  4.7112787E-03
-463.5	 -1.7856278E-03
-410.5	  3.8738868E-03
-407.5	 -2.5148566E-03
-383.5	  1.1067298E-02
-283.5	  3.1181131E-02
-282.5	 -3.8668867E-02
-231.5	  5.1572206E-03
-225.5	 -8.6161197E-04
-82.5	  1.3757262E-02
-75.5	 -7.3194981E-04
6.5	  0.9093758    
7.5	  0.9301163    
135.5	 -1.3345715E-02
139.5	  3.0473355E-02
228.5	 -1.1960466E-03
234.5	  4.3914476E-03
259.5	 -2.4261293E-03
265.5	  8.2441438E-03
478.5	 -3.2536392E-03
481.5	  3.9334237E-03
501.5	 -2.6614857E-03
505.5	  3.6277547E-03
619.5	 -8.9675264E-04
624.5	  2.2751871E-03
787.5	 -2.7261032E-03
790.5	  2.8117616E-03
1231.5	 -2.5181668E-03
1232.5	  2.1792334E-02
