-1522.5	  4.5122704E-03
-1521.5	 -1.5750514E-02
-1108.5	  2.0527409E-03
-1034.5	  3.6216618E-03
-1033.5	 -1.4861741E-02
-863.5	  4.0004430E-03
-795.5	  3.0769578E-03
-793.5	 -4.2742668E-03
-711.5	  2.6084536E-03
-708.5	 -1.4942834E-03
-445.5	  2.6138562E-03
-440.5	 -1.2456164E-03
-434.5	  1.9277934E-03
-431.5	 -3.6726862E-03
-233.5	  4.8628463E-03
-228.5	 -1.1088288E-03
-182.5	  5.5379188E-03
-176.5	 -1.0046263E-03
-146.5	  6.5792827E-03
-140.5	 -3.0016582E-03
-93.5	  2.8526258E-02
-89.5	 -4.3881731E-03
-31.5	   1.321090    
-30.5	   1.595809    
-29.5	  -6.054269    
-28.5	  -1.666377    
-27.5	 -0.9054435    
-19.5	  0.2396092    
-7.5	 -4.0591871E-03
12.5	  0.4029414    
61.5	 -2.1898907E-03
69.5	  3.6220219E-02
165.5	 -2.2161601E-03
172.5	  6.7164497E-03
237.5	 -2.7576233E-03
241.5	  7.0829079E-03
298.5	 -1.2275875E-03
303.5	  4.6364279E-03
421.5	 -1.1990730E-03
426.5	  3.7262733E-03
946.5	 -9.3379114E-03
947.5	  6.5583377E-03
1103.5	 -1.6766746E-03
1105.5	  2.9901466E-03
