-1544.5	  2.0956788E-03
-1542.5	 -1.3598658E-03
-1173.5	  4.5503350E-03
-1172.5	 -9.4420305E-03
-981.5	  2.4078374E-03
-978.5	 -1.3701234E-03
-870.5	  2.5837275E-03
-867.5	 -1.0958136E-03
-613.5	  4.0177442E-03
-611.5	 -3.2047972E-03
-482.5	  4.3998682E-03
-479.5	 -3.0867851E-03
-427.5	  5.6885295E-03
-424.5	 -3.1364958E-03
-122.5	  7.5205984E-03
-116.5	 -3.4760174E-03
-86.5	  1.0256096E-02
-79.5	 -3.3321620E-03
-11.5	  0.1185022    
-10.5	  0.1185022    
-1.5	 -4.2038024E-03
0.5	  4.1728006E-03
5.5	 -1.5175733E-03
18.5	  5.6003332E-02
55.5	 -3.9382116E-03
59.5	  1.0375320E-02
65.5	 -3.3906191E-03
69.5	  4.0934086E-03
73.5	 -8.0693299E-03
80.5	  3.4723341E-02
502.5	 -8.4074074E-04
507.5	  2.4112230E-03
557.5	 -1.3218522E-03
561.5	  2.7807234E-03
598.5	 -3.6384859E-03
600.5	  5.1929150E-03
712.5	 -1.0258856E-03
717.5	  1.9939467E-03
831.5	 -7.4577896E-04
835.5	  1.7233993E-03
1176.5	 -1.1090413E-02
1177.5	  4.0693013E-03
