-696.5	  4.2164233E-03
-694.5	 -2.8829314E-03
-626.5	  9.7050108E-03
-625.5	 -1.0865039E-02
-619.5	  2.0100661E-03
-617.5	 -1.2987506E-03
-547.5	  7.3455172E-03
-545.5	 -3.5385478E-03
-475.5	  4.5206593E-03
-472.5	 -3.9219400E-03
-321.5	  1.3519981E-02
-317.5	 -5.2156416E-03
-302.5	  3.1332807E-03
-296.5	 -2.3577113E-03
-267.5	  3.9139763E-03
-262.5	 -2.4217553E-03
-234.5	  1.4956110E-02
-232.5	 -7.5272671E-03
-53.5	  2.8680662E-02
-52.5	  2.8680662E-02
-45.5	 -1.1602197E-03
-17.5	  1.6445175E-02
-10.5	 -3.4863015E-03
-5.5	  1.0610602E-02
-1.5	 -3.0505629E-03
8.5	  0.1768271    
28.5	 -3.5690758E-03
38.5	  0.1320353    
79.5	 -3.4339111E-03
85.5	  8.2931789E-03
163.5	 -2.1640447E-03
168.5	  8.2547907E-03
247.5	 -4.3762131E-03
251.5	  1.0457583E-02
360.5	 -1.1497207E-03
364.5	  3.1139562E-03
481.5	 -2.8951948E-03
485.5	  3.7924328E-03
632.5	 -2.2668657E-03
634.5	  6.0649537E-03
709.5	 -4.2812699E-03
710.5	  4.7684698E-03
832.5	 -3.4770265E-03
833.5	  4.0931269E-03
1132.5	 -2.4216969E-03
1133.5	  2.3151333E-03
1677.5	 -7.6603069E-04
1680.5	  1.2316686E-03
