-1091.5	  2.3370367E-03
-851.5	  3.5840115E-03
-849.5	 -2.3257635E-03
-584.5	  2.1376566E-03
-578.5	 -1.3560489E-03
-315.5	  2.6476255E-03
-306.5	 -8.2267827E-04
-240.5	  8.9677358E-03
-234.5	 -1.4785829E-03
-135.5	  0.1582017    
-134.5	  0.1582017    
-133.5	 -7.1545847E-02
-107.5	  7.4023088E-03
-102.5	 -3.3045104E-03
-42.5	  0.1514737    
-30.5	 -3.0637172E-03
-10.5	  0.4862947    
14.5	 -2.7699126E-03
26.5	  0.1553162    
27.5	  0.1553162    
247.5	 -1.1265350E-03
252.5	  4.7041099E-03
379.5	 -4.1962052E-03
382.5	  5.5236104E-03
443.5	 -2.7191574E-03
447.5	  4.0572570E-03
584.5	  5.3577009E-03
725.5	 -3.4944036E-03
727.5	  5.9148185E-03
