-552.5	  2.4680637E-03
-548.5	 -1.0265479E-03
-520.5	  3.7667744E-03
-517.5	 -2.1807789E-03
-487.5	  2.7615975E-03
-484.5	 -1.1574074E-03
-204.5	  1.5199644E-02
-200.5	 -7.6559456E-03
-154.5	  1.6011728E-02
-148.5	 -1.9342833E-03
-74.5	  2.4022192E-02
-67.5	 -1.5514911E-03
-21.5	  0.2341642    
-7.5	 -2.9635567E-03
11.5	  0.4554441    
12.5	  0.4692472    
98.5	 -2.6107498E-03
105.5	  9.9920714E-03
111.5	 -3.2804164E-03
117.5	  6.1827307E-03
266.5	 -2.4725192E-03
272.5	  4.2327615E-03
281.5	 -5.4741134E-03
283.5	  1.1244931E-02
302.5	 -2.7217339E-03
307.5	  4.2989221E-03
325.5	 -2.2863317E-03
330.5	  6.2241107E-03
497.5	 -2.8532837E-03
501.5	  4.1178577E-03
1119.5	  5.8686836E-03
