-1121.5	  2.3578024E-03
-1119.5	 -1.7348471E-03
-1107.5	 -1.5686959E-02
-735.5	  2.7593318E-03
-732.5	 -2.3534955E-03
-238.5	  7.9154922E-03
-232.5	 -1.1722652E-03
-168.5	  9.1495970E-03
-162.5	 -3.2979543E-03
-151.5	  1.4433411E-02
-147.5	 -3.5609400E-03
-119.5	  6.8491455E-03
-111.5	 -5.9264917E-03
-22.5	  0.2715100    
-9.5	 -6.4835258E-02
9.5	  0.3724314    
43.5	 -7.6173956E-04
52.5	  5.8406647E-02
153.5	 -5.4176236E-03
159.5	  1.8060541E-02
244.5	 -8.2304719E-04
249.5	  7.9154568E-03
309.5	 -2.6792185E-03
313.5	  7.1255290E-03
418.5	 -3.6705865E-03
421.5	  4.2260592E-03
478.5	 -1.3341715E-03
482.5	  3.0314769E-03
505.5	 -1.6047824E-03
508.5	  4.1736444E-03
782.5	 -2.2757603E-03
785.5	  2.4954800E-03
918.5	 -1.8250655E-03
920.5	  4.6815495E-03
1062.5	 -6.4589316E-04
1066.5	  1.5386750E-03
