-1309.5	  2.4942213E-03
-1307.5	 -2.8748380E-03
-1008.5	  3.3210886E-03
-1006.5	 -3.5278653E-03
-891.5	  2.3818552E-03
-888.5	 -1.3392309E-03
-828.5	  2.5860488E-03
-824.5	 -1.9264886E-03
-667.5	  4.3284968E-03
-665.5	 -2.1782136E-03
-461.5	  2.9148669E-03
-457.5	 -1.7188099E-03
-372.5	  4.2194980E-03
-368.5	 -3.2278071E-03
-328.5	  9.0798959E-03
-324.5	 -4.0295408E-03
-275.5	  3.5297184E-03
-270.5	 -9.5251785E-04
-116.5	  7.9568783E-03
-115.5	  7.9568783E-03
-109.5	 -9.9469814E-04
-47.5	  9.7542390E-02
-40.5	 -3.4053732E-02
-5.5	  0.5132979    
-4.5	  0.4985850    
48.5	 -5.4847351E-03
57.5	  6.0462020E-02
120.5	 -2.3898403E-03
127.5	  2.1937411E-02
189.5	 -8.5244710E-03
193.5	  1.7983923E-02
516.5	 -3.4226775E-03
520.5	  3.8166966E-03
685.5	 -6.4364360E-03
686.5	  2.0169988E-02
738.5	 -3.1172279E-03
739.5	  5.0385674E-03
896.5	 -2.8052104E-03
898.5	  4.3917610E-03
