-1037.5	  4.2274939E-03
-1036.5	 -1.8159650E-02
-979.5	  2.7469469E-03
-977.5	 -3.3210227E-03
-720.5	  4.9356073E-03
-718.5	 -3.4390979E-03
-710.5	  3.4978560E-03
-708.5	 -6.1398800E-03
-550.5	  3.7184737E-03
-547.5	 -3.0110849E-03
-542.5	  4.7109593E-03
-541.5	 -1.8453110E-02
-349.5	  3.5945817E-03
-344.5	 -1.7152126E-03
-338.5	  5.6207683E-03
-336.5	 -3.9584823E-03
-330.5	  1.7736215E-03
-327.5	 -3.1136828E-03
-318.5	  1.0719090E-02
-315.5	 -3.7092010E-03
-238.5	  6.9412286E-03
-233.5	 -1.2250599E-03
-161.5	  6.5476703E-03
-154.5	 -2.0439327E-03
-132.5	  2.4096526E-02
-126.5	 -9.4777076E-03
-51.5	  1.2435461E-02
-43.5	 -4.4611641E-03
-40.5	  8.0542080E-03
-38.5	 -4.4179778E-03
-4.5	  0.6645060    
28.5	 -1.0266051E-02
38.5	  8.6798899E-02
59.5	 -3.1271473E-02
66.5	  9.5756307E-02
167.5	 -1.9321665E-03
173.5	  9.5036346E-03
251.5	 -2.7115041E-02
253.5	  1.6486878E-02
269.5	 -3.2378398E-03
273.5	  4.4490090E-03
281.5	 -1.0126727E-03
286.5	  3.5539242E-03
432.5	 -1.4795742E-03
436.5	  3.3735028E-03
516.5	 -1.3108748E-03
520.5	  3.3397535E-03
587.5	 -2.2757123E-03
592.5	  3.2551934E-03
796.5	 -1.1368733E-03
799.5	  2.6100259E-03
949.5	 -4.4396464E-03
950.5	  6.6051572E-03
1153.5	 -1.0346208E-03
1156.5	  2.0133359E-03
1328.5	 -7.3620733E-03
1330.5	  2.7801676E-03
