-1934.5	  2.4950188E-03
-1933.5	 -2.8441641E-03
-1006.5	  1.9840559E-03
-1004.5	 -2.7519520E-03
-939.5	  2.3661966E-03
-936.5	 -1.9375774E-03
-767.5	  7.1129017E-02
-766.5	 -3.8827111E-03
-664.5	  9.1957124E-03
-663.5	 -7.7499873E-03
-597.5	  4.1039428E-03
-594.5	 -2.6844740E-03
-539.5	  3.6427085E-03
-535.5	 -2.4141080E-03
-447.5	  3.1775418E-03
-442.5	 -2.6114404E-03
-363.5	  4.8192246E-03
-358.5	 -2.1210653E-03
-292.5	  4.8913723E-03
-287.5	 -1.4764563E-03
-270.5	  7.2087958E-03
-266.5	 -1.9786169E-03
-139.5	  2.6564371E-02
-134.5	 -9.4118398E-03
-60.5	  5.6399699E-02
-52.5	 -5.5185719E-03
-11.5	  0.6682982    
-10.5	  0.6682982    
1.5	 -0.8857222    
2.5	  -1.018652    
4.5	  0.5089463    
13.5	 -3.5850860E-03
17.5	  6.0818526E-03
23.5	 -3.6419055E-03
27.5	  1.2912459E-02
44.5	 -3.4255856E-03
56.5	  2.0463808E-02
167.5	 -1.7234065E-03
173.5	  9.4356602E-03
285.5	 -1.6438628E-03
295.5	  5.7294182E-03
412.5	 -3.2712885E-03
415.5	  5.1504686E-03
538.5	 -3.5397098E-03
542.5	  3.9668879E-03
601.5	 -2.7940774E-03
603.5	  2.6348333E-03
612.5	 -3.7893925E-03
616.5	  3.5586075E-03
736.5	 -1.0109856E-03
741.5	  2.3393575E-03
