-1197.5	  2.4783786E-03
-1191.5	 -1.2040613E-03
-938.5	  3.2088656E-03
-936.5	 -3.7985363E-03
-741.5	  1.8427233E-03
-736.5	 -8.0018752E-04
-614.5	  3.8776440E-03
-611.5	 -2.9574325E-03
-418.5	  6.6447984E-03
-416.5	 -7.7565257E-03
-222.5	  4.7491617E-03
-217.5	 -2.0807784E-03
-177.5	  1.6870199E-02
-173.5	 -4.6294518E-03
-100.5	  9.0026176E-03
-94.5	 -4.2732232E-03
-83.5	  2.7568476E-02
-78.5	 -4.9083284E-03
-70.5	  7.6300148E-03
-63.5	 -3.9898539E-03
-3.5	  0.8061129    
-2.5	  0.7036440    
34.5	 -4.7026947E-02
42.5	  0.1430417    
100.5	 -2.5180925E-03
105.5	  1.5444364E-02
127.5	 -2.6680978E-03
133.5	  1.2616139E-02
247.5	 -4.7928910E-03
250.5	  7.1913726E-03
281.5	 -1.7580041E-03
285.5	  4.7194441E-03
413.5	 -1.3491871E-03
422.5	  3.7338305E-03
529.5	 -2.4186382E-03
532.5	  4.8052981E-03
717.5	 -4.4530644E-03
720.5	  3.4288731E-03
885.5	 -4.1113682E-03
886.5	  3.5123057E-03
1029.5	 -4.0300521E-03
1030.5	  4.0903715E-03
1238.5	 -1.5338791E-03
1241.5	  2.4707383E-03
