-902.5	  2.4679767E-03
-900.5	 -2.5321995E-03
-825.5	  7.1722614E-03
-824.5	 -4.2248061E-03
-748.5	  3.7793245E-03
-746.5	 -2.7513439E-03
-596.5	 -1.4420308E-02
-545.5	  5.3936006E-03
-543.5	 -4.6598595E-03
-525.5	  2.7572734E-03
-520.5	 -2.8464489E-03
-432.5	  3.5108540E-03
-427.5	 -9.7639306E-04
-414.5	  3.6829216E-03
-410.5	 -1.5306382E-03
-243.5	  4.6128035E-03
-237.5	 -2.1852534E-03
-207.5	  7.2509823E-03
-202.5	 -3.1418272E-03
-189.5	  2.8395344E-02
-188.5	 -1.6850142E-02
-124.5	  2.5258381E-02
-116.5	 -3.9143320E-03
-108.5	  5.8168350E-03
-101.5	 -7.9443585E-03
-1.5	  0.7334422    
20.5	 -3.9476170E-03
32.5	  3.3187959E-02
52.5	 -4.5841988E-03
60.5	  1.5344272E-02
362.5	 -1.1018999E-03
369.5	  4.1730385E-03
598.5	 -1.8588279E-03
600.5	  2.0599177E-03
607.5	 -1.4344358E-03
611.5	  2.7461071E-03
634.5	 -3.9216247E-03
636.5	  5.9463042E-03
870.5	 -2.6437044E-03
872.5	  3.2793409E-03
1069.5	 -1.1926176E-03
1073.5	  1.6951009E-03
