-1095.5	  1.8805983E-03
-1090.5	 -1.4645685E-03
-823.5	  2.8243684E-03
-821.5	 -1.6349169E-03
-794.5	  6.3514463E-03
-793.5	 -9.0298234E-03
-542.5	  2.5391104E-03
-538.5	 -1.5369329E-03
-362.5	  5.8803153E-03
-359.5	 -3.7891928E-03
-312.5	  6.0329936E-03
-308.5	 -3.6936402E-03
-290.5	  5.8051245E-03
-284.5	 -4.1507822E-03
-261.5	  2.0977804E-02
-260.5	 -1.8569900E-02
-171.5	  8.2071768E-03
-165.5	 -4.0950296E-03
-103.5	  1.0082209E-02
-97.5	 -2.7517653E-03
-85.5	  2.3928309E-02
-80.5	 -4.3680649E-03
-8.5	  0.4888044    
13.5	 -1.3943283E-02
23.5	  5.8033027E-02
33.5	 -2.1364088E-03
41.5	  2.1332053E-02
57.5	 -7.6263105E-03
65.5	  5.6846250E-02
174.5	 -8.3467653E-03
176.5	  1.7316749E-02
191.5	 -3.2127050E-03
196.5	  5.8499565E-03
256.5	 -2.5844439E-03
261.5	  4.2991466E-03
322.5	 -1.1792751E-02
324.5	  1.2838053E-02
381.5	 -3.3372985E-03
383.5	  1.0832024E-02
400.5	 -2.7550657E-03
404.5	  4.2834906E-03
424.5	 -1.2050107E-02
425.5	  9.8864837E-03
551.5	 -2.3356986E-03
554.5	  3.4205222E-03
690.5	 -5.6309369E-03
693.5	  3.7816293E-03
746.5	 -1.6011371E-03
749.5	  2.8266357E-03
914.5	 -1.1764192E-03
917.5	  2.2125996E-03
959.5	 -1.9001344E-03
961.5	  3.5863086E-03
