-1166.5	  2.4246557E-03
-1164.5	 -1.8462193E-03
-653.5	  2.3554810E-03
-647.5	 -4.0772758E-04
-373.5	  4.1067661E-03
-369.5	 -2.3890249E-03
-276.5	  3.1210626E-03
-271.5	 -1.4155515E-03
-103.5	  7.4828980E-03
-98.5	 -4.4100056E-03
-93.5	  8.0915187E-03
-90.5	 -5.4853293E-03
-2.5	  0.4398153    
8.5	 -4.2917738E-03
11.5	  7.6124063E-03
14.5	 -3.9756568E-03
22.5	  3.4339730E-02
58.5	 -2.5965332E-03
66.5	  1.5350871E-02
105.5	 -1.4521012E-02
110.5	  4.1581012E-02
180.5	 -2.0291642E-03
185.5	  8.9515327E-03
208.5	 -6.1238431E-03
213.5	  1.2652832E-02
340.5	 -3.0111822E-03
344.5	  4.3785241E-03
368.5	 -2.9157423E-03
375.5	  2.0750535E-03
379.5	 -2.3177948E-03
383.5	  3.4554640E-03
404.5	 -2.4320786E-03
408.5	  3.5023342E-03
432.5	 -1.0908436E-03
436.5	  2.8330132E-03
695.5	 -1.0689180E-03
700.5	  2.0333875E-03
794.5	 -4.2844876E-03
796.5	  6.7268512E-03
810.5	 -3.7162749E-03
812.5	  4.5088283E-03
931.5	 -3.1054583E-03
933.5	  4.4222400E-03
