-1670.5	  1.2651455E-03
-1667.5	 -8.8196329E-04
-894.5	  7.6441439E-03
-893.5	 -7.9128351E-03
-830.5	  3.8013728E-03
-828.5	 -5.0806883E-03
-630.5	  3.3087237E-03
-627.5	 -2.2336936E-03
-525.5	  4.2550825E-03
-521.5	 -3.0309309E-03
-343.5	  5.2281478E-03
-340.5	 -4.2764894E-03
-155.5	  9.4626574E-03
-149.5	 -2.0248189E-03
-74.5	  1.0650999E-02
-68.5	 -3.8033088E-03
-64.5	  4.6237395E-03
-59.5	 -1.3598034E-03
-53.5	  5.3418744E-03
-52.5	 -3.2526780E-02
-11.5	  0.4154000    
4.5	 -1.2669410E-03
17.5	  0.1399971    
206.5	 -1.4078852E-03
211.5	  8.1002526E-03
340.5	 -1.9826642E-03
344.5	  4.6839505E-03
404.5	 -2.7663750E-03
407.5	  4.5170872E-03
447.5	 -2.4100950E-03
451.5	  4.1831890E-03
636.5	 -3.6272695E-03
640.5	  3.4136791E-03
908.5	 -1.4229603E-03
911.5	  1.9433600E-03
1049.5	 -2.4228601E-03
1053.5	  2.2924521E-03
