-1708.5	  2.3078513E-03
-1707.5	 -9.4197644E-04
-1037.5	  4.9211872E-03
-1035.5	 -4.4706492E-03
-798.5	  2.6259953E-03
-795.5	 -1.0091246E-03
-724.5	  2.8740924E-03
-721.5	 -2.1582362E-03
-417.5	  4.0975632E-03
-412.5	 -1.1677800E-03
-368.5	  4.7971895E-03
-360.5	 -1.4563909E-02
-315.5	  1.4112022E-02
-314.5	 -3.5517938E-02
-173.5	  7.5619635E-03
-167.5	 -2.4310248E-03
-158.5	  1.2268028E-02
-155.5	 -5.2664941E-03
-134.5	  1.6474163E-02
-128.5	 -1.4203412E-03
-97.5	  8.7002376E-03
-96.5	  8.7002376E-03
-89.5	 -2.7921954E-03
-27.5	  0.1842700    
-15.5	 -4.4978317E-03
7.5	  0.5765597    
8.5	  0.5753819    
96.5	 -1.5011769E-03
103.5	  8.2740961E-03
150.5	 -1.3527276E-03
156.5	  6.3428548E-03
225.5	 -3.2001652E-03
230.5	  5.5332039E-03
400.5	 -2.1939832E-03
406.5	  3.9502708E-03
433.5	 -1.1834757E-03
437.5	  4.8878719E-03
491.5	 -1.1546094E-03
494.5	  2.3311405E-03
499.5	 -2.2715828E-03
503.5	  3.3251042E-03
