-1211.5	  2.1046237E-03
-1209.5	 -1.6686656E-03
-1091.5	  4.1910354E-03
-642.5	  7.6425038E-03
-641.5	 -1.2242872E-02
-478.5	  5.0475504E-03
-475.5	 -2.8924979E-03
-407.5	  5.0862147E-03
-404.5	 -3.2080677E-03
-290.5	  3.5616546E-03
-285.5	 -1.1820693E-03
-58.5	  1.6063910E-02
-50.5	 -1.0717593E-03
-11.5	  0.4092824    
29.5	 -1.0151781E-02
37.5	  1.8069063E-03
40.5	 -2.6242330E-03
49.5	  6.9376402E-02
126.5	 -5.7330253E-03
130.5	  2.0385919E-02
144.5	 -3.6855610E-03
149.5	  7.3923711E-03
196.5	 -4.6780794E-03
200.5	  1.2392538E-02
326.5	 -1.6744859E-03
331.5	  3.7082043E-03
383.5	 -3.2379625E-03
386.5	  5.2206074E-03
480.5	 -1.1913987E-03
484.5	  3.0369074E-03
595.5	 -1.4640567E-03
599.5	  2.5877776E-03
644.5	 -3.1744014E-03
646.5	  3.9299424E-03
954.5	 -2.1918959E-03
957.5	  2.6072939E-03
