-763.5	  2.3789208E-03
-760.5	 -1.3274497E-03
-551.5	  4.2230343E-03
-548.5	 -3.7711877E-03
-542.5	  3.3918880E-03
-539.5	 -3.6043266E-03
-532.5	  7.9064816E-03
-530.5	 -3.4548899E-03
-446.5	  4.9502947E-03
-443.5	 -3.5290567E-03
-354.5	  3.9470415E-03
-349.5	 -1.1730224E-03
-205.5	  7.6764063E-03
-200.5	 -3.3233615E-03
-170.5	  1.8527104E-02
-167.5	 -6.9539701E-03
-76.5	  1.1212659E-02
-69.5	 -2.3035333E-03
-50.5	  4.1459169E-02
-44.5	 -4.3491973E-03
-16.5	  0.3219457    
-15.5	  0.2953030    
-3.5	 -2.0006231E-03
10.5	  0.4480543    
69.5	 -3.7975293E-03
73.5	  1.2168421E-02
79.5	 -2.7904967E-03
86.5	  1.1296277E-02
165.5	 -9.4354842E-03
168.5	  1.4665077E-02
179.5	 -3.6939371E-03
184.5	  4.6556708E-03
197.5	 -2.7102388E-03
203.5	  5.1678754E-03
293.5	 -2.6487052E-03
297.5	  4.3580588E-03
421.5	 -2.4805465E-03
425.5	  3.6608740E-03
459.5	 -3.1239060E-03
464.5	  4.2193700E-03
509.5	 -1.2823880E-03
513.5	  3.2477984E-03
878.5	 -2.2414825E-03
883.5	  2.2535338E-03
1082.5	 -2.5043227E-03
1084.5	  4.1252687E-03
