-961.5	  1.8150578E-03
-956.5	 -6.6330179E-04
-592.5	  2.7796184E-03
-588.5	 -9.3424437E-04
-418.5	  4.5168349E-03
-414.5	 -2.9240141E-03
-363.5	  4.5900373E-03
-358.5	 -2.8461898E-03
-294.5	  4.5162560E-03
-289.5	 -3.0491049E-03
-266.5	  6.0031670E-03
-262.5	 -3.9590565E-03
-256.5	  4.8983027E-03
-252.5	 -2.3933006E-03
-236.5	  1.4080198E-02
-233.5	 -6.2383199E-03
-72.5	  1.0480381E-02
-66.5	 -3.3578256E-03
-57.5	  2.1880342E-02
-51.5	 -2.9150764E-03
-7.5	  0.3789944    
13.5	 -8.2189582E-02
21.5	  0.1327102    
37.5	 -3.0732292E-03
42.5	  8.2704201E-03
48.5	 -8.7606171E-03
59.5	  7.3360324E-02
265.5	 -6.9382568E-03
269.5	  4.4965036E-03
276.5	 -2.2093344E-03
282.5	  4.9350942E-03
296.5	 -4.6789795E-03
300.5	  5.7329889E-03
362.5	 -3.5311987E-03
366.5	  4.5083542E-03
677.5	 -3.5023603E-03
679.5	  3.8984295E-03
777.5	 -2.3084222E-03
779.5	  4.8821364E-03
