-1209.5	  5.0285556E-03
-1207.5	 -2.1562115E-03
-1138.5	  1.8273941E-03
-1135.5	 -9.3388313E-04
-819.5	  3.9624302E-03
-817.5	 -3.5213293E-03
-761.5	  4.4370615E-03
-759.5	 -5.5819023E-03
-632.5	  5.3887363E-03
-629.5	 -4.5883120E-03
-594.5	  3.8518792E-03
-590.5	 -1.6480960E-03
-449.5	  8.3529698E-03
-446.5	 -4.0419907E-03
-318.5	  3.4602513E-03
-313.5	 -1.6349978E-03
-181.5	  2.9722836E-02
-179.5	 -1.0965300E-02
-153.5	  6.3618389E-03
-148.5	 -2.9646894E-03
-138.5	  1.7619779E-02
-134.5	 -5.3078104E-03
-106.5	  3.9961562E-02
-102.5	 -2.0934435E-02
-86.5	  6.8294606E-03
-80.5	 -2.3713612E-03
-71.5	  1.3465003E-02
-67.5	 -2.4762426E-03
-13.5	  0.5031357    
-12.5	  0.4928111    
8.5	 -0.3315056    
17.5	  0.5780362    
18.5	  0.5797799    
127.5	 -1.0791301E-03
133.5	  8.7882001E-03
199.5	 -9.1183063E-04
205.5	  6.7600515E-03
257.5	 -7.3327743E-03
259.5	  1.3676994E-02
276.5	 -2.3629603E-03
281.5	  3.8016452E-03
370.5	 -2.6263092E-03
374.5	  3.7827538E-03
449.5	 -1.4142737E-03
453.5	  3.9766682E-03
712.5	 -1.8459188E-03
716.5	  2.6765056E-03
784.5	 -2.4826920E-03
787.5	  2.9353232E-03
891.5	 -2.3528587E-03
893.5	  4.4143545E-03
1124.5	 -2.1038272E-03
1125.5	  6.6535412E-03
1272.5	 -8.9785812E-04
1275.5	  1.6803895E-03
