-1133.5	  2.7186999E-03
-1131.5	 -1.6500705E-03
-790.5	  5.3676637E-03
-789.5	 -1.4279862E-02
-755.5	  3.3323003E-03
-753.5	 -2.2186905E-03
-474.5	  3.3608289E-03
-470.5	 -1.6579010E-03
-422.5	  4.3590269E-03
-419.5	 -3.7464318E-03
-360.5	  5.2233036E-03
-356.5	 -3.3571511E-03
-328.5	  8.1796646E-03
-325.5	 -4.7134641E-03
-276.5	  5.1348899E-03
-271.5	 -2.6099861E-03
-214.5	  1.9608077E-02
-211.5	 -9.9433158E-03
-116.5	  8.1253722E-03
-109.5	 -1.0906839E-03
-99.5	  7.8778584E-03
-93.5	 -2.4703750E-03
-88.5	  6.4951535E-03
-38.5	  2.3860287E-02
-28.5	 -6.3087400E-03
1.5	  0.3341304    
2.5	  -1.557053    
3.5	 -0.8907616    
4.5	  0.3524313    
107.5	 -6.4259954E-03
114.5	  1.1308100E-02
146.5	 -1.3585230E-03
152.5	  8.0869338E-03
176.5	 -7.2264583E-03
180.5	  1.7301571E-02
221.5	 -3.8110691E-03
227.5	  6.1514522E-03
238.5	 -1.4052769E-03
247.5	  1.2856791E-02
485.5	 -1.8346470E-03
490.5	  3.7787824E-03
508.5	 -9.7323945E-03
509.5	  1.0722786E-02
