-1350.5	  2.1364149E-03
-1348.5	 -1.8293733E-03
-929.5	  4.0318929E-03
-927.5	 -3.0082432E-03
-809.5	  3.4864142E-03
-807.5	 -3.4077840E-03
-782.5	  3.6504865E-03
-780.5	 -4.7147982E-03
-698.5	  2.9519135E-03
-695.5	 -1.5314549E-03
-485.5	  3.9261640E-03
-482.5	 -3.0788912E-03
-449.5	  5.9803654E-03
-446.5	 -3.7536244E-03
-293.5	  4.5137685E-03
-289.5	 -2.8734743E-03
-271.5	  1.1599456E-02
-268.5	 -4.0864213E-03
-218.5	  3.3205651E-02
-216.5	 -1.7125607E-02
-11.5	  6.2675014E-02
-3.5	 -2.6600857E-03
4.5	  5.4345232E-02
21.5	 -1.6353622E-03
29.5	  4.2009931E-02
240.5	 -3.6784285E-03
243.5	  1.1986036E-02
258.5	 -2.6733570E-03
262.5	  5.2474150E-03
362.5	 -2.1049278E-03
368.5	  3.8470116E-03
419.5	 -1.8490480E-03
424.5	  3.4700602E-03
499.5	 -3.0445408E-03
502.5	  4.4692811E-03
769.5	 -1.3537909E-03
772.5	  2.9237575E-03
875.5	 -9.5105096E-04
879.5	  2.0873337E-03
1216.5	 -8.4762246E-04
1223.5	  1.8269554E-03
