-1507.5	  3.8504528E-03
-730.5	  2.2135323E-03
-727.5	 -1.6000313E-03
-580.5	  3.1696260E-03
-576.5	 -1.6221980E-03
-473.5	  3.5430409E-03
-470.5	 -1.4417804E-03
-399.5	  4.2623687E-03
-394.5	 -1.6446087E-03
-181.5	  1.3386780E-02
-175.5	 -1.6965847E-03
-133.5	  1.0278932E-02
-127.5	 -1.5274987E-03
-93.5	  1.3163645E-02
-86.5	 -1.3510643E-03
0.5	  0.9048879    
1.5	  0.9278252    
63.5	 -5.3992420E-03
67.5	  1.9175671E-02
77.5	 -3.0476393E-03
82.5	  3.9978032E-03
89.5	 -2.2321877E-03
97.5	  3.4291361E-02
108.5	 -3.5172445E-03
114.5	  7.6837540E-03
156.5	 -1.1328129E-03
162.5	  1.1164733E-02
349.5	 -1.7321743E-03
354.5	  4.1615381E-03
453.5	  1.2358376E-03
454.5	  1.5362861E-02
556.5	 -8.5491315E-03
558.5	  6.6507650E-03
