-859.5	  2.8201549E-03
-857.5	 -1.4138491E-03
-517.5	  2.9504783E-03
-512.5	 -4.7227135E-03
-318.5	  3.1023533E-03
-310.5	 -1.6380906E-03
-252.5	  4.9936818E-03
-247.5	 -2.7498496E-03
-7.5	  0.6598397    
-6.5	  0.6575035    
7.5	 -3.5516247E-03
14.5	  4.6896942E-02
24.5	 -3.9209306E-02
36.5	  0.1275873    
60.5	 -3.5580572E-02
64.5	  5.6845859E-02
78.5	 -2.9717702E-03
85.5	  1.1966024E-02
184.5	 -2.1455979E-02
185.5	 -2.1455979E-02
188.5	  2.5101192E-02
387.5	 -3.1368465E-03
389.5	  8.2662469E-03
408.5	 -3.8873872E-03
411.5	  4.7079502E-03
440.5	 -8.5449545E-04
445.5	  3.9695557E-03
529.5	 -2.3784307E-03
533.5	  4.2793886E-03
589.5	 -9.7668311E-04
593.5	  2.1354030E-03
613.5	 -2.1035990E-03
616.5	  3.5148358E-03
694.5	 -5.7415836E-03
695.5	  6.6830860E-03
911.5	 -2.3159233E-03
912.5	  3.4042071E-03
