-934.5	  1.9570622E-03
-930.5	 -1.1496008E-03
-879.5	  6.5455674E-03
-877.5	 -3.7235210E-03
-756.5	  4.4276533E-03
-754.5	 -1.8367721E-03
-686.5	  1.0206942E-02
-685.5	 -5.5456343E-03
-484.5	  1.8040476E-02
-483.5	 -7.9475259E-03
-455.5	  8.3963154E-03
-453.5	 -4.9055126E-03
-330.5	  5.2224533E-03
-325.5	 -3.2323308E-03
-219.5	  1.3891409E-02
-215.5	 -5.9094764E-03
-124.5	  7.5410130E-03
-118.5	 -4.0887385E-03
-102.5	  7.4666138E-03
-95.5	 -1.4351747E-03
-87.5	  4.6771541E-03
-82.5	 -2.6383863E-03
-61.5	  4.9299207E-02
-55.5	 -5.6286701E-03
-32.5	  0.1498829    
-20.5	 -5.0368789E-03
-4.5	  0.2713122    
14.5	 -1.6111840E-03
27.5	  0.1708357    
106.5	 -1.0296579E-02
111.5	  3.3782974E-02
141.5	 -3.0785047E-03
148.5	  2.4060894E-02
378.5	 -4.9606455E-03
380.5	  4.2979489E-03
433.5	 -7.3429625E-03
435.5	  6.0283211E-03
531.5	 -3.6271475E-03
533.5	  7.9625361E-03
545.5	 -4.8631816E-03
546.5	  7.2725140E-03
671.5	 -3.9903750E-03
673.5	  8.8000670E-03
732.5	 -6.9172126E-03
733.5	  6.2298095E-03
797.5	 -2.2819466E-03
822.5	 -7.2360510E-04
826.5	  1.8788420E-03
