-1331.5	  6.1191954E-03
-1330.5	 -2.1867983E-03
-1230.5	  2.3003488E-03
-1228.5	 -2.3754719E-03
-840.5	  4.7666845E-03
-837.5	 -2.7395098E-03
-712.5	  2.1081422E-03
-708.5	 -1.1539075E-03
-438.5	  2.6430185E-03
-432.5	 -1.6671347E-03
-315.5	  5.0022854E-03
-310.5	 -2.5102114E-03
-219.5	  5.0951038E-03
-213.5	 -2.4913948E-03
-196.5	  1.3529002E-02
-194.5	 -9.2920279E-03
-45.5	  7.2557859E-02
-36.5	 -1.5264638E-03
-16.5	  3.1742774E-02
-7.5	 -5.9125815E-03
13.5	  0.2072298    
36.5	 -4.9215034E-03
46.5	  0.1083411    
47.5	  0.1083411    
89.5	 -1.0738384E-03
95.5	  1.2695598E-02
96.5	  1.2695598E-02
206.5	 -1.0892589E-02
209.5	  2.1709576E-02
237.5	 -1.0479670E-02
238.5	  1.2127456E-02
249.5	 -2.6405500E-03
254.5	  6.5043364E-03
386.5	 -1.9696702E-03
391.5	  4.5704884E-03
435.5	 -2.3006685E-03
439.5	  3.4049063E-03
461.5	 -4.9661426E-03
463.5	  6.0153245E-03
667.5	 -3.6425919E-03
670.5	  3.9187772E-03
702.5	 -9.1609790E-04
706.5	  3.1931745E-03
1653.5	 -8.8450284E-04
1656.5	  1.3538391E-03
