-1082.5	  3.1329715E-03
-1080.5	 -2.1068810E-03
-947.5	  2.3337256E-03
-943.5	 -1.3151558E-03
-815.5	  1.4685423E-03
-756.5	  5.9147584E-03
-755.5	 -1.4198558E-02
-521.5	  2.9723360E-03
-516.5	 -8.3070219E-04
-326.5	  4.5488618E-02
-325.5	 -1.6160054E-02
-304.5	  5.1898584E-03
-299.5	 -1.5596204E-03
-239.5	  1.4715815E-02
-236.5	 -6.8847737E-03
-119.5	  9.9302502E-03
-112.5	 -1.6356520E-03
-101.5	  1.3703053E-02
-94.5	 -1.5535323E-03
-76.5	  7.2143793E-02
-72.5	 -3.8882509E-02
-2.5	  0.8504618    
-1.5	   1.003491    
62.5	 -1.6943389E-03
72.5	  4.7460414E-02
271.5	 -2.6979495E-03
276.5	  5.0111623E-03
474.5	 -2.3274103E-03
477.5	  4.2081987E-03
565.5	 -1.2524652E-02
566.5	  9.1643156E-03
634.5	 -2.7166449E-03
637.5	  3.9830641E-03
686.5	 -1.1771035E-03
689.5	  2.7728011E-03
827.5	 -3.3079691E-03
829.5	  3.7825338E-03
