-734.5	  5.4106554E-03
-626.5	  4.3205167E-03
-624.5	 -5.6099906E-03
-437.5	  4.0657297E-03
-434.5	 -3.2371001E-03
-339.5	  4.3544103E-03
-335.5	 -2.8324733E-03
-319.5	  4.1668150E-03
-314.5	 -9.4535499E-04
-79.5	  1.0112968E-02
-72.5	 -1.8915866E-03
-2.5	   1.432030    
-1.5	   1.692649    
41.5	 -2.4537847E-03
51.5	  5.8255464E-02
104.5	 -4.3092472E-03
110.5	  1.7213337E-02
141.5	 -1.0944093E-03
147.5	  7.6329508E-03
256.5	 -5.3452317E-02
258.5	  1.5521913E-02
294.5	 -2.9570719E-03
298.5	  4.5242282E-03
411.5	 -3.1445238E-03
414.5	  4.2919815E-03
463.5	 -1.1097853E-03
467.5	  2.6791168E-03
479.5	 -3.0723924E-03
483.5	  6.0573346E-03
656.5	 -1.2792365E-03
661.5	  2.5507419E-03
724.5	 -1.4948829E-03
729.5	  2.3451999E-03
