-678.5	  6.2083886E-03
-676.5	 -4.5745992E-03
-529.5	  3.4575709E-03
-526.5	 -2.9475302E-03
-484.5	  3.4013898E-03
-479.5	 -1.6555475E-03
-365.5	  5.4228799E-03
-362.5	 -3.9120065E-03
-237.5	  5.6597879E-03
-231.5	 -9.1072125E-04
-208.5	  8.7649096E-03
-203.5	 -2.3019835E-03
-133.5	  1.7431976E-02
-126.5	 -2.3215769E-03
-81.5	  5.7377789E-02
-76.5	 -2.4886835E-02
-12.5	  0.4420164    
8.5	 -7.9568744E-02
16.5	  0.1221116    
28.5	 -4.5151901E-03
37.5	  4.5934346E-02
142.5	 -1.4638834E-03
147.5	  1.3469032E-02
207.5	 -1.9259704E-02
210.5	  1.6255420E-02
254.5	 -2.7785467E-03
259.5	  6.0908739E-03
433.5	 -3.4258030E-03
436.5	  5.2372436E-03
545.5	 -2.8106386E-03
547.5	  5.9984592E-03
558.5	 -2.5498818E-03
561.5	  3.8247614E-03
640.5	 -9.6783601E-04
644.5	  2.8638707E-03
1277.5	 -1.5666966E-03
1278.5	  1.7876392E-02
