-482.5	  3.5436291E-03
-478.5	 -2.2185293E-03
-465.5	  3.5298949E-03
-460.5	 -1.1550256E-03
-374.5	  4.6011587E-03
-366.5	 -1.4322640E-03
-214.5	  5.3024762E-03
-208.5	 -1.3036523E-03
-43.5	  2.0644432E-02
-36.5	 -3.2627934E-03
-32.5	  7.6398952E-03
-28.5	 -3.4226715E-03
2.5	   1.011183    
83.5	 -1.0748687E-03
90.5	  1.5164585E-02
103.5	 -5.4901824E-03
110.5	  2.3578240E-02
138.5	 -1.9117327E-03
144.5	  1.0895782E-02
235.5	 -2.7082406E-03
240.5	  5.3213118E-03
252.5	 -3.6656065E-03
256.5	  8.9106336E-03
428.5	 -1.1801565E-03
432.5	  2.8400747E-03
471.5	 -1.4889478E-03
475.5	  2.5588342E-03
484.5	 -2.6757652E-03
487.5	  4.0197857E-03
650.5	 -2.5635825E-03
654.5	  3.0517564E-03
1037.5	 -4.0086084E-03
1038.5	  5.8945809E-03
1072.5	  2.6945258E-04
1213.5	 -1.5897276E-03
1215.5	  2.1075727E-03
