-943.5	  2.9564542E-03
-941.5	 -1.9893567E-03
-781.5	  2.5762983E-03
-778.5	 -1.8592152E-03
-682.5	  4.0161740E-03
-680.5	 -4.2335568E-03
-481.5	  2.3229301E-03
-476.5	 -9.4054762E-04
-318.5	  3.9457325E-03
-313.5	 -2.3150190E-03
-252.5	  4.7950712E-03
-246.5	 -1.0584340E-03
-229.5	  2.6607251E-02
-227.5	 -3.3736646E-02
-91.5	  0.1071851    
-88.5	 -0.1009625    
-12.5	  0.4196990    
5.5	 -1.1969315E-03
17.5	  0.2913326    
18.5	  0.3165103    
107.5	 -4.2431741E-03
111.5	  1.5664138E-02
123.5	 -1.3649712E-03
130.5	  9.7825462E-03
197.5	 -1.9126868E-02
198.5	  2.3498610E-02
282.5	 -4.1492912E-03
286.5	  6.7146104E-03
383.5	 -2.3730262E-03
387.5	  4.9169189E-03
396.5	 -2.7341333E-03
400.5	  4.2124633E-03
574.5	 -4.2467555E-03
576.5	  5.5132457E-03
711.5	 -1.0597907E-03
715.5	  2.5045844E-03
780.5	 -2.9081178E-03
783.5	  3.8150214E-03
871.5	 -5.7753096E-03
872.5	  1.0017743E-02
1217.5	 -1.2211424E-03
1219.5	  1.8681979E-03
