-1154.5	  1.4348739E-03
-1150.5	 -6.9348526E-04
-839.5	  2.8748589E-03
-835.5	 -2.6242447E-03
-638.5	  6.6318237E-03
-636.5	 -2.1941841E-03
-559.5	  3.5317987E-03
-556.5	 -2.0343838E-03
-522.5	  3.5561838E-03
-518.5	 -1.3962014E-03
-421.5	  3.5057107E-03
-417.5	 -2.2270782E-03
-287.5	  4.1641365E-03
-281.5	 -2.5630244E-03
-57.5	  8.8097386E-02
-48.5	 -1.2416749E-02
9.5	  0.6319037    
115.5	 -4.6969675E-03
120.5	  2.6736468E-02
144.5	 -3.4119030E-03
149.5	  1.0121372E-02
184.5	 -4.1561141E-03
188.5	  1.1517669E-02
264.5	 -3.1289577E-03
269.5	  4.8378678E-03
408.5	 -1.9302999E-03
412.5	  5.0847437E-03
432.5	 -2.2395949E-03
437.5	  3.6849850E-03
509.5	 -1.1163001E-03
512.5	  2.7758123E-03
521.5	 -3.5435315E-03
524.5	  4.2402064E-03
525.5	  4.2402064E-03
904.5	 -1.4045907E-03
907.5	  2.4168356E-03
1048.5	 -2.0801644E-03
1049.5	  4.7299560E-02
1440.5	 -7.6746399E-04
1443.5	  1.3491045E-03
