-1120.5	  4.2871814E-03
-930.5	  3.7657339E-03
-928.5	 -3.6798525E-03
-758.5	  3.0120159E-03
-755.5	 -1.4088402E-03
-682.5	  3.3948584E-03
-679.5	 -4.5831958E-03
-676.5	  9.5632114E-03
-674.5	 -8.9019481E-03
-617.5	  5.3050756E-03
-615.5	 -6.5836264E-03
-395.5	  4.7975900E-03
-391.5	 -3.0459170E-03
-308.5	  5.3782589E-03
-304.5	 -1.9926142E-03
-258.5	  5.7743080E-03
-254.5	 -3.6428382E-03
-211.5	  1.4640807E-02
-204.5	 -1.5712726E-03
-97.5	  1.0467237E-02
-90.5	 -3.9612460E-03
-45.5	  1.4841413E-02
-38.5	 -4.5769196E-03
-36.5	  3.9255186E-03
-31.5	 -1.3544051E-03
-26.5	  6.7504095E-03
-23.5	 -3.3093614E-03
-9.5	  0.4411298    
16.5	 -6.3643008E-02
33.5	  0.2263233    
89.5	 -3.8517236E-03
96.5	  1.2220664E-02
185.5	 -7.0090182E-03
189.5	  1.7155768E-02
220.5	 -3.8401841E-03
224.5	  5.9981970E-03
305.5	 -2.2820265E-03
309.5	  3.6891887E-03
406.5	 -1.5163608E-03
410.5	  4.0420955E-03
455.5	 -1.0726495E-03
460.5	  3.9331820E-03
607.5	 -5.3087804E-03
608.5	  4.5020068E-03
711.5	 -2.2148527E-03
714.5	  3.0681051E-03
1017.5	 -3.1232033E-03
1018.5	  2.5811004E-03
1209.5	 -1.3786409E-03
1211.5	  3.4662364E-03
