-635.5	  3.6124357E-03
-632.5	 -3.0566435E-03
-534.5	  5.0961562E-03
-531.5	 -2.8546241E-03
-466.5	  4.0106825E-03
-463.5	 -1.6220452E-03
-397.5	  3.6225580E-03
-392.5	 -9.7607280E-04
-348.5	  4.9040699E-03
-344.5	 -3.0258659E-03
-287.5	  4.2731287E-03
-282.5	 -1.8982138E-03
-252.5	  5.7704239E-03
-246.5	 -7.0385920E-04
-132.5	  2.7414314E-02
-127.5	 -7.2858701E-03
-86.5	  3.7960637E-02
-79.5	 -5.1357732E-03
-26.5	  0.5649668    
-25.5	  0.5453335    
-11.5	 -2.7724849E-02
11.5	  0.4188353    
56.5	 -4.2937123E-03
63.5	  2.0507429E-02
72.5	 -3.0404951E-03
79.5	  2.8692113E-02
118.5	 -4.0449528E-03
122.5	  1.7522020E-02
151.5	 -1.8229333E-03
157.5	  4.5292219E-03
292.5	 -3.6323392E-03
297.5	  5.6342888E-03
317.5	 -1.3771197E-03
322.5	  5.0690118E-03
520.5	 -1.2998685E-03
525.5	  2.6786930E-03
527.5	 -4.3992675E-03
531.5	  3.7922047E-03
599.5	 -2.6944515E-03
602.5	  3.5375867E-03
838.5	 -7.0596486E-04
842.5	  1.6977538E-03
1176.5	 -1.4374543E-03
1178.5	  3.0991011E-03
