-1477.5	  2.6000985E-03
-1476.5	 -1.8579301E-03
-1369.5	  1.7419539E-03
-1366.5	 -1.4769429E-03
-1153.5	  3.2762352E-03
-1151.5	 -3.5228075E-03
-1033.5	  2.0820329E-03
-1030.5	 -1.5059975E-03
-810.5	  3.4252289E-03
-808.5	 -2.3937833E-03
-757.5	  4.6302932E-03
-756.5	 -4.0630926E-03
-564.5	  3.5071722E-03
-560.5	 -2.6929262E-03
-402.5	  5.9838165E-03
-399.5	 -3.6402936E-03
-340.5	  5.7892525E-03
-336.5	 -2.2084399E-03
-276.5	  8.8298796E-03
-273.5	 -4.2450745E-03
-190.5	  5.6602056E-03
-184.5	 -1.2011230E-03
-169.5	  1.2144428E-02
-166.5	 -6.1103320E-03
-39.5	  0.1810947    
-28.5	 -0.1438910    
14.5	  0.3847183    
15.5	  0.3847183    
94.5	 -3.5323803E-03
105.5	  1.0030231E-02
234.5	 -1.8948050E-03
240.5	  1.6535932E-02
432.5	 -6.1815814E-04
438.5	  2.4119252E-03
524.5	 -6.0469257E-03
526.5	  5.3914390E-03
553.5	 -1.2670895E-02
554.5	  9.0760225E-03
677.5	 -2.9913271E-03
678.5	  1.2892909E-02
681.5	 -3.9249356E-03
684.5	  3.4057950E-03
1123.5	 -1.7686200E-03
1127.5	  1.8598381E-03
