-1075.5	  1.9831422E-03
-1072.5	 -1.4565150E-03
-850.5	  2.5405453E-03
-847.5	 -1.8054750E-03
-773.5	  3.4138851E-03
-770.5	 -1.8203028E-03
-626.5	  3.2295438E-03
-623.5	 -1.6815589E-03
-546.5	  4.1093729E-03
-543.5	 -2.9001783E-03
-426.5	  4.8909155E-03
-422.5	 -2.9351697E-03
-370.5	  3.0274591E-03
-365.5	 -1.2534765E-03
-236.5	  1.0805606E-02
-232.5	 -4.4390447E-03
-148.5	  4.2196460E-02
-146.5	 -2.3887839E-02
-145.5	 -2.3887839E-02
-1.5	  0.7739510    
34.5	 -1.0580972E-03
41.5	  4.2483348E-02
53.5	 -1.0122122E-03
61.5	  1.2303533E-02
70.5	 -4.9856976E-03
73.5	  9.7616073E-03
78.5	 -3.0890545E-03
85.5	  1.0873990E-02
327.5	 -2.7183615E-02
328.5	  4.1782275E-02
344.5	 -3.3348203E-03
348.5	  5.3036585E-03
395.5	 -3.4109598E-03
398.5	  5.4408899E-03
580.5	 -1.9907462E-03
583.5	  4.0116431E-03
661.5	  6.8908967E-03
662.5	  1.9319113E-02
669.5	 -1.6276943E-03
672.5	  2.7414220E-03
848.5	 -2.3700891E-03
850.5	  2.7230177E-03
895.5	 -1.9374326E-03
898.5	  2.6293844E-03
1184.5	 -1.8064840E-03
1186.5	  2.0991764E-03
1704.5	 -1.4964174E-03
1705.5	  1.6152021E-03
