-884.5	  7.0359143E-03
-883.5	 -8.7160617E-03
-809.5	  1.7331897E-03
-795.5	  5.1235221E-03
-794.5	  5.1235221E-03
-792.5	 -2.0544324E-03
-686.5	  3.2133190E-03
-684.5	 -2.5069267E-03
-577.5	  3.8051542E-03
-574.5	 -3.0222938E-03
-398.5	  5.1043425E-03
-393.5	 -1.3433375E-03
-302.5	  2.5755370E-03
-295.5	 -1.0590580E-03
-286.5	  1.0387134E-02
-285.5	 -1.8360138E-02
-162.5	  6.6500506E-03
-157.5	 -4.1004200E-03
-124.5	  2.4903025E-02
-119.5	 -7.0838337E-03
-113.5	  4.4988394E-03
-107.5	 -2.5510681E-03
-103.5	  6.3984604E-03
-100.5	 -4.9924674E-03
-52.5	  0.1004217    
-44.5	 -2.4254123E-02
4.5	   1.036442    
5.5	  0.9504859    
87.5	 -1.6237505E-03
94.5	  2.0398382E-02
181.5	 -5.9875161E-03
184.5	  1.3119164E-02
195.5	 -2.8283366E-03
200.5	  5.7897149E-03
284.5	 -1.8748620E-03
288.5	  5.0078123E-03
324.5	 -3.4583204E-03
329.5	  3.6031345E-03
337.5	 -3.2108466E-03
341.5	  4.9471557E-03
492.5	 -4.9843630E-03
494.5	  7.5806859E-03
672.5	 -3.9642709E-03
674.5	  4.6270462E-03
1000.5	 -1.9037526E-03
1002.5	  3.0030713E-03
