-1331.5	  3.6051609E-03
-1330.5	 -8.2972590E-03
-804.5	  3.7664436E-03
-801.5	 -3.8122043E-03
-325.5	  4.3006721E-03
-321.5	 -1.7967559E-03
-313.5	  3.8479930E-03
-310.5	 -3.7235552E-03
-273.5	  1.5985856E-02
-269.5	 -8.3783511E-03
-251.5	  1.0720394E-02
-248.5	 -4.5999214E-03
-101.5	  1.5160615E-02
-94.5	 -3.2314460E-03
-89.5	  9.0244915E-03
-85.5	 -4.3735406E-03
-42.5	  0.2824925    
-38.5	 -0.1723833    
-6.5	  0.3742281    
-5.5	  0.3491975    
9.5	 -1.3658523E-03
19.5	  0.1926192    
173.5	 -1.5844097E-02
174.5	  1.8447209E-02
192.5	 -3.2114005E-03
198.5	  5.9886705E-03
320.5	 -2.1314283E-03
324.5	  4.3194583E-03
510.5	 -1.3428434E-03
513.5	  1.5823145E-03
521.5	 -2.2632962E-03
526.5	  3.0377065E-03
643.5	 -2.9115558E-03
647.5	  3.3113295E-03
1216.5	 -3.4171804E-03
1217.5	  8.0227992E-03
1262.5	 -2.3769813E-03
1264.5	  3.1763816E-03
