-1304.5	  4.4866232E-03
-1303.5	 -2.7348055E-03
-971.5	  2.4726863E-03
-969.5	 -1.9214000E-03
-626.5	  4.3001361E-03
-624.5	 -4.3050447E-03
-557.5	  3.0963272E-03
-554.5	 -1.8127799E-03
-500.5	  2.6839331E-03
-495.5	 -6.8348774E-04
-472.5	  3.9472384E-03
-468.5	 -2.5085725E-03
-266.5	  4.8543569E-03
-261.5	 -2.4203218E-03
-207.5	  1.3920231E-02
-204.5	 -3.7768206E-03
-161.5	  1.3104075E-02
-156.5	 -2.4803663E-03
-111.5	  1.7361155E-02
-105.5	 -1.3604737E-03
-65.5	  9.3725689E-02
-54.5	 -6.9626472E-03
-0.5	  0.8120522    
0.5	  0.8178709    
133.5	 -1.1109258E-02
137.5	  3.0143024E-02
202.5	 -4.9146891E-02
203.5	  1.9777216E-02
217.5	 -2.6104718E-03
222.5	  4.8919478E-03
288.5	 -2.8270287E-03
292.5	  6.4224382E-03
349.5	 -1.8618393E-03
353.5	  4.9843299E-03
460.5	 -1.2650823E-03
464.5	  2.9250623E-03
853.5	 -2.4374800E-03
856.5	  3.2891724E-03
865.5	 -2.2227154E-03
868.5	  2.7069254E-03
1927.5	 -8.0801698E-04
1929.5	  1.7436665E-03
