-1087.5	  5.4048742E-03
-1086.5	 -7.7600451E-03
-664.5	  3.2500315E-03
-660.5	 -1.2649433E-03
-595.5	  2.7214047E-03
-591.5	 -2.0321331E-03
-558.5	  5.6659575E-03
-556.5	 -5.3302031E-03
-471.5	  4.2380621E-03
-468.5	 -3.8701203E-03
-379.5	  4.8106308E-03
-375.5	 -3.0248158E-03
-357.5	  1.4843323E-02
-354.5	 -8.9252833E-03
-318.5	  3.7077009E-03
-313.5	 -2.6997046E-03
-280.5	  2.6776666E-02
-278.5	 -1.6310474E-02
-171.5	  1.1740948E-02
-166.5	 -3.7420404E-03
-5.5	  3.6704894E-02
3.5	 -3.4730083E-03
19.5	  0.1374197    
34.5	 -3.1390123E-03
41.5	  2.1727512E-02
99.5	 -4.3019559E-03
104.5	  2.6546722E-02
120.5	 -3.3031644E-03
125.5	  1.1559556E-02
225.5	 -1.1870874E-03
230.5	  8.5665463E-03
346.5	 -1.2921201E-03
351.5	  3.0241695E-03
412.5	 -2.0240545E-03
416.5	  5.2363924E-03
470.5	 -2.7225064E-03
474.5	  3.8429007E-03
544.5	 -2.4994845E-03
547.5	  2.1579848E-03
565.5	 -5.4494096E-03
567.5	  5.4356949E-03
1003.5	 -7.2140112E-03
1004.5	  5.4360232E-03
