-959.5	  2.7247891E-03
-957.5	 -2.7902306E-03
-912.5	  4.3663932E-03
-911.5	 -3.4578796E-03
-623.5	  4.2852494E-03
-618.5	 -8.5624456E-03
-460.5	  3.0330468E-03
-456.5	 -1.9122047E-03
-267.5	  5.7896120E-03
-261.5	 -2.3351272E-03
-199.5	  5.9598284E-03
-194.5	 -2.8991045E-03
-180.5	  1.5798569E-02
-178.5	 -1.0845964E-02
-56.5	  1.1197574E-02
-49.5	 -3.4460421E-03
-41.5	  2.9864239E-02
-35.5	 -4.4593671E-03
-31.5	  2.1328279E-03
-26.5	 -3.9902739E-03
-10.5	  0.2009493    
-0.5	 -0.1031725    
0.5	 -0.1031725    
16.5	  0.3623402    
17.5	  0.3781170    
127.5	 -1.1475036E-03
135.5	  9.9306060E-03
181.5	 -1.4437838E-03
187.5	  1.0975083E-02
234.5	 -7.3119877E-03
236.5	  1.2941180E-02
269.5	 -2.5139954E-03
274.5	  4.8661036E-03
395.5	 -4.9210689E-03
397.5	  8.3471145E-03
542.5	 -1.4819145E-03
545.5	  3.5932157E-03
559.5	 -1.2546059E-03
565.5	  2.8554546E-03
648.5	 -5.8999513E-03
649.5	  6.9672540E-03
659.5	 -4.3939776E-03
661.5	  5.2261697E-03
762.5	 -6.2560542E-03
764.5	  5.1096529E-03
1264.5	 -1.9449912E-03
