-1173.5	  2.2190805E-03
-1170.5	 -1.3999877E-03
-1009.5	  1.8301540E-03
-1005.5	 -9.7116106E-04
-882.5	  2.7666497E-03
-879.5	 -1.7587990E-03
-872.5	  2.0062756E-03
-871.5	 -1.3684717E-03
-659.5	  5.2030636E-03
-657.5	 -4.6458766E-03
-574.5	  3.2745353E-03
-570.5	 -1.4903921E-03
-440.5	  5.0795777E-03
-437.5	 -3.2389071E-03
-328.5	  4.6841782E-03
-324.5	 -3.7905814E-03
-142.5	  1.0384835E-02
-136.5	 -3.0879157E-03
-131.5	  9.6977316E-03
-100.5	  1.0744073E-02
-93.5	 -3.0409172E-03
-91.5	  3.7111400E-03
-85.5	 -2.9611080E-03
-29.5	  0.1684505    
-28.5	  0.1684505    
-16.5	 -2.2618463E-02
8.5	  0.5591955    
9.5	  0.5825008    
152.5	 -3.7445477E-03
159.5	  5.9692878E-03
235.5	 -3.4585041E-03
240.5	  6.1950381E-03
340.5	 -1.0331642E-02
341.5	  1.2104269E-02
374.5	 -1.0938073E-03
379.5	  3.3149563E-03
471.5	 -9.3772896E-03
472.5	  1.3390915E-02
532.5	 -1.9225073E-03
535.5	  3.4243339E-03
547.5	 -2.8825197E-03
552.5	  3.4356809E-03
703.5	 -1.9214801E-03
706.5	  3.3608081E-03
