-899.5	  1.9187204E-03
-896.5	 -1.0478775E-03
-798.5	  8.1816828E-03
-797.5	 -1.0312976E-02
-764.5	  3.3377837E-03
-761.5	 -1.9627949E-03
-650.5	  2.2203394E-03
-645.5	 -5.3284521E-04
-589.5	  3.8667729E-03
-586.5	 -2.6648329E-03
-529.5	  3.2065043E-03
-526.5	 -1.8077979E-03
-456.5	  3.1066427E-03
-452.5	 -1.8241210E-03
-389.5	  7.4745277E-03
-386.5	 -3.5640385E-03
-259.5	  5.2588079E-03
-254.5	 -3.0192663E-03
-206.5	  4.6982472E-03
-200.5	 -3.0255732E-03
-192.5	  1.2765176E-02
-190.5	 -7.5089550E-03
-80.5	  2.0920588E-02
-73.5	 -1.4168348E-03
-47.5	  7.8080021E-02
-38.5	 -8.5001398E-04
-0.5	  0.6501587    
30.5	 -3.8936322E-03
39.5	  6.0353782E-02
55.5	 -8.8780997E-03
64.5	  6.7373127E-02
270.5	 -5.2283178E-03
274.5	  6.6798110E-03
281.5	 -2.6718746E-03
286.5	  4.8217494E-03
333.5	 -2.4551232E-03
337.5	  2.3027628E-03
393.5	 -3.0709826E-03
396.5	  4.4843405E-03
547.5	 -1.1050248E-03
551.5	  2.5485791E-03
634.5	 -1.7340393E-03
637.5	  3.5025235E-03
824.5	 -9.8899696E-03
825.5	  6.9061276E-03
1133.5	 -1.8942003E-03
1135.5	  3.9655226E-03
1585.5	 -2.0539667E-03
1586.5	  1.3497838E-02
