-1340.5	  1.7875689E-03
-1337.5	 -2.0590364E-03
-913.5	  1.4049420E-03
-908.5	 -6.1325077E-04
-708.5	  2.9610856E-03
-705.5	 -2.3353377E-03
-654.5	  2.7347989E-03
-650.5	 -1.1482066E-03
-626.5	  3.1887186E-03
-623.5	 -1.7486443E-03
-562.5	  3.1890743E-03
-559.5	 -2.3169951E-03
-451.5	  4.1514621E-03
-447.5	 -2.9470192E-03
-398.5	  4.8099789E-03
-394.5	 -3.2807342E-03
-361.5	  5.5690138E-03
-357.5	 -4.8172818E-03
-355.5	  4.6056421E-03
-351.5	 -1.3315077E-03
-209.5	  5.2045579E-03
-204.5	 -3.5489381E-03
-110.5	  9.8031471E-03
-104.5	 -1.1705867E-03
-26.5	  3.3292625E-02
-16.5	 -7.4161515E-03
-14.5	  1.3279215E-02
-13.5	 -1.0160746E-02
-7.5	  2.6040424E-03
-4.5	 -2.5188003E-03
13.5	  0.4125549    
14.5	  0.4125549    
100.5	 -1.4762727E-03
107.5	  1.2485663E-02
152.5	 -1.3852017E-03
158.5	  5.5021332E-03
299.5	 -1.7467100E-02
300.5	  1.8474419E-02
335.5	 -3.4673046E-03
339.5	  5.4673660E-03
582.5	 -1.6136491E-03
586.5	  2.7135029E-03
695.5	 -1.4256558E-03
699.5	  2.3115547E-03
1345.5	 -2.0124856E-03
1348.5	  2.6953947E-03
1519.5	 -1.0511933E-03
1523.5	  1.3464740E-03
