-1249.5	  5.1869634E-03
-1248.5	 -4.2206007E-03
-1126.5	  2.3217888E-03
-1124.5	 -2.0690954E-03
-837.5	  2.7016064E-03
-833.5	 -1.5985400E-03
-669.5	  2.7915207E-03
-665.5	 -1.9427162E-03
-637.5	  5.1671206E-03
-635.5	 -3.9467304E-03
-559.5	  3.7509569E-03
-556.5	 -2.9605986E-03
-282.5	  6.1242008E-03
-275.5	 -1.9917043E-03
-136.5	  2.4938127E-02
-130.5	 -6.1146463E-03
-103.5	  8.9224698E-03
-97.5	 -3.4090737E-03
-93.5	  6.0443464E-03
-90.5	 -3.4286422E-03
-9.5	  0.5026147    
-8.5	  0.4872565    
12.5	 -1.5285967E-03
34.5	  0.1539444    
35.5	  0.1539444    
97.5	 -3.9633278E-02
102.5	  6.9699273E-02
235.5	 -1.0586414E-03
241.5	  6.9659529E-03
274.5	 -1.2464373E-03
279.5	  3.6867645E-03
328.5	 -3.1041543E-03
332.5	  4.5640245E-03
341.5	 -8.5746631E-04
347.5	  4.1788267E-03
531.5	 -1.7299956E-03
535.5	  3.6899869E-03
566.5	 -1.1680458E-03
570.5	  3.0189781E-03
655.5	 -8.7895237E-02
656.5	  5.5686431E-03
1644.5	 -1.0018707E-03
1647.5	  1.5133953E-03
