-686.5	  6.1471504E-03
-685.5	 -1.9037172E-02
-610.5	  2.7009605E-03
-607.5	 -1.6020300E-03
-507.5	  3.9487616E-03
-504.5	 -3.3619821E-03
-302.5	  4.5964993E-03
-296.5	 -1.2614588E-03
-66.5	  1.9781943E-02
-57.5	 -4.8129051E-04
-2.5	  0.8023357    
-1.5	  0.9410413    
24.5	 -3.0684453E-03
33.5	  9.5050305E-02
56.5	 -6.1595839E-02
59.5	  9.1778889E-02
71.5	 -3.4528049E-03
77.5	  1.0157641E-02
143.5	 -4.5970862E-04
153.5	  3.5604078E-02
246.5	 -1.1132099E-02
248.5	  1.2145617E-02
269.5	 -3.1432544E-03
273.5	  4.9781641E-03
455.5	 -3.9328537E-03
458.5	  4.4707884E-03
471.5	 -1.4040167E-03
475.5	  3.4178877E-03
606.5	 -1.0244256E-03
610.5	  2.5551817E-03
791.5	 -2.7175355E-03
793.5	  2.8966179E-03
978.5	 -4.7156778E-03
979.5	  1.1641225E-02
1101.5	 -1.9778756E-03
1102.5	  2.7817809E-03
