-758.5	  1.8399006E-03
-754.5	 -7.2275318E-04
-685.5	  4.6288162E-03
-683.5	 -3.3052543E-03
-599.5	  4.0159971E-03
-595.5	 -3.6731272E-03
-427.5	  3.4970078E-03
-422.5	 -3.2027622E-03
-389.5	  4.7563626E-03
-385.5	 -2.9787705E-03
-301.5	  4.5489264E-03
-296.5	 -4.3874169E-03
-182.5	  6.3057733E-03
-177.5	 -2.7345936E-03
-165.5	  7.4757487E-03
-158.5	 -3.5842545E-03
-145.5	  2.3325341E-02
-140.5	 -4.1304477E-03
-86.5	  6.2417470E-02
-81.5	 -3.3476498E-02
-36.5	  3.4634963E-02
-28.5	 -2.7731683E-03
-21.5	  2.9259441E-02
-16.5	 -5.4953238E-03
8.5	  0.6188039    
110.5	 -2.1139139E-03
117.5	  1.0379918E-02
460.5	 -7.9343095E-03
461.5	  1.2029376E-02
484.5	 -1.1076718E-03
488.5	  3.0067891E-03
595.5	 -2.6580107E-03
597.5	  3.7835420E-03
743.5	 -4.9064588E-03
744.5	  1.4473906E-02
1110.5	 -2.6711794E-03
1112.5	  3.7340766E-03
1663.5	 -3.1995350E-03
1664.5	  3.3250581E-03
