-1233.5	  3.5483020E-03
-1232.5	 -1.6556892E-03
-1105.5	  1.2918609E-02
-1104.5	 -1.2546982E-02
-1035.5	  2.8502694E-03
-1033.5	 -2.4241533E-03
-953.5	  9.5072398E-03
-951.5	 -2.7886406E-03
-600.5	  4.7892630E-03
-598.5	 -4.4914940E-03
-339.5	  6.3427072E-03
-336.5	 -3.6334279E-03
-286.5	  4.6789837E-03
-281.5	 -3.3374589E-03
-279.5	  2.1964975E-03
-274.5	 -1.1308294E-03
-243.5	  4.5958310E-03
-238.5	 -2.6448483E-03
-223.5	  1.3697073E-02
-220.5	 -5.5669420E-03
-4.5	  4.6228226E-02
-3.5	  4.6228226E-02
5.5	 -7.7653350E-04
16.5	  7.9755440E-02
28.5	 -3.5672421E-03
34.5	  9.8754419E-03
46.5	 -4.6502491E-03
55.5	  6.5568000E-02
139.5	 -5.6584980E-03
142.5	  2.0747172E-02
165.5	 -3.2501100E-03
170.5	  7.3934784E-03
233.5	 -2.6410352E-03
239.5	  6.0208663E-03
361.5	 -6.0510524E-03
363.5	  1.1027501E-02
400.5	 -1.8385802E-03
406.5	  2.7999457E-03
641.5	 -1.7475222E-03
646.5	  3.8899123E-03
852.5	 -1.4275447E-03
855.5	  2.2754397E-03
1153.5	 -1.0449950E-03
1156.5	  1.5367523E-03
