-1343.5	  2.5873785E-03
-1342.5	 -1.5238571E-03
-980.5	  2.6141864E-03
-977.5	 -2.1372249E-03
-658.5	  3.0085281E-03
-655.5	 -2.5151595E-03
-568.5	  2.3205525E-03
-563.5	 -7.3768414E-04
-258.5	  5.3286329E-03
-253.5	 -1.5794487E-03
-193.5	  1.4625228E-02
-189.5	 -7.4724476E-03
-61.5	  5.3911053E-02
-60.5	  5.3911053E-02
-52.5	 -5.3193495E-03
-18.5	  0.2395497    
-5.5	 -1.4567062E-03
4.5	  7.7630527E-02
5.5	  7.7630527E-02
18.5	 -1.5356123E-02
25.5	  3.3377744E-02
33.5	 -2.9726285E-02
44.5	  0.1025404    
178.5	 -2.9706000E-03
183.5	  1.0972702E-02
363.5	 -3.6718335E-03
366.5	  7.7681616E-03
417.5	 -1.3794460E-03
422.5	  4.1419845E-03
633.5	 -3.6361020E-03
636.5	  3.6748312E-03
719.5	 -2.7571130E-03
721.5	  3.6680652E-03
1062.5	 -1.5321554E-03
1064.5	  3.1155185E-03
