-1401.5	  1.1350222E-02
-1400.5	 -2.6570074E-03
-990.5	  2.4303573E-03
-987.5	 -2.6188856E-03
-817.5	  1.0644739E-02
-816.5	 -6.5197181E-03
-732.5	  3.2270085E-03
-730.5	 -1.5715699E-03
-547.5	  5.7666260E-03
-545.5	 -5.3768805E-03
-511.5	  3.5637501E-03
-508.5	 -1.8166882E-03
-437.5	  5.1991306E-03
-434.5	 -3.2464855E-03
-264.5	  5.2251280E-03
-259.5	 -4.6545663E-03
-212.5	  7.0999404E-03
-206.5	 -1.0204901E-03
-132.5	  7.0393425E-03
-126.5	 -5.6279432E-03
-61.5	  1.1319189E-02
-53.5	 -3.2635161E-03
-2.5	  0.7019072    
-1.5	  0.7150370    
28.5	 -1.8996357E-03
38.5	  0.1085500    
103.5	 -5.6692199E-03
106.5	  1.3054980E-02
114.5	 -2.9919432E-03
120.5	  6.5855612E-03
175.5	 -6.3510179E-03
177.5	  9.3002561E-03
194.5	 -2.5398778E-03
199.5	  7.4095181E-03
376.5	 -2.2219522E-03
380.5	  6.1984630E-03
394.5	 -4.1582910E-03
396.5	  4.5140707E-03
404.5	 -1.3830222E-02
405.5	  1.1470048E-02
412.5	 -3.0900566E-03
416.5	  4.4317744E-03
498.5	 -7.1671042E-03
499.5	  2.5333522E-02
608.5	 -2.2125782E-03
611.5	  3.6828206E-03
623.5	 -9.4129974E-03
624.5	  9.9834139E-03
735.5	 -2.7427697E-03
737.5	  3.2621906E-03
