-1287.5	  5.9210346E-03
-1286.5	 -2.3061556E-03
-1065.5	  1.9816046E-03
-1062.5	 -1.7454090E-03
-925.5	  2.5002053E-03
-921.5	 -2.8429478E-03
-893.5	  1.8229918E-04
-715.5	  4.8870584E-03
-714.5	 -2.5152073E-03
-577.5	  3.6842113E-03
-574.5	 -3.1083850E-03
-505.5	  3.3994664E-03
-501.5	 -9.0995850E-04
-444.5	  3.4855600E-03
-439.5	 -1.4923100E-03
-293.5	  7.3821554E-03
-285.5	 -1.3079384E-03
-125.5	  1.1635785E-02
-119.5	 -3.5446631E-03
-113.5	  1.0792950E-02
-111.5	 -9.4432710E-03
2.5	  0.7637036    
3.5	  0.7020310    
30.5	 -6.0112062E-03
39.5	  1.8669182E-02
86.5	 -2.6298217E-03
93.5	  2.1528153E-02
112.5	 -2.9176907E-03
116.5	  6.8331128E-03
123.5	 -2.2798747E-02
126.5	  3.0047610E-02
220.5	 -3.3701060E-03
226.5	  4.4133863E-03
286.5	 -1.4211629E-03
291.5	  5.7849935E-03
371.5	 -2.0085364E-03
376.5	  4.8917187E-03
563.5	 -3.9016807E-03
565.5	  6.4343787E-03
1250.5	 -1.4710149E-03
1252.5	  1.8452309E-03
1253.5	  1.8452309E-03
