-1432.5	  4.6142288E-03
-1431.5	 -4.4959504E-03
-803.5	  1.9510653E-03
-799.5	 -9.9110429E-04
-715.5	  4.3966589E-03
-713.5	 -5.3954585E-03
-395.5	  3.3246556E-03
-388.5	 -9.6820801E-04
-171.5	  6.7061353E-03
-165.5	 -8.1628322E-04
-55.5	  2.1631069E-02
-48.5	 -2.8573580E-03
-42.5	  1.6371885E-02
-33.5	 -1.3369375E-03
-25.5	  2.0964488E-02
-16.5	 -2.2706813E-03
7.5	  0.4241154    
149.5	 -1.2002945E-03
155.5	  7.8705018E-03
200.5	 -1.6937959E-03
205.5	  5.9229527E-03
291.5	 -1.5905190E-03
297.5	  3.9052651E-03
415.5	 -3.9330800E-03
418.5	  5.7513327E-03
455.5	 -2.3582231E-03
459.5	  3.3795747E-03
603.5	 -1.3864601E-03
606.5	  2.7756582E-03
1135.5	 -1.3941342E-03
1137.5	  2.6683831E-03
1202.5	 -2.0805481E-03
1203.5	  2.4047776E-03
