-1779.5	  1.2209702E-03
-1776.5	 -6.8903802E-04
-1375.5	  6.6765114E-03
-1374.5	 -1.9758891E-03
-1127.5	  2.2379188E-03
-1125.5	 -1.6750514E-03
-946.5	  3.6708314E-03
-944.5	 -2.8793949E-03
-386.5	  4.5205718E-03
-383.5	 -2.9550709E-03
-241.5	  6.4637358E-03
-235.5	 -1.0057758E-03
-107.5	  5.0686467E-03
-100.5	 -1.0035407E-03
-85.5	  1.1494027E-02
-83.5	 -1.3313917E-02
-22.5	  0.2411362    
-8.5	 -1.6027328E-02
11.5	  0.4171292    
51.5	 -4.2195744E-03
56.5	  2.2056725E-02
65.5	 -3.3148357E-03
71.5	  9.4248885E-03
113.5	 -5.7240920E-03
119.5	  9.4458293E-03
260.5	 -2.2930722E-03
265.5	  4.2294241E-03
425.5	 -1.3466906E-03
430.5	  3.5344318E-03
483.5	 -5.2091251E-03
485.5	  5.7316297E-03
550.5	 -2.6983032E-03
553.5	  4.2003817E-03
855.5	 -1.0976830E-03
858.5	  2.3050329E-03
