-1035.5	  2.1310451E-03
-1032.5	 -1.3462895E-03
-942.5	  2.7097564E-03
-940.5	 -1.3114309E-03
-743.5	  1.6952355E-03
-738.5	 -6.3564267E-04
-681.5	  1.3333420E-02
-680.5	 -6.1586900E-03
-521.5	  8.4196916E-03
-479.5	  3.3781107E-03
-474.5	 -2.0189295E-03
-444.5	  3.9178645E-03
-441.5	 -2.0188694E-03
-277.5	  5.0317179E-03
-272.5	 -1.5425346E-03
-94.5	  8.0533056E-03
-87.5	 -3.5627428E-03
-80.5	  1.3288218E-02
-76.5	 -3.8785452E-03
-20.5	  6.3366085E-02
-11.5	 -7.4244319E-03
-9.5	  2.4893640E-02
-8.5	 -1.0927504E-02
6.5	  0.5915502    
7.5	  0.6123486    
83.5	 -6.6979672E-04
96.5	  1.3206050E-02
149.5	 -5.6002722E-03
154.5	  1.7792605E-02
229.5	 -1.7649086E-02
230.5	 -1.7649086E-02
232.5	  1.9830020E-02
233.5	  1.9830020E-02
382.5	 -5.5667073E-03
385.5	  9.3485359E-03
457.5	 -1.0727972E-03
461.5	  2.4303342E-03
500.5	 -1.5967502E-03
504.5	  3.1683117E-03
638.5	 -2.3319339E-03
641.5	  3.5944588E-03
710.5	 -8.5427659E-03
711.5	  9.1501791E-03
768.5	 -3.6127258E-03
770.5	  3.2412596E-03
989.5	 -1.0590548E-02
990.5	  5.0264359E-03
1442.5	 -1.6427685E-03
1443.5	  1.5533096E-02
