-1119.5	  3.1705191E-03
-1118.5	 -4.0197060E-02
-1094.5	  2.3870124E-03
-1092.5	 -1.4335201E-03
-878.5	  8.5399868E-03
-877.5	 -3.4349274E-03
-653.5	  3.4018238E-03
-650.5	 -3.4830701E-03
-509.5	  4.1565453E-03
-506.5	 -3.1328902E-03
-291.5	  5.4584495E-03
-285.5	 -1.5548298E-03
-265.5	  7.9169646E-03
-261.5	 -3.0756360E-03
-244.5	  6.2718624E-03
-240.5	 -3.9569298E-03
-220.5	  1.5894141E-02
-218.5	 -1.0890112E-02
-52.5	  7.1837589E-02
-43.5	 -4.7656777E-03
-2.5	  0.6475736    
-1.5	  0.6593955    
31.5	 -1.0814321E-02
39.5	  2.9615704E-02
47.5	 -1.0996558E-03
55.5	  2.6751397E-02
64.5	 -4.0143090E-03
67.5	  8.6689480E-03
72.5	 -3.3091344E-03
79.5	  1.0785198E-02
159.5	 -6.6251941E-03
164.5	  1.9658282E-02
357.5	 -1.1743752E-03
362.5	  3.6627341E-03
518.5	 -1.9918536E-03
522.5	  3.3316971E-03
686.5	 -1.0277637E-03
690.5	  2.6489962E-03
725.5	 -1.8086441E-02
726.5	  5.7200831E-03
927.5	 -7.9480518E-04
931.5	  1.9198334E-03
966.5	 -3.8393005E-03
967.5	  2.8714810E-03
