-1058.5	  3.9049559E-03
-1056.5	 -2.7037514E-03
-775.5	  9.3494952E-03
-774.5	 -6.6588633E-03
-634.5	  3.1890345E-03
-631.5	 -1.7454358E-03
-607.5	  3.3027583E-03
-603.5	 -2.3965044E-03
-570.5	  3.5100745E-03
-567.5	 -2.5198322E-03
-395.5	  4.8556780E-03
-391.5	 -3.3842484E-03
-328.5	  5.0168396E-03
-323.5	 -1.1321421E-03
-249.5	  6.4029861E-03
-244.5	 -3.0283718E-03
-223.5	  1.2976931E-02
-220.5	 -4.2120507E-03
-215.5	  2.1371413E-03
-212.5	 -2.4012658E-03
-162.5	  7.9612741E-03
-157.5	 -3.6014554E-03
-132.5	  2.5529636E-02
-127.5	 -3.9035769E-03
-83.5	  2.7640192E-02
-76.5	 -2.1660416E-03
-26.5	  0.2845680    
-17.5	 -0.1347324    
4.5	  0.4938011    
5.5	  0.4976158    
29.5	 -4.2401347E-03
35.5	  3.5887640E-02
47.5	 -2.5461996E-03
54.5	  2.1747123E-02
222.5	 -4.8192944E-03
224.5	  1.9675754E-02
248.5	 -2.0038902E-03
252.5	  4.5260815E-03
258.5	 -2.6311125E-03
263.5	  6.1158836E-03
399.5	 -2.9454064E-03
403.5	  4.5137731E-03
597.5	 -7.3969397E-03
598.5	  1.1400183E-02
705.5	 -3.1665580E-03
707.5	  5.6396769E-03
943.5	 -1.5176126E-03
948.5	  1.9321935E-03
