-808.5	  3.0289583E-03
-804.5	 -2.0279938E-03
-514.5	  6.5114424E-03
-508.5	 -2.2998187E-03
-457.5	  7.0182830E-03
-455.5	 -6.4713568E-03
-316.5	  4.7033699E-03
-312.5	 -2.9606498E-03
-187.5	  8.2291421E-03
-181.5	 -2.7338215E-03
-145.5	  1.7849594E-02
-141.5	 -5.0859936E-03
-107.5	  1.2815158E-02
-100.5	 -2.8887547E-03
-71.5	  3.8261779E-02
-65.5	 -4.1805087E-03
-20.5	  0.3027682    
-4.5	 -3.0554738E-02
14.5	  0.3840060    
91.5	 -8.8081667E-03
96.5	  3.5156686E-02
247.5	 -2.0084141E-02
248.5	  8.1443556E-02
314.5	 -1.3254471E-03
319.5	  5.1064105E-03
356.5	 -3.1982558E-03
358.5	  4.6836641E-03
365.5	 -1.8950269E-03
370.5	  4.0429053E-03
444.5	 -3.7109484E-03
447.5	  4.3142219E-03
456.5	 -2.9292691E-03
458.5	  2.4115494E-03
471.5	 -4.1229143E-03
475.5	  4.3568835E-03
727.5	 -3.1299479E-03
729.5	  3.1380553E-03
861.5	 -4.4919369E-03
863.5	  4.3409239E-03
