-1763.5	 -9.5569221E-03
-1613.5	  2.6279371E-03
-1612.5	 -9.2516672E-03
-1207.5	  1.5671666E-03
-1204.5	 -1.1189954E-03
-821.5	  1.8295908E-03
-817.5	 -1.0817989E-03
-623.5	  1.7806659E-03
-619.5	 -7.4889197E-04
-523.5	  2.8068183E-03
-519.5	 -9.8973012E-04
-236.5	  5.9036654E-03
-230.5	 -2.4211730E-03
-139.5	  7.1786321E-03
-134.5	 -3.1662229E-03
-123.5	  2.1336054E-02
-98.5	  2.8261725E-02
-93.5	 -4.8682042E-03
-7.5	  0.5983800    
-6.5	  0.6008618    
28.5	 -2.0991273E-03
38.5	  9.2604212E-02
61.5	 -1.3241549E-03
68.5	  2.3817794E-02
207.5	 -3.2127579E-03
213.5	  6.2932363E-03
270.5	 -5.3046551E-03
272.5	  1.1730844E-02
290.5	 -2.7354811E-03
295.5	  5.5079488E-03
451.5	 -7.8163191E-04
456.5	  3.1257141E-03
816.5	 -1.1827570E-02
817.5	  5.5802520E-03
1368.5	 -1.4202959E-03
1370.5	  2.0852801E-03
