-1170.5	  1.6014012E-02
-1169.5	 -3.5571053E-03
-916.5	  2.4235668E-03
-911.5	 -2.8361173E-03
-762.5	  1.4446923E-03
-758.5	 -5.9781270E-04
-750.5	  3.9114403E-03
-749.5	 -2.1719765E-02
-637.5	  9.9282293E-03
-636.5	 -9.1012614E-03
-602.5	  8.4619252E-03
-488.5	  1.3745680E-02
-487.5	 -1.4948141E-02
-298.5	  8.8853985E-03
-295.5	 -4.8593557E-03
-182.5	  5.1315958E-03
-175.5	 -3.8090809E-03
-76.5	  9.4516715E-03
-69.5	 -1.3197653E-03
-53.5	  8.5511124E-03
-46.5	 -2.5832492E-03
-40.5	  1.8144930E-02
-37.5	 -2.7867546E-02
-23.5	  6.5890223E-02
-13.5	 -3.1106090E-03
-7.5	  1.1258067E-02
1.5	 -3.9946320E-03
25.5	  0.2638283    
87.5	 -5.8885771E-03
95.5	  1.0472510E-02
189.5	 -8.9689356E-04
195.5	  5.3311279E-03
256.5	 -2.2321013E-03
262.5	  5.3460961E-03
352.5	 -1.1805851E-03
357.5	  3.6632363E-03
419.5	 -6.0953284E-03
421.5	  1.7682839E-02
447.5	 -3.8764237E-03
450.5	  5.0915335E-03
512.5	 -4.3145171E-03
514.5	  7.6502268E-03
633.5	 -3.2440918E-03
635.5	  3.8790165E-03
698.5	 -5.4866304E-03
699.5	  6.5395166E-03
851.5	 -1.7663289E-03
853.5	  2.5045737E-03
1247.5	 -1.8807263E-03
1249.5	  2.9200057E-03
1514.5	 -1.2554342E-03
1516.5	  2.1529589E-03
1615.5	 -2.4703867E-03
1616.5	  4.6704994E-03
