-1656.5	  1.1562468E-03
-792.5	  2.8589477E-03
-789.5	 -2.3842342E-03
-671.5	  3.2994566E-03
-669.5	 -1.5050457E-03
-645.5	  5.2238298E-03
-643.5	 -3.2506722E-03
-587.5	  4.6516331E-03
-585.5	 -5.1436932E-03
-547.5	  9.4800554E-03
-546.5	 -1.5950963E-02
-365.5	  4.3135104E-03
-361.5	 -2.6087894E-03
-355.5	  3.1105734E-03
-351.5	 -1.4609422E-03
-148.5	  1.2033954E-02
-142.5	 -1.6900800E-03
-139.5	  1.6762998E-03
-135.5	 -1.1077983E-03
-75.5	  6.9330022E-02
-68.5	 -1.7448831E-02
-5.5	  0.5063875    
-4.5	  0.5064919    
17.5	 -1.6565110E-03
29.5	  0.1783021    
118.5	 -7.4544558E-03
122.5	  1.5157122E-02
134.5	 -3.4001970E-03
139.5	  9.9476576E-03
194.5	 -6.9188024E-03
198.5	  1.3050030E-02
208.5	 -3.7463049E-03
210.5	  1.1642119E-02
216.5	 -2.6418613E-03
221.5	  3.9674374E-03
231.5	 -3.6132068E-03
236.5	  7.0137479E-03
302.5	 -6.7553972E-03
304.5	  1.7342301E-02
411.5	 -3.5027738E-03
414.5	  6.1317594E-03
545.5	 -5.6923105E-04
550.5	  1.6328255E-03
559.5	 -2.1149640E-03
562.5	  3.2755192E-03
1166.5	 -1.6887881E-03
1168.5	  2.8664956E-03
1428.5	 -2.3403601E-03
1430.5	  1.9255943E-03
