-908.5	  2.3227679E-03
-904.5	 -1.2913843E-03
-723.5	  4.4141877E-03
-721.5	 -3.0880906E-03
-700.5	  2.6337076E-03
-696.5	 -1.0816235E-03
-638.5	  2.9823068E-03
-635.5	 -1.5346623E-03
-347.5	  3.7105472E-03
-343.5	 -2.6796814E-03
-276.5	  6.1038593E-03
-271.5	 -2.6236312E-03
-129.5	  1.1868792E-02
-122.5	 -2.4029494E-03
-118.5	  5.1962286E-03
-115.5	 -2.9101616E-03
-42.5	  9.1756269E-02
-32.5	 -1.6584420E-03
-8.5	  0.4392729    
-7.5	  0.4392729    
10.5	 -8.3155493E-04
24.5	  0.2578492    
25.5	  0.2578492    
205.5	 -4.1756458E-03
210.5	  9.2880456E-03
301.5	 -2.4091681E-03
307.5	  3.9081927E-03
390.5	 -1.8189311E-03
394.5	  4.6011847E-03
585.5	 -1.9763380E-03
588.5	  3.3614631E-03
772.5	 -7.5683100E-03
773.5	  7.2979042E-03
898.5	 -8.4688822E-03
899.5	  4.7844681E-03
