-1046.5	  1.7038780E-03
-1043.5	 -1.1403613E-03
-860.5	  4.5517003E-03
-859.5	 -1.7577793E-03
-777.5	  6.2821074E-03
-776.5	 -2.0685092E-02
-665.5	  5.3539928E-03
-663.5	 -4.1829469E-03
-522.5	  3.2350891E-03
-518.5	 -2.1564465E-03
-459.5	  3.1880776E-03
-454.5	 -1.8027074E-03
-269.5	  5.2467044E-03
-265.5	 -3.3202905E-03
-237.5	  1.3853517E-02
-234.5	 -5.3671086E-03
-228.5	  2.3219399E-03
-217.5	 -1.0098481E-03
-173.5	  9.5402356E-03
-166.5	 -1.4299628E-03
0.5	   1.052924    
1.5	  0.9918876    
58.5	 -5.6825508E-03
65.5	  8.3924187E-03
282.5	 -3.2521461E-03
287.5	  7.7789528E-03
326.5	 -1.5833941E-03
331.5	  3.9912653E-03
366.5	 -7.0949746E-03
368.5	  1.1860637E-02
383.5	 -3.6233196E-03
386.5	  5.4784664E-03
489.5	 -1.4441023E-03
493.5	  3.7672457E-03
548.5	 -2.1917913E-03
552.5	  3.2682717E-03
583.5	 -1.0320687E-03
587.5	  2.6331109E-03
667.5	 -1.0734084E-03
671.5	  2.5336454E-03
683.5	 -1.7625437E-03
686.5	  2.9530744E-03
995.5	 -1.1462544E-03
999.5	  2.2906028E-03
