-1305.5	  2.4938770E-03
-1301.5	 -2.2134748E-03
-830.5	  3.8919018E-03
-828.5	 -4.4375877E-03
-715.5	  4.4134362E-03
-713.5	 -4.3621734E-03
-565.5	  4.9177292E-03
-563.5	 -6.1975904E-03
-344.5	  4.7801491E-03
-338.5	 -4.7170138E-03
-253.5	  4.0736934E-03
-248.5	 -8.7383308E-04
-92.5	  1.7846834E-02
-85.5	 -1.2681766E-03
-1.5	  0.8450929    
-0.5	  0.9263300    
67.5	 -1.7780786E-02
75.5	  6.2492937E-02
140.5	 -1.1892050E-03
145.5	  1.4974334E-03
149.5	 -2.6576521E-03
154.5	  1.5191638E-02
163.5	 -2.8800045E-03
168.5	  5.6294571E-03
185.5	 -1.5016566E-03
191.5	  5.9661991E-03
217.5	 -9.3040364E-03
219.5	  1.6432408E-02
243.5	 -2.2760828E-03
248.5	  3.9884523E-03
510.5	 -2.9196101E-03
513.5	  4.5456309E-03
645.5	 -2.5175526E-03
648.5	  3.1213004E-03
1064.5	 -2.3823816E-03
1065.5	  2.6419091E-03
