-751.5	  2.4158342E-03
-748.5	 -1.2372746E-03
-655.5	  3.3500553E-03
-652.5	 -2.8984644E-03
-496.5	  6.5480890E-03
-494.5	 -4.6722312E-03
-464.5	  2.0976588E-03
-458.5	 -9.0261135E-04
-319.5	  5.3704404E-03
-314.5	 -1.2631706E-03
-276.5	  6.5528131E-03
-271.5	 -1.4596647E-03
-254.5	  5.4201079E-03
-249.5	 -1.2064873E-03
-138.5	  1.0562980E-02
-133.5	 -4.3452983E-03
-117.5	  2.4455920E-02
-113.5	 -3.8349510E-03
-112.5	 -3.8349510E-03
4.5	   1.080388    
5.5	  0.9600657    
39.5	 -1.1657028E-03
47.5	  1.2735883E-02
53.5	 -3.8993517E-03
60.5	  1.0563549E-02
108.5	 -5.0486932E-03
114.5	  2.5541136E-02
199.5	 -1.0153039E-03
207.5	  5.8821775E-03
244.5	 -2.0852340E-03
250.5	  5.3820857E-03
313.5	 -2.9976144E-03
317.5	  5.6935148E-03
681.5	 -6.2267315E-03
682.5	  1.0043068E-02
802.5	 -1.3456845E-03
805.5	  2.5509268E-03
999.5	 -1.5350240E-03
1001.5	  3.6980142E-03
