-1151.5	  2.9915432E-03
-1150.5	 -1.4274432E-03
-1001.5	  2.4360579E-03
-999.5	 -2.8242569E-03
-756.5	  2.7107624E-03
-752.5	 -1.3257654E-03
-584.5	  4.4724848E-03
-582.5	 -3.2530837E-03
-486.5	  3.6296062E-03
-482.5	 -1.4293970E-03
-447.5	  4.1306969E-03
-443.5	 -3.0492868E-03
-347.5	  6.0499916E-03
-343.5	 -1.7543295E-03
-236.5	  1.1258886E-02
-233.5	 -4.4848844E-03
-137.5	  5.5968668E-03
-130.5	 -1.0265021E-03
-109.5	  8.7706195E-03
-103.5	 -2.1049548E-03
-97.5	  4.0468830E-03
-91.5	 -1.4141751E-03
-82.5	  1.2208098E-02
-78.5	 -4.2519881E-03
-20.5	  0.4589983    
-19.5	  0.4810334    
-11.5	 -0.2950424    
-10.5	 -0.2950424    
7.5	  0.4599146    
34.5	 -1.3061820E-03
42.5	  3.6882874E-02
74.5	 -6.2258698E-02
75.5	 -6.2258698E-02
78.5	  8.1409968E-02
118.5	 -2.3885541E-02
121.5	  4.3152127E-02
138.5	 -1.0166648E-03
144.5	  1.0406484E-02
256.5	 -8.6401468E-03
260.5	  1.2746901E-02
283.5	 -3.5810689E-03
288.5	  5.8256784E-03
363.5	 -2.1900698E-03
367.5	  3.4151198E-03
495.5	 -2.0645389E-03
498.5	  4.3648090E-03
541.5	 -3.1631174E-03
543.5	  5.0410409E-03
589.5	 -4.7409106E-03
591.5	  5.4735467E-03
885.5	 -1.8592128E-03
887.5	  3.6529645E-03
1067.5	 -1.5749872E-03
1070.5	  2.3654758E-03
