-1110.5	  1.3991549E-03
-1107.5	 -9.1592578E-04
-951.5	  1.8014745E-03
-948.5	 -1.0710994E-03
-750.5	  5.1474096E-03
-747.5	 -2.8256208E-03
-699.5	  3.3843408E-03
-696.5	 -3.0682636E-03
-606.5	  3.2112349E-03
-602.5	 -2.0396975E-03
-464.5	  3.0759890E-03
-460.5	 -1.5561139E-03
-400.5	  1.0134938E-02
-398.5	 -5.6125810E-03
-323.5	  3.8232119E-03
-318.5	 -3.3943164E-03
-215.5	  7.3088692E-03
-209.5	 -9.7670034E-04
-168.5	  2.5611686E-02
-164.5	 -1.4068640E-02
-153.5	  9.7502219E-03
-148.5	 -2.9365418E-03
-51.5	  9.6458174E-02
-41.5	 -1.0925452E-03
-20.5	  3.6709417E-02
-12.5	 -1.6661907E-03
-2.5	  3.2035541E-02
4.5	 -3.5659035E-03
12.5	  5.4312710E-02
52.5	 -1.9234164E-03
60.5	  1.8458255E-02
237.5	 -3.0547788E-03
242.5	  6.4454963E-03
427.5	 -1.3363366E-03
431.5	  4.3076104E-03
505.5	 -2.7987587E-03
510.5	  2.8916858E-03
678.5	 -1.1667062E-03
683.5	  1.9945095E-03
757.5	 -8.8773062E-04
761.5	  2.1559058E-03
996.5	 -5.6241517E-04
1000.5	  1.4567669E-03
