-733.5	  3.1447383E-03
-730.5	 -2.0599777E-03
-640.5	  3.3490567E-03
-637.5	 -1.5978703E-03
-562.5	  9.6728560E-03
-561.5	 -1.1491609E-02
-421.5	  4.4920258E-03
-417.5	 -2.8813963E-03
-302.5	  8.6059999E-03
-300.5	 -8.4961448E-03
-270.5	  9.9645304E-03
-264.5	 -2.8417842E-03
-200.5	  7.4524363E-03
-194.5	 -4.3149265E-03
-191.5	  5.6555211E-03
-188.5	 -5.0292965E-03
-180.5	  1.4759297E-02
-178.5	 -6.6213175E-03
-165.5	  1.7824855E-02
-163.5	 -1.5234524E-02
-26.5	  0.1031667    
-17.5	 -5.7943622E-03
-12.5	  5.3555019E-02
-8.5	 -8.8222630E-02
1.5	  0.1091016    
2.5	  0.1091016    
11.5	 -3.3115793E-03
19.5	  3.6156714E-02
124.5	 -1.3657819E-03
130.5	  7.2639119E-03
224.5	 -1.9960098E-03
229.5	  1.1307546E-02
240.5	 -2.9543501E-03
245.5	  5.4484620E-03
362.5	 -2.8219200E-03
366.5	  4.4748057E-03
639.5	 -4.0389858E-03
641.5	  4.8602759E-03
1714.5	 -6.8472545E-03
1715.5	  2.7597377E-03
