-1201.5	  1.7516434E-03
-1198.5	 -9.8992093E-04
-1008.5	  1.0961632E-02
-1007.5	 -3.5261919E-03
-841.5	  2.7936799E-03
-839.5	 -1.3885141E-03
-795.5	  5.2753799E-03
-794.5	 -1.0640978E-02
-663.5	  1.6930496E-02
-425.5	  8.7639904E-03
-424.5	  8.7639904E-03
-422.5	 -4.6387790E-03
-292.5	  4.1073384E-03
-287.5	 -1.0903506E-03
-183.5	  6.9167279E-03
-178.5	 -2.8485176E-03
-168.5	  1.4059319E-02
-165.5	 -7.7033313E-03
-137.5	  1.3135015E-02
-131.5	 -1.5319772E-03
-58.5	  0.1277156    
-49.5	 -0.1204352    
-47.5	  7.9346783E-02
-40.5	 -3.0669910E-03
-5.5	  0.4659317    
8.5	 -3.3302328E-03
14.5	  2.2874074E-03
19.5	 -3.2969827E-03
25.5	  1.8011916E-02
31.5	 -3.6802329E-03
38.5	  1.2182255E-02
181.5	 -2.6318327E-02
183.5	  3.6304012E-02
367.5	 -1.0747553E-03
372.5	  2.9536069E-03
399.5	 -2.3792624E-03
404.5	  2.8388328E-03
474.5	 -4.1165086E-03
476.5	  3.7422180E-03
562.5	 -2.6364792E-03
565.5	  4.3271901E-03
640.5	 -4.1448888E-03
642.5	  5.7254005E-03
