-1574.5	  2.1721618E-03
-1572.5	 -9.2848233E-04
-760.5	  3.6006002E-03
-758.5	 -3.8664159E-03
-642.5	  2.3197418E-03
-638.5	 -1.5281963E-03
-539.5	  3.7449743E-03
-536.5	 -2.1434545E-03
-413.5	  4.6216398E-03
-409.5	 -3.4052969E-03
-406.5	  2.9706517E-03
-402.5	 -2.4119089E-03
-289.5	  8.6401151E-03
-284.5	 -3.3197682E-03
-276.5	  5.9389258E-03
-273.5	 -3.7641660E-03
-204.5	  7.5021205E-03
-198.5	 -2.3379049E-03
-193.5	  8.5975276E-03
-192.5	 -2.8006188E-03
-130.5	  6.5777614E-03
-123.5	 -4.1578151E-03
-76.5	  0.1394787    
-73.5	 -0.1221465    
-2.5	  0.8205840    
-1.5	  0.7901234    
46.5	 -0.6632393    
47.5	  0.7469113    
177.5	 -1.5679176E-03
184.5	  6.3272510E-03
228.5	 -4.4545662E-03
231.5	  1.1795570E-02
256.5	 -3.0903576E-03
260.5	  4.7040964E-03
291.5	 -2.2259380E-03
296.5	  7.5269421E-03
441.5	 -4.9887397E-03
443.5	  6.1832992E-03
551.5	 -3.8803790E-03
553.5	  4.0144701E-03
1067.5	 -2.6857960E-03
1069.5	  2.8024525E-03
