-1952.5	  2.8801765E-03
-1951.5	 -2.7645193E-03
-930.5	  3.9402647E-03
-928.5	 -4.6356078E-03
-517.5	  3.4372762E-03
-513.5	 -2.8126054E-03
-404.5	  3.0483084E-03
-400.5	 -1.2880276E-03
-376.5	  3.2051876E-03
-371.5	 -2.1473065E-03
-351.5	  1.1692268E-02
-349.5	 -1.6138755E-02
-261.5	  7.3652770E-03
-256.5	 -2.1223922E-03
-149.5	  2.0894762E-02
-144.5	 -7.0277178E-03
-62.5	  4.4882014E-02
-53.5	 -3.7194400E-03
-1.5	  0.6964574    
-0.5	  0.7296045    
97.5	 -1.7085390E-03
103.5	  1.4142719E-02
110.5	 -3.1172088E-03
116.5	  8.1237722E-03
205.5	 -2.6316887E-03
209.5	  1.1272505E-02
223.5	 -2.8449679E-03
228.5	  5.5659455E-03
255.5	 -1.8628275E-03
260.5	  5.9300954E-03
438.5	 -3.7884498E-03
441.5	  4.0524886E-03
449.5	 -1.9938189E-03
452.5	  3.9607827E-03
512.5	 -1.5695399E-03
518.5	  3.6638442E-03
629.5	 -1.8467220E-03
634.5	  2.8705050E-03
689.5	 -1.1490925E-03
693.5	  2.0988809E-03
