-1832.5	  1.3777382E-03
-1830.5	 -7.6924864E-04
-954.5	  3.1515122E-03
-952.5	 -2.5259424E-03
-626.5	  3.0258435E-03
-622.5	 -1.5924100E-03
-617.5	  9.6936636E-03
-368.5	  6.2696640E-03
-364.5	 -4.1377251E-03
-360.5	  3.3815077E-03
-357.5	 -2.7085112E-03
-161.5	  9.9601932E-03
-154.5	 -1.1219293E-03
-107.5	  5.3040847E-02
-103.5	 -2.0861983E-02
-82.5	  1.6767060E-02
-75.5	 -2.8636549E-03
-61.5	  1.5554286E-02
-56.5	 -3.6398566E-03
-5.5	  0.6493443    
-4.5	  0.6479475    
21.5	 -8.8284425E-03
32.5	  0.1354419    
67.5	 -1.1542372E-03
75.5	  3.1328216E-02
92.5	 -3.6685087E-03
100.5	  4.4886339E-03
104.5	 -3.5682390E-03
109.5	  9.2971819E-03
224.5	 -2.9109186E-03
229.5	  5.4364381E-03
370.5	 -3.5440465E-03
373.5	  5.4815160E-03
411.5	 -3.1478030E-03
414.5	  4.6352185E-03
487.5	 -1.4611330E-03
491.5	  3.6070910E-03
551.5	 -1.0763380E-03
555.5	  1.9326307E-03
621.5	 -2.2169505E-03
624.5	  3.3259778E-03
778.5	 -3.1807984E-03
781.5	  3.5357894E-03
874.5	 -3.2619257E-03
876.5	  6.2046880E-03
1085.5	 -1.5754736E-03
1087.5	  2.5091975E-03
1359.5	 -3.1689298E-03
1360.5	  5.0201123E-03
1626.5	 -5.9479690E-04
1629.5	  1.2316633E-03
