-1211.5	  1.4160293E-03
-1208.5	 -6.9257792E-04
-864.5	  3.5156836E-03
-862.5	 -1.9619856E-03
-827.5	  3.0707743E-03
-824.5	 -2.7448814E-03
-637.5	  3.7789531E-03
-633.5	 -1.5595551E-03
-581.5	  3.0231564E-03
-577.5	 -2.2971153E-03
-373.5	  3.2356330E-03
-372.5	  3.2356330E-03
-365.5	 -1.0803477E-03
-282.5	  5.0209002E-03
-277.5	 -3.0219839E-03
-248.5	  1.0623536E-02
-245.5	 -4.5814505E-03
-90.5	  4.4612296E-02
-82.5	 -6.7383605E-03
-5.5	  0.6941350    
-4.5	  0.7038406    
21.5	 -9.0832692E-03
32.5	  0.1204511    
53.5	 -2.7497462E-03
58.5	  1.0174956E-02
64.5	 -7.8699756E-03
68.5	  8.7614600E-03
72.5	 -3.7539373E-03
79.5	  1.4587726E-02
108.5	 -1.1004333E-02
113.5	  3.0040117E-02
214.5	 -1.4573173E-03
220.5	  8.0545023E-03
276.5	 -5.5580661E-03
279.5	  1.3214801E-02
401.5	 -2.9075360E-03
405.5	  4.2507276E-03
513.5	 -9.5972524E-04
518.5	  3.0862917E-03
724.5	 -1.7131278E-03
728.5	  2.6585360E-03
