-1533.5	  1.7833760E-03
-1530.5	 -1.9456398E-03
-1426.5	 -3.6707968E-03
-1056.5	  4.7143614E-03
-1055.5	 -2.5416745E-03
-935.5	  2.9209771E-03
-932.5	 -2.0916283E-03
-838.5	  2.9670473E-03
-836.5	 -1.4483785E-03
-626.5	  2.3185171E-03
-622.5	 -1.4181961E-03
-570.5	  6.0094316E-03
-568.5	 -4.4760969E-03
-403.5	  3.6465626E-03
-399.5	 -2.9570954E-03
-345.5	  3.8281053E-03
-341.5	 -1.4621121E-03
-115.5	  2.9722944E-02
-108.5	 -7.9408623E-03
-103.5	  5.1598856E-03
-99.5	 -1.8817926E-03
-61.5	  1.4352352E-02
-53.5	 -3.2653527E-03
-16.5	  0.2050255    
0.5	 -9.9942752E-04
13.5	  0.1927385    
23.5	 -2.7092330E-03
31.5	  4.2003363E-02
41.5	 -3.3252579E-03
48.5	  1.3358403E-02
57.5	 -1.7241800E-03
65.5	  3.8635492E-02
214.5	 -3.3281278E-03
216.5	  9.1114948E-03
221.5	 -3.0529571E-03
226.5	  4.4803671E-03
577.5	 -2.6908421E-03
578.5	  3.8565323E-03
583.5	 -3.2574353E-03
585.5	  7.1106912E-03
649.5	 -2.9294535E-03
652.5	  3.1365510E-03
1071.5	 -1.2732138E-03
1075.5	  6.9623981E-03
1113.5	 -3.2449963E-03
1114.5	  5.2581178E-03
