-1224.5	  2.9644577E-03
-1223.5	 -1.5602740E-02
-993.5	 -1.2586999E-03
-896.5	  3.8837176E-03
-894.5	 -3.6680747E-03
-812.5	  3.1952583E-03
-809.5	 -2.1248427E-03
-594.5	  4.6624639E-03
-592.5	 -4.5538284E-03
-550.5	  2.6190707E-03
-547.5	 -1.0789657E-03
-503.5	  6.1750365E-03
-348.5	  4.3015233E-03
-343.5	 -2.1298944E-03
-254.5	  4.1076937E-03
-249.5	 -2.7579558E-03
-235.5	  1.0517369E-02
-231.5	 -3.0036680E-03
-147.5	  8.1973318E-03
-141.5	 -1.0577780E-03
-44.5	  0.1062564    
-43.5	  0.1062564    
-33.5	 -1.7581813E-02
-18.5	  0.1098315    
-0.5	 -3.0339954E-03
3.5	  1.8098331E-03
8.5	 -9.8249351E-04
25.5	  8.3085686E-02
41.5	 -1.4444049E-02
50.5	  8.5788637E-02
131.5	 -1.2554097E-03
137.5	  9.7474316E-03
286.5	 -3.2129295E-03
290.5	  8.6374050E-03
466.5	 -1.8758194E-03
469.5	  4.7967178E-03
733.5	 -8.1659079E-04
737.5	  2.9614612E-03
991.5	 -1.7264365E-03
993.5	  3.4341125E-03
