-1095.5	  4.5752479E-03
-1094.5	 -1.1944720E-02
-779.5	  3.6350403E-03
-777.5	 -4.5503979E-03
-555.5	  6.5957177E-03
-552.5	 -3.6550381E-03
-540.5	  4.3216734E-03
-537.5	 -3.3664114E-03
-407.5	  3.2315690E-03
-403.5	 -1.3382726E-03
-345.5	  4.6801385E-03
-340.5	 -3.3770551E-03
-228.5	  4.5258831E-03
-222.5	 -2.9585091E-03
-215.5	  1.2150518E-02
-214.5	 -5.9260288E-03
-88.5	  7.4425531E-03
-82.5	 -3.4255341E-03
-80.5	  4.8992285E-03
-73.5	 -2.2238053E-03
-51.5	  8.0448203E-02
-43.5	 -1.5337263E-02
1.5	  0.8112130    
2.5	  0.6441137    
107.5	 -1.9985673E-03
115.5	  8.9339167E-03
226.5	 -1.3332317E-03
231.5	  6.1571300E-03
246.5	 -8.9108723E-04
252.5	  6.5810406E-03
409.5	 -2.7100074E-03
414.5	  3.4960543E-03
488.5	 -6.6812928E-03
489.5	  2.6879814E-02
637.5	 -2.4750768E-03
640.5	  3.0421626E-03
856.5	 -3.8156346E-03
857.5	  7.7179261E-03
1353.5	 -2.3330282E-03
1355.5	  2.1884767E-03
