-696.5	  1.0510460E-02
-695.5	 -1.0466575E-02
-609.5	  3.2769442E-03
-606.5	 -3.0761745E-03
-529.5	  6.2392089E-03
-527.5	 -5.4381667E-03
-523.5	  6.0748532E-03
-522.5	 -3.1341871E-03
-255.5	  1.2191982E-02
-251.5	 -6.2833168E-03
-162.5	  8.0080191E-03
-156.5	 -1.7556959E-03
-110.5	  9.3511390E-03
-103.5	 -1.3614219E-03
-9.5	  0.5320146    
-8.5	  0.5188915    
13.5	 -3.7814233E-02
24.5	  0.2087480    
25.5	  0.2087480    
62.5	 -1.7402839E-03
70.5	  4.2975105E-02
109.5	 -8.5430695E-03
111.5	  7.5201360E-03
117.5	 -1.3921328E-03
123.5	  1.0078721E-02
170.5	 -3.6063797E-03
175.5	  1.2856588E-02
205.5	 -5.6404979E-03
208.5	  1.2226464E-02
236.5	 -2.3422071E-03
241.5	  6.0269097E-03
303.5	 -4.5286212E-03
306.5	  6.1242986E-03
563.5	 -4.2532822E-03
565.5	  5.7034087E-03
613.5	 -2.6780798E-03
616.5	  4.3809265E-03
841.5	 -4.6846443E-03
842.5	  1.0769694E-02
1095.5	 -1.9796258E-03
1097.5	  3.1032357E-03
