-1802.5	  2.0621452E-03
-1801.5	 -1.7201556E-02
-1099.5	  2.1653695E-03
-1096.5	 -1.4548245E-03
-893.5	  4.5027463E-03
-892.5	 -5.1277876E-02
-644.5	  9.2292679E-03
-643.5	 -1.2221174E-02
-467.5	  4.4104210E-03
-463.5	 -1.6689934E-03
-353.5	  3.6068275E-03
-349.5	 -2.4588343E-03
-220.5	  7.7048386E-03
-217.5	 -5.6138271E-03
-165.5	  2.0665053E-02
-160.5	 -4.3019336E-03
-110.5	  0.1030142    
-108.5	 -7.7407897E-02
0.5	  0.7821798    
1.5	  0.7684982    
72.5	 -4.4718399E-03
79.5	  8.4013250E-03
108.5	 -4.5779888E-03
111.5	  1.0579387E-02
116.5	 -4.7249687E-03
123.5	  1.2363630E-02
173.5	 -1.2469025E-02
175.5	  1.8722774E-02
202.5	 -2.7689950E-03
207.5	  5.4145120E-03
225.5	 -3.3868870E-03
230.5	  1.1387829E-02
313.5	 -1.2769824E-03
317.5	  5.6373384E-03
343.5	 -8.8602295E-03
345.5	  1.1645196E-02
427.5	 -2.1324293E-03
432.5	  1.1133581E-02
465.5	 -9.2892665E-03
466.5	  5.7338700E-03
536.5	 -3.1807169E-03
539.5	  4.3408121E-03
659.5	 -5.7146125E-03
660.5	  2.5135001E-02
805.5	 -4.1528777E-03
806.5	  1.9033104E-02
1424.5	 -1.2145379E-03
1426.5	  1.6807395E-03
