-1188.5	  1.6617995E-03
-1185.5	 -1.5243629E-03
-836.5	  2.9295415E-03
-834.5	 -2.4429376E-03
-655.5	  1.1418043E-02
-654.5	 -6.0611796E-03
-561.5	  3.2237372E-03
-558.5	 -1.9816821E-03
-425.5	  3.7571078E-03
-421.5	 -2.2622060E-03
-357.5	  4.2293882E-03
-351.5	 -1.6859241E-03
-135.5	  6.6687572E-03
-129.5	 -3.1688977E-03
-113.5	  1.8979745E-02
-106.5	 -1.3226403E-03
-7.5	  9.5476739E-02
1.5	 -2.1373921E-03
6.5	  4.0982948E-03
12.5	 -1.1147950E-03
19.5	  9.8080300E-03
24.5	 -4.4716401E-03
32.5	  3.7343048E-02
78.5	 -5.7203583E-03
90.5	  4.5703828E-02
139.5	 -3.9969943E-03
144.5	  6.5907291E-03
180.5	 -2.9384461E-03
182.5	  8.4160697E-03
184.5	 -4.7447714E-03
190.5	  4.6627531E-03
371.5	 -1.4928414E-03
375.5	  3.7254272E-03
430.5	 -3.0240298E-03
435.5	  3.9130114E-03
541.5	 -1.7212875E-03
545.5	  2.7329400E-03
750.5	 -2.9911108E-03
752.5	  3.7986031E-03
821.5	 -9.9796266E-04
824.5	  2.4289808E-03
