-891.5	  3.6797253E-03
-889.5	 -3.1636844E-03
-831.5	  3.0872887E-03
-828.5	 -2.5135912E-03
-566.5	  3.3628049E-03
-562.5	 -1.3809737E-03
-551.5	  3.0331193E-03
-545.5	 -2.6775897E-03
-304.5	  4.9751592E-03
-299.5	 -2.7347705E-03
-295.5	  4.1060103E-03
-290.5	 -1.1681989E-03
-108.5	  1.0956442E-02
-100.5	 -3.5075641E-03
-29.5	  3.0194188E-02
-21.5	 -3.5304802E-03
-18.5	  6.6750208E-03
-14.5	 -3.2144096E-03
-1.5	  0.4601342    
32.5	 -7.6914407E-02
40.5	  0.1676593    
70.5	 -1.1294892E-03
83.5	  5.6516036E-02
248.5	 -3.9880436E-02
249.5	  1.4856782E-02
259.5	 -2.7370860E-03
264.5	  4.8298244E-03
361.5	 -3.0699240E-03
365.5	  4.6233926E-03
701.5	 -1.1532603E-02
702.5	 -1.1532603E-02
703.5	  5.0075310E-03
718.5	 -1.0317047E-03
722.5	  2.0454314E-03
805.5	 -1.7175876E-03
807.5	  2.6638717E-03
850.5	 -3.0996837E-03
853.5	  2.9488564E-03
899.5	 -3.2246942E-03
900.5	  1.4219408E-02
1087.5	 -1.2842807E-03
1089.5	  2.7714495E-03
