-796.5	  2.8775190E-03
-793.5	 -2.4557060E-03
-644.5	  3.3267085E-03
-641.5	 -1.4830440E-03
-569.5	  2.8713730E-03
-565.5	 -2.1274828E-03
-501.5	  4.1307476E-03
-497.5	 -2.9302456E-03
-310.5	  4.1112537E-03
-305.5	 -3.3059719E-03
-254.5	  6.5759211E-03
-249.5	 -1.3220387E-03
-53.5	  7.4059673E-02
-43.5	 -1.2133960E-03
-33.5	  8.1064207E-03
-23.5	 -1.2187704E-03
3.5	  0.7782238    
4.5	  0.7606667    
74.5	 -4.6158303E-03
77.5	  1.4267949E-02
79.5	 -2.3351271E-02
87.5	  3.9422520E-02
88.5	  3.9422520E-02
104.5	 -2.9340868E-03
109.5	  1.1472128E-02
129.5	 -7.9729352E-03
135.5	  2.2916671E-02
328.5	 -5.9459433E-03
331.5	  8.9044450E-03
379.5	 -3.1525346E-03
383.5	  3.9596469E-03
398.5	 -1.4853582E-03
402.5	  3.8452295E-03
649.5	 -1.3281212E-03
653.5	  1.3360401E-03
660.5	 -2.1783339E-03
663.5	  2.8979233E-03
799.5	 -3.9666668E-03
800.5	  8.3950423E-03
944.5	 -2.6565455E-03
946.5	  3.9117206E-03
975.5	 -2.0153651E-03
977.5	  2.7158437E-03
1363.5	 -9.4775629E-04
1366.5	  1.6148413E-03
