-1112.5	  2.8833151E-03
-1109.5	 -2.0349680E-03
-648.5	  2.6042203E-03
-645.5	 -1.4837736E-03
-603.5	  1.3635561E-02
-602.5	 -6.7441412E-03
-267.5	  7.2624753E-03
-263.5	 -2.9159167E-03
-173.5	  4.4815354E-03
-167.5	 -8.4901007E-04
-104.5	  2.1830138E-02
-97.5	 -3.6121458E-03
-76.5	  1.9895760E-02
-69.5	 -1.8995976E-03
1.5	  0.7179981    
2.5	  0.7179982    
28.5	 -1.1304711E-03
37.5	  6.4219497E-02
71.5	 -1.2252835E-02
79.5	  5.5950932E-02
153.5	 -8.3572627E-04
159.5	  5.8874469E-03
260.5	 -1.2113011E-03
265.5	  5.3353407E-03
324.5	 -1.1364097E-03
328.5	  4.4203666E-03
599.5	 -1.3473738E-03
605.5	  3.8560571E-03
746.5	 -2.0458088E-03
750.5	  2.5618158E-03
948.5	 -3.0497315E-03
951.5	  2.8122200E-03
1018.5	 -2.6868496E-03
1019.5	  2.7385098E-03
