-1305.5	 -9.2130911E-04
-779.5	  6.7888577E-03
-778.5	 -3.1035522E-03
-499.5	  5.9434026E-03
-497.5	 -5.0813118E-03
-476.5	  4.0248367E-03
-472.5	 -2.0346062E-03
-400.5	  4.2531695E-03
-398.5	 -4.2639570E-03
-348.5	  3.6979322E-03
-347.5	  3.6979322E-03
-343.5	 -1.4296329E-03
-156.5	  9.1426857E-03
-150.5	 -1.7082839E-03
-129.5	  1.6817557E-02
-125.5	 -4.2484202E-03
-72.5	  5.2044749E-02
-65.5	 -1.2605657E-02
-32.5	  0.1464073    
-19.5	 -1.1050254E-03
-3.5	  0.1942706    
11.5	 -5.1114064E-02
21.5	  0.1295275    
34.5	 -1.4712337E-03
43.5	  5.0375730E-02
140.5	 -3.7461130E-03
144.5	  1.5212345E-02
156.5	 -3.1474377E-03
161.5	  6.1716395E-03
249.5	 -0.1287717    
273.5	 -6.8736649E-03
278.5	  2.1782715E-02
326.5	 -3.4481306E-03
330.5	  5.3897039E-03
460.5	 -3.2266197E-03
464.5	  3.9651538E-03
628.5	 -9.0048797E-03
629.5	  9.5811635E-03
648.5	 -1.5786998E-03
652.5	  2.9802551E-03
738.5	 -2.4244417E-03
741.5	  2.8096256E-03
764.5	 -7.4630128E-03
765.5	  8.9351349E-03
1010.5	 -1.5960062E-03
1013.5	  2.2513974E-03
1080.5	 -2.0970544E-03
1083.5	  2.3782856E-03
1196.5	 -9.3196891E-04
1199.5	  2.0411387E-03
