-1059.5	  3.1722353E-03
-1057.5	 -2.0645056E-03
-502.5	  3.5628264E-03
-498.5	 -3.3151254E-03
-462.5	  4.6718949E-03
-459.5	 -3.3643097E-03
-175.5	  4.7775619E-03
-169.5	 -2.3569243E-03
-157.5	  1.3632339E-02
-152.5	 -2.6692455E-03
-116.5	  3.7532359E-02
-111.5	 -1.1374129E-02
2.5	  0.5876930    
27.5	 -4.8742294E-03
37.5	  9.4564177E-02
125.5	 -2.7613824E-03
132.5	  1.7971808E-02
199.5	 -5.9847781E-03
203.5	  1.3304727E-02
537.5	 -1.1188865E-03
541.5	  2.5913834E-03
619.5	 -2.5082501E-03
622.5	  3.6426729E-03
790.5	 -3.8150623E-03
793.5	  3.2903696E-03
1069.5	 -1.3704075E-03
1073.5	  1.9170255E-03
