-1145.5	  5.5696857E-03
-1144.5	 -3.0303679E-03
-811.5	  1.6679332E-03
-806.5	 -4.7952557E-04
-600.5	  3.9751744E-03
-597.5	 -3.3073735E-03
-532.5	  3.9186827E-03
-529.5	 -3.0965954E-03
-334.5	  3.3173610E-03
-329.5	 -2.3263434E-03
-326.5	  2.5148180E-03
-322.5	 -2.1197230E-03
-244.5	  1.0053853E-02
-240.5	 -2.9874563E-03
-166.5	  1.5472105E-02
-159.5	 -1.2833745E-03
-59.5	  5.0342292E-02
-50.5	 -2.9466499E-03
-30.5	  7.6986708E-02
-21.5	 -1.1218573E-03
-16.5	  1.2123131E-03
-9.5	 -7.7822077E-04
7.5	  0.3766134    
118.5	 -1.2308639E-03
122.5	  1.5511302E-03
127.5	 -1.6987618E-03
134.5	  5.6575499E-03
200.5	 -1.0474216E-02
203.5	  2.4126191E-02
491.5	 -3.3173726E-03
494.5	  4.8243501E-03
600.5	 -1.2447201E-03
604.5	  2.9707034E-03
934.5	 -3.1118374E-03
937.5	  2.6195403E-03
