-1412.5	  2.6100560E-03
-1410.5	 -8.9260074E-04
-1196.5	  4.7123195E-03
-1195.5	 -9.2806369E-03
-987.5	  1.8845787E-03
-983.5	 -1.2447230E-03
-919.5	  2.5242914E-03
-917.5	 -1.3296719E-03
-377.5	  3.6494269E-03
-373.5	 -2.3687102E-03
-360.5	  1.2313649E-02
-359.5	 -3.2626633E-03
-186.5	  8.9960722E-03
-180.5	 -1.4785962E-03
-70.5	  3.2723758E-02
-61.5	 -1.7414818E-02
-0.5	  0.8648192    
0.5	  0.8648192    
70.5	 -1.0710289E-03
77.5	  1.1119391E-02
118.5	 -1.6430452E-03
125.5	  6.4293919E-03
158.5	 -3.4490365E-03
165.5	  6.7132930E-03
199.5	 -3.3297997E-03
206.5	  6.7480966E-03
416.5	 -3.5693836E-03
419.5	  5.6438595E-03
695.5	 -9.7444648E-04
699.5	  2.4654025E-03
807.5	 -1.1653665E-03
810.5	  2.2308999E-03
1067.5	 -1.4547501E-03
1069.5	  3.0391212E-03
1425.5	 -1.4121392E-03
1427.5	  2.1742580E-03
