-814.5	  3.7381914E-03
-812.5	 -2.4458156E-03
-708.5	  5.0748466E-03
-706.5	 -4.6486445E-03
-644.5	  4.5383545E-03
-642.5	 -4.6129604E-03
-629.5	  7.8066187E-03
-628.5	 -8.7771928E-03
-386.5	  5.8679446E-03
-383.5	 -4.5807180E-03
-379.5	  5.1227729E-03
-377.5	 -6.4250976E-03
-372.5	  3.5366134E-03
-369.5	 -2.5099791E-03
-361.5	  4.5446376E-03
-360.5	 -2.0202219E-02
-190.5	  8.3012488E-03
-184.5	 -3.7031211E-03
-146.5	  7.3948167E-03
-141.5	 -3.6797533E-03
-107.5	  1.8121408E-02
-100.5	 -1.5154845E-03
-51.5	  9.6195400E-02
-43.5	 -5.2209068E-03
-2.5	  0.5217758    
-1.5	  0.5104050    
28.5	 -1.2296393E-03
36.5	  4.6980958E-02
187.5	 -1.7983638E-03
193.5	  4.0226826E-03
201.5	 -1.5822937E-03
206.5	  5.6682373E-03
346.5	 -2.0515595E-03
352.5	  3.1452184E-03
457.5	 -3.5912087E-03
460.5	  5.3286809E-03
522.5	 -1.2494228E-03
526.5	  3.0497385E-03
551.5	 -3.2238311E-03
554.5	  4.4788471E-03
600.5	 -2.9441528E-03
827.5	 -1.2847109E-03
830.5	  2.1641294E-03
