-1187.5	  7.1259937E-04
-1119.5	  4.4033849E-03
-1118.5	 -5.2157748E-03
-1000.5	  2.8143225E-03
-997.5	 -1.5259662E-03
-670.5	  3.5520003E-03
-668.5	 -2.1714328E-03
-509.5	  2.7395037E-03
-505.5	 -1.1490706E-03
-240.5	  3.0062110E-03
-234.5	 -1.1152680E-03
-204.5	  6.6110576E-03
-198.5	 -9.3491178E-04
-190.5	  1.2140217E-02
-189.5	 -5.8565824E-03
-25.5	  3.0248370E-02
-17.5	 -4.2231767E-03
-14.5	  6.2287292E-03
-7.5	 -1.8511353E-03
7.5	  5.7114072E-02
132.5	 -6.9296290E-03
134.5	  2.0053266E-02
144.5	 -2.8629722E-03
150.5	  7.4762767E-03
159.5	 -8.8851675E-03
163.5	  1.6091015E-02
208.5	 -1.5583577E-03
212.5	  3.9342414E-03
221.5	 -3.8884871E-03
225.5	  6.0557760E-03
433.5	 -2.6371703E-03
437.5	  3.8782093E-03
713.5	 -9.9489046E-04
716.5	  2.5714573E-03
927.5	 -1.1378833E-03
931.5	  2.0420959E-03
