-1378.5	  1.5085270E-03
-1375.5	 -7.9857535E-04
-1316.5	  5.5386755E-03
-1315.5	 -2.5470452E-03
-1077.5	  2.2503331E-03
-1075.5	 -1.1593632E-03
-836.5	  3.1450526E-03
-834.5	 -3.6691001E-03
-677.5	  2.8941485E-03
-673.5	 -1.7843607E-03
-488.5	  7.3039425E-03
-486.5	 -4.0927217E-03
-440.5	  4.0242327E-03
-435.5	 -2.4811204E-03
-353.5	  6.4068222E-03
-349.5	 -2.6886184E-03
-186.5	  6.2730731E-03
-181.5	 -2.7196067E-03
-167.5	  1.5174810E-02
-161.5	 -1.7417661E-03
-10.5	  0.3325755    
-9.5	  0.3325755    
9.5	 -4.5280131E-03
27.5	  0.2103236    
81.5	 -2.3192554E-03
88.5	  8.5982271E-03
333.5	 -8.2993670E-04
339.5	  5.4528848E-03
376.5	 -3.6520073E-03
379.5	  4.7202017E-03
482.5	 -5.3822505E-03
484.5	  6.1343540E-03
615.5	 -1.7221175E-03
618.5	  3.7635195E-03
889.5	 -1.2316612E-02
890.5	  4.4745416E-03
987.5	 -1.5665301E-03
989.5	  2.4533526E-03
