-839.5	  4.1905902E-03
-836.5	 -3.8010250E-03
-515.5	  4.1454253E-03
-511.5	 -4.1647940E-03
-459.5	  4.8508057E-03
-456.5	 -3.4513411E-03
-326.5	  5.5882451E-03
-322.5	 -3.5946504E-03
-312.5	  5.4108035E-03
-308.5	 -2.6769352E-03
-228.5	  6.0302736E-03
-223.5	 -1.5641528E-03
-159.5	  2.6687646E-02
-151.5	 -2.4916085E-03
-135.5	  1.9213811E-02
-131.5	 -3.2227559E-03
-123.5	  5.5550695E-03
-117.5	 -1.3215556E-03
-66.5	  2.7301341E-02
-59.5	 -1.3692930E-03
-53.5	  4.2696600E-03
-46.5	 -4.4856016E-03
-3.5	  0.7561498    
-2.5	  0.7558590    
32.5	 -0.1107310    
39.5	  0.2104506    
195.5	 -3.2261368E-03
201.5	  4.4173249E-03
248.5	 -3.2576970E-03
252.5	  6.6956715E-03
280.5	 -7.5082943E-02
281.5	  2.1856524E-02
341.5	 -3.8304359E-03
344.5	  2.4490547E-03
350.5	 -1.4193726E-03
355.5	  5.1591885E-03
493.5	 -2.7926276E-03
496.5	  3.6551026E-03
653.5	 -1.7154691E-03
656.5	  3.0680543E-03
773.5	 -2.0593624E-03
775.5	  3.5438687E-03
948.5	 -1.5939770E-02
