-1456.5	  1.8091208E-03
-1454.5	 -1.3296879E-03
-929.5	  1.4726941E-03
-925.5	 -8.0576114E-04
-924.5	 -8.0576114E-04
-712.5	  6.4659426E-03
-711.5	 -7.4098296E-03
-599.5	  2.8677930E-03
-596.5	 -1.6001693E-03
-561.5	  1.4682187E-02
-560.5	 -7.4495478E-03
-284.5	  5.9234663E-03
-280.5	 -2.3123685E-03
-257.5	  4.2901458E-03
-251.5	 -4.0551964E-03
-164.5	  6.5831463E-03
-158.5	 -1.8126876E-03
-130.5	  3.1275414E-02
-124.5	 -8.2259234E-03
-92.5	  2.1079581E-02
-85.5	 -1.2418940E-03
-16.5	  0.3580341    
2.5	 -6.2965010E-03
15.5	  0.1249561    
34.5	 -2.8336314E-02
45.5	  0.1386324    
123.5	 -3.4056592E-03
130.5	  2.4285113E-02
159.5	 -1.2977812E-03
164.5	  1.0182791E-02
165.5	  1.0182791E-02
203.5	 -9.8059867E-03
205.5	  1.6158715E-02
267.5	 -2.9198807E-03
272.5	  4.9873674E-03
400.5	 -3.0698250E-03
404.5	  4.5599965E-03
620.5	 -4.2528845E-03
622.5	  4.6260222E-03
994.5	 -1.6129120E-03
996.5	  3.2458270E-03
1062.5	 -7.6702097E-03
1063.5	  5.7098130E-03
