-1125.5	  1.4277227E-03
-1121.5	 -8.9582609E-04
-872.5	  2.0206131E-03
-869.5	 -1.2227194E-03
-792.5	  5.5376193E-03
-791.5	 -1.0153568E-02
-552.5	  3.0171268E-03
-548.5	 -2.1157723E-03
-461.5	  4.5624305E-03
-458.5	 -3.1524959E-03
-327.5	  4.9664541E-03
-322.5	 -1.2090356E-03
-252.5	  4.9571362E-03
-248.5	 -3.1299288E-03
-234.5	  1.6278904E-02
-233.5	 -5.5474220E-03
-232.5	 -5.5474220E-03
-152.5	  1.8901903E-02
-146.5	 -4.1318396E-03
-3.5	  0.8885484    
-2.5	  0.8855497    
31.5	 -3.6253079E-03
36.5	  1.5934890E-02
43.5	 -2.8092470E-03
50.5	  1.5497951E-02
91.5	 -9.3369314E-04
104.5	  4.7770385E-02
188.5	 -1.2892637E-03
193.5	  5.3294231E-03
291.5	 -1.2032463E-03
296.5	  9.4960891E-03
338.5	 -3.1300888E-03
342.5	  4.9376227E-03
376.5	 -1.7000132E-03
381.5	  4.4745388E-03
488.5	 -1.6600888E-03
492.5	  4.2761280E-03
631.5	 -1.1490628E-03
635.5	  2.5170799E-03
754.5	 -4.6156636E-03
755.5	  4.2702607E-03
1282.5	 -4.6845404E-03
