-1712.5	  1.5157638E-03
-1710.5	 -1.4391178E-03
-746.5	  2.3354702E-03
-742.5	 -1.2494562E-03
-609.5	  6.9428906E-03
-607.5	 -3.6089921E-03
-474.5	  3.0882289E-03
-469.5	 -1.0923052E-03
-296.5	  5.5207475E-03
-291.5	 -9.3414454E-04
-166.5	  9.0328800E-03
-160.5	 -2.8927820E-03
-154.5	  2.4070615E-02
-152.5	 -1.1863043E-02
-96.5	  1.6339198E-02
-89.5	 -1.1215570E-03
-72.5	  7.7913902E-03
-65.5	 -2.8655962E-03
-46.5	  5.4943729E-02
-39.5	 -3.7937239E-03
0.5	  0.3968896    
44.5	 -4.1207620E-03
48.5	  1.8592997E-02
58.5	 -2.4977773E-03
65.5	  1.0188123E-02
265.5	 -5.2579148E-03
266.5	  3.7051778E-02
272.5	 -1.7462050E-03
277.5	  5.2976771E-03
309.5	 -1.7096057E-03
313.5	  7.2638411E-03
314.5	 -7.3182192E-03
319.5	  4.6813125E-03
510.5	 -4.8681926E-03
512.5	  5.1570749E-03
531.5	 -1.1060096E-03
535.5	  2.6298056E-03
618.5	 -1.8145058E-03
621.5	  3.0746090E-03
793.5	 -2.3770186E-03
794.5	  2.1737285E-03
853.5	 -1.2237445E-03
858.5	  2.5097758E-03
