-1624.5	  1.8609300E-03
-1622.5	 -2.3095522E-03
-1006.5	  3.8614331E-03
-1005.5	 -1.6789851E-03
-690.5	  3.4246962E-03
-687.5	 -3.1283868E-03
-676.5	  3.0508537E-03
-673.5	 -1.9481551E-03
-559.5	  3.4495855E-03
-555.5	 -3.1589461E-03
-292.5	  5.4571638E-03
-288.5	 -3.2564299E-03
-264.5	  1.6258936E-02
-263.5	 -6.3778767E-03
-113.5	  5.8612667E-02
-108.5	 -3.2488082E-02
-101.5	  1.2612565E-02
-95.5	 -2.0285412E-03
-89.5	  3.3992545E-03
-83.5	 -1.8563317E-03
-61.5	  4.9668953E-02
-53.5	 -2.4773779E-03
-18.5	  0.2369479    
-7.5	 -1.1696174E-02
-6.5	  9.4402675E-03
-2.5	 -2.1631692E-03
9.5	  0.6352111    
271.5	 -2.6583541E-03
275.5	  2.8832869E-03
281.5	 -7.6194722E-03
284.5	  1.1369866E-02
413.5	 -1.9589332E-03
417.5	  5.0467895E-03
549.5	 -3.6460939E-03
554.5	  3.1612585E-03
726.5	 -1.9446311E-03
729.5	  3.0802852E-03
783.5	 -2.5259159E-03
786.5	  3.1609358E-03
1023.5	 -1.0363680E-03
1026.5	  2.1677897E-03
