-1144.5	  1.5284186E-03
-1141.5	 -1.0587147E-03
-968.5	  3.0306741E-03
-965.5	 -1.8219732E-03
-740.5	  2.5156499E-03
-737.5	 -1.6797563E-03
-572.5	  2.3554317E-03
-571.5	 -7.9148225E-03
-532.5	  4.0486949E-03
-530.5	 -2.5861755E-03
-422.5	  6.5737842E-03
-419.5	 -4.1956850E-03
-409.5	  2.8584020E-03
-404.5	 -1.0162486E-03
-350.5	  4.8296186E-03
-346.5	 -3.2494548E-03
-175.5	  1.8364089E-02
-170.5	 -5.8550751E-03
-155.5	  1.1667854E-02
-150.5	 -3.9931759E-03
-65.5	  8.2836591E-02
-59.5	 -3.4192454E-02
-14.5	  5.4266345E-02
-1.5	 -1.9801846E-03
10.5	  0.1029935    
24.5	 -3.1032746E-03
31.5	  2.6297163E-02
52.5	 -3.2413090E-03
60.5	  1.6276794E-02
138.5	 -9.6600354E-03
140.5	  1.6442206E-02
153.5	 -3.0188521E-03
158.5	  6.6822325E-03
203.5	 -1.7436866E-03
209.5	  3.5627049E-03
399.5	 -3.3777570E-03
402.5	  5.4981378E-03
544.5	 -1.0219498E-02
545.5	  9.5663834E-03
770.5	 -3.5069094E-03
773.5	  2.9632631E-03
783.5	 -3.0242575E-03
785.5	  4.2560915E-03
