-943.5	  2.4332576E-03
-941.5	 -2.3579325E-03
-646.5	  2.4826946E-03
-641.5	 -8.4632047E-04
-568.5	  1.6631860E-03
-563.5	 -5.1243400E-04
-382.5	  3.2568693E-03
-377.5	 -2.9226621E-03
-278.5	  5.1962319E-03
-274.5	 -3.7903991E-03
-245.5	  1.4566507E-02
-243.5	 -6.1603710E-03
-150.5	  6.7607355E-03
-144.5	 -3.2029278E-03
-118.5	  2.2299530E-02
-113.5	 -3.8931179E-03
-61.5	  6.2331181E-02
-53.5	 -1.5827842E-02
-23.5	  0.1747905    
-7.5	 -1.1198416E-03
5.5	  0.1429382    
18.5	 -1.3122389E-03
28.5	  0.1803670    
29.5	  0.1803670    
133.5	 -4.1801934E-03
139.5	  1.9424245E-02
256.5	 -1.1481430E-03
261.5	  4.4588801E-03
433.5	 -3.6477239E-03
439.5	  3.4422481E-03
626.5	 -1.2450657E-03
631.5	  2.8692544E-03
665.5	 -2.5271890E-03
668.5	  3.6531212E-03
721.5	 -1.7919845E-03
724.5	  3.1272916E-03
1455.5	 -1.5455879E-03
1457.5	  2.2809817E-03
1941.5	 -1.6907497E-03
1943.5	  1.4201741E-03
