-1301.5	  2.0600166E-03
-1299.5	 -2.3186384E-03
-1040.5	  2.9632791E-03
-1037.5	 -2.3726854E-03
-888.5	  2.6735063E-03
-886.5	 -3.1124006E-03
-566.5	  2.3873386E-03
-561.5	 -8.4230234E-04
-473.5	  3.5346849E-03
-469.5	 -2.2591292E-03
-328.5	  5.2016447E-03
-322.5	 -1.3377419E-03
-259.5	  7.4701114E-03
-253.5	 -9.2734001E-04
-248.5	  1.8940819E-03
-245.5	 -3.2085553E-03
-146.5	  1.9386457E-02
-141.5	 -4.0516504E-03
-25.5	  0.3650461    
-15.5	 -0.2292751    
-4.5	  0.1408758    
5.5	 -1.0077654E-03
18.5	  0.2067095    
46.5	 -8.0367300E-04
54.5	  2.7395060E-02
73.5	 -5.6110355E-03
82.5	  1.4129851E-02
135.5	 -2.3723776E-03
139.5	  5.2408371E-03
146.5	 -5.7630888E-03
152.5	  1.9194743E-02
231.5	 -4.1338704E-03
236.5	  7.1129822E-03
420.5	 -3.1105711E-03
424.5	  3.6124280E-03
447.5	 -2.3834088E-03
450.5	  5.0013005E-03
555.5	 -8.8639399E-03
556.5	  1.4917708E-02
584.5	 -3.5300362E-03
586.5	  7.4808518E-03
995.5	 -3.1698958E-03
996.5	  5.3233313E-03
1486.5	 -1.6136526E-03
