-912.5	  3.2847915E-02
-811.5	  3.1059880E-03
-809.5	 -2.1226075E-03
-334.5	  5.1189461E-03
-329.5	 -1.1921865E-03
-274.5	  5.9040124E-03
-270.5	 -3.1670085E-03
-257.5	  4.3509114E-03
-252.5	 -2.3316420E-03
-246.5	  7.3507768E-03
-244.5	 -9.1390219E-03
-198.5	  1.4264396E-02
-192.5	 -2.8741884E-03
-65.5	  1.7681524E-02
-58.5	 -2.6940403E-03
-51.5	  1.7768215E-02
-44.5	 -2.4168657E-03
-26.5	  9.4766006E-02
-17.5	 -1.2745664E-03
4.5	  0.6239622    
34.5	 -4.4320659E-03
39.5	  1.9498913E-02
46.5	 -3.5665678E-03
53.5	  2.3652392E-02
71.5	 -4.3439255E-03
75.5	  1.4363310E-02
83.5	 -3.3203496E-03
89.5	  8.5217264E-03
153.5	 -1.6039629E-02
157.5	  3.0622466E-02
516.5	 -2.4393352E-03
521.5	  3.4112332E-03
749.5	 -3.1109918E-03
751.5	  4.4342102E-03
915.5	 -3.9445036E-03
917.5	  4.8289215E-03
