-1123.5	  2.7037126E-03
-1120.5	 -2.5635506E-03
-958.5	  1.4585977E-03
-954.5	 -5.9430482E-04
-930.5	  2.8561933E-03
-928.5	 -2.7213488E-03
-505.5	  5.5029886E-03
-315.5	  4.0920856E-03
-311.5	 -2.7006213E-03
-276.5	  1.6713114E-02
-274.5	 -4.3691644E-03
-85.5	  4.4988867E-02
-79.5	 -1.4999597E-02
-51.5	  2.2713849E-02
-44.5	 -3.8390739E-03
-27.5	  0.1072883    
-14.5	 -7.1085145E-04
-2.5	  0.7307023    
76.5	 -8.5259863E-04
82.5	  6.1670118E-03
89.5	 -8.8679316E-03
96.5	  4.4743266E-02
230.5	 -6.7285639E-03
233.5	  1.1757597E-02
382.5	 -3.3839324E-03
385.5	  5.4421877E-03
411.5	 -1.3713532E-03
415.5	  3.4642506E-03
579.5	 -2.5230187E-03
582.5	  2.2541264E-03
590.5	 -1.9800104E-03
595.5	  2.9826404E-03
1044.5	 -6.8983636E-03
1045.5	  3.6399504E-03
