-831.5	  2.4683606E-03
-827.5	 -1.1026035E-03
-772.5	  3.2439323E-03
-770.5	 -3.8410213E-03
-577.5	  9.5264837E-03
-576.5	 -8.5644238E-03
-494.5	  4.6190093E-03
-491.5	 -3.8278296E-03
-479.5	  5.6889122E-03
-478.5	 -2.1387080E-02
-371.5	  4.4979220E-03
-368.5	 -3.7112844E-03
-233.5	  6.0940906E-03
-228.5	 -3.0931064E-03
-204.5	  4.5810714E-03
-198.5	 -1.2394130E-03
-187.5	  8.9556091E-03
-181.5	 -1.6583049E-03
-100.5	  1.1293741E-02
-93.5	 -3.0886796E-03
-85.5	  1.8328836E-02
-80.5	 -2.4320902E-03
-61.5	  4.6915986E-02
-52.5	 -4.5467159E-03
-28.5	  0.1604067    
-27.5	  0.1543854    
-19.5	 -5.7417609E-02
7.5	  0.6215969    
85.5	 -6.6256855E-04
93.5	  2.6507339E-02
307.5	 -2.8421429E-03
311.5	  9.0417229E-03
324.5	 -2.3617991E-03
329.5	  4.6009896E-03
356.5	 -7.8724389E-04
362.5	  4.4039469E-03
483.5	 -2.5313513E-03
487.5	  3.8391729E-03
585.5	 -3.6395623E-03
587.5	  4.4631180E-03
665.5	 -1.4760866E-03
668.5	  3.1812417E-03
881.5	 -2.8228515E-03
883.5	  3.6755139E-03
1030.5	 -1.5026152E-03
1032.5	  2.5842483E-03
