-1811.5	  1.6419212E-03
-1809.5	 -2.3472025E-03
-949.5	  3.1768179E-03
-947.5	 -3.4070103E-03
-869.5	  4.3819835E-03
-868.5	 -3.3412813E-03
-718.5	  2.5330798E-03
-714.5	 -7.2692474E-04
-636.5	  2.5827312E-03
-632.5	 -1.0891138E-03
-394.5	  4.4307988E-03
-391.5	 -3.5188852E-03
-194.5	  7.7933427E-03
-189.5	 -3.4071889E-03
-153.5	  2.1516109E-02
-150.5	 -1.0456569E-02
-144.5	  2.7412898E-03
-138.5	 -1.9492732E-03
-112.5	  1.8272417E-02
-108.5	 -4.5831827E-03
-6.5	  0.7983304    
26.5	 -2.9828006E-03
33.5	  7.3255878E-03
37.5	 -4.4929227E-03
45.5	  2.2566561E-02
182.5	 -2.8369620E-03
188.5	  4.5478996E-03
275.5	 -3.3028715E-03
279.5	  4.3029999E-03
286.5	 -1.9014275E-03
291.5	  5.0713136E-03
375.5	 -8.1103219E-04
380.5	  2.1818918E-03
503.5	 -4.1355337E-03
505.5	  6.1122356E-03
570.5	 -3.3732646E-03
574.5	  3.6125344E-03
605.5	 -2.3133871E-03
609.5	  2.7374520E-03
900.5	 -5.6056296E-03
901.5	  7.2700223E-03
1229.5	 -1.5402571E-03
1231.5	  2.8953012E-03
