-716.5	  3.0928275E-03
-713.5	 -2.9606563E-03
-610.5	  3.8004536E-03
-607.5	 -3.1585121E-03
-593.5	  2.3524906E-03
-588.5	 -7.4213900E-04
-435.5	  2.9488478E-03
-431.5	 -1.2532701E-03
-375.5	  4.6726842E-03
-370.5	 -2.6710350E-03
-278.5	  5.2420814E-03
-274.5	 -3.5460745E-03
-257.5	  1.2292512E-02
-254.5	 -5.6179930E-03
-179.5	  7.0729735E-03
-174.5	 -4.0125945E-03
-157.5	  1.4207028E-02
-155.5	 -9.6115712E-03
-81.5	  4.1785900E-02
-75.5	 -1.0814620E-02
-20.5	  3.0610051E-02
-11.5	 -2.1182341E-03
-6.5	  6.8704775E-03
-4.5	 -3.0032364E-03
9.5	  0.5017378    
51.5	 -4.2785304E-03
56.5	  1.8658808E-02
63.5	 -3.3948510E-03
69.5	  2.0789873E-02
153.5	 -3.7817410E-03
159.5	  5.6136753E-03
237.5	 -3.0882163E-03
240.5	  9.0100002E-03
254.5	 -3.3884398E-03
259.5	  4.7846553E-03
270.5	 -3.1543334E-03
274.5	  6.2274793E-03
422.5	 -3.4075319E-03
425.5	  4.7219866E-03
678.5	 -1.8189067E-03
682.5	  2.8469171E-03
901.5	 -1.3906374E-03
904.5	  2.3273639E-03
1031.5	 -2.9867464E-03
1032.5	  2.5660198E-03
1113.5	  3.3539413E-03
