-1731.5	  1.5638105E-03
-1729.5	 -1.7697340E-03
-1023.5	  5.6218635E-03
-1022.5	 -9.1034966E-03
-633.5	  2.7640555E-03
-630.5	 -1.4329404E-03
-529.5	  2.6487804E-03
-525.5	 -1.1020475E-03
-248.5	  4.3818112E-03
-243.5	 -1.2735052E-03
-220.5	  6.6120937E-03
-214.5	 -3.0540451E-03
-169.5	  1.3802899E-02
-160.5	 -4.5305323E-03
-79.5	  5.8644142E-02
-72.5	 -1.8042304E-02
-2.5	  0.5455906    
-1.5	  0.5561062    
26.5	 -1.4869759E-03
41.5	  0.1380845    
268.5	 -4.5231734E-03
272.5	  1.2107650E-02
342.5	 -6.3071470E-03
345.5	  1.1929084E-02
561.5	 -1.5314416E-03
565.5	  3.3768700E-03
655.5	 -3.6669914E-03
657.5	  4.5330622E-03
815.5	 -3.4638741E-03
817.5	  4.0514763E-03
900.5	 -2.3560608E-03
902.5	  3.7833690E-03
1182.5	 -6.3221678E-03
1184.5	  4.8283553E-03
