-940.5	  2.8076852E-03
-937.5	 -2.2202756E-03
-828.5	  2.2851715E-03
-825.5	 -1.3046613E-03
-539.5	  3.9475881E-03
-537.5	 -1.5900318E-03
-441.5	  4.0603834E-03
-437.5	 -2.5229240E-03
-316.5	  4.4955951E-03
-307.5	 -1.8239854E-03
-295.5	  6.1280848E-03
-291.5	 -2.2654142E-03
-134.5	  6.1530047E-03
-128.5	 -2.7289258E-03
-114.5	  2.0095967E-02
-110.5	 -6.1387019E-03
-102.5	  5.3455750E-03
-96.5	 -2.3368883E-03
-92.5	  6.5155071E-03
-88.5	 -3.0617155E-03
-2.5	   1.043715    
-1.5	  0.9858003    
116.5	 -3.9242962E-03
120.5	  1.6432706E-02
142.5	 -2.6563716E-03
148.5	  7.3755519E-03
160.5	 -2.9291078E-03
166.5	  1.5029124E-02
205.5	 -4.2348173E-03
208.5	  1.3339694E-02
226.5	 -2.6088476E-03
231.5	  4.6833591E-03
323.5	 -1.6640245E-03
327.5	  4.4562696E-03
486.5	 -3.2607778E-03
489.5	  4.8220558E-03
653.5	 -3.5227197E-03
655.5	  4.0269736E-03
759.5	  3.5360670E-03
760.5	  1.2499808E-02
987.5	 -4.3046009E-03
988.5	  1.6478190E-02
1366.5	 -1.5930925E-03
1367.5	  2.3682597E-03
