-528.5	  3.0039113E-03
-524.5	 -1.9725594E-03
-459.5	  3.4154502E-03
-455.5	 -2.5302833E-03
-451.5	  3.0905977E-03
-449.5	 -2.8720682E-03
-410.5	  3.9683022E-03
-406.5	 -2.4374714E-03
-106.5	  2.1343281E-02
-99.5	 -1.8903329E-03
-91.5	  2.6141787E-02
-90.5	  -1.440049    
-22.5	  0.4609016    
-0.5	 -0.1494427    
17.5	  0.3116073    
180.5	 -1.8187017E-03
187.5	  1.1597190E-02
196.5	 -3.4366339E-03
200.5	  7.9122735E-03
241.5	 -3.2992080E-02
242.5	  2.0737456E-02
273.5	 -3.8883358E-03
277.5	  4.9501299E-03
290.5	 -2.8866923E-03
294.5	  7.1756551E-03
383.5	 -2.9196353E-03
387.5	  4.1965381E-03
574.5	 -2.6552228E-03
577.5	  3.5996996E-03
853.5	 -5.2020033E-03
854.5	  8.8317357E-03
1151.5	 -2.5421272E-03
1152.5	  1.3244133E-02
