-806.5	  5.1504872E-03
-805.5	 -2.7245653E-03
-525.5	  5.6935106E-03
-523.5	 -5.4095103E-03
-331.5	  9.2305169E-03
-327.5	 -4.3028691E-03
-316.5	  3.8986017E-03
-312.5	 -3.0586405E-03
-185.5	  1.6404210E-02
-179.5	 -3.4189373E-03
-6.5	  0.2937675    
23.5	 -3.9724526E-03
35.5	  0.1150093    
75.5	 -1.3643210E-03
83.5	  2.9901519E-02
196.5	 -1.1967580E-03
202.5	  8.5541839E-03
269.5	 -1.0500523E-03
275.5	  1.0067370E-02
296.5	 -2.7207253E-03
300.5	  4.2973119E-03
418.5	 -1.4552482E-03
422.5	  3.7767736E-03
678.5	 -2.9279268E-03
681.5	  3.0992513E-03
738.5	 -1.6033163E-03
741.5	  3.2508569E-03
1659.5	 -7.1022921E-04
1662.5	  1.1757821E-03
