-795.5	  3.3304088E-03
-793.5	 -2.0045012E-03
-783.5	  7.9332264E-03
-782.5	 -6.2935599E-03
-748.5	  1.9791587E-03
-744.5	 -1.0352731E-03
-402.5	  4.6222555E-03
-397.5	 -1.0587141E-03
-376.5	  3.6245789E-03
-371.5	 -1.5475992E-03
-305.5	  6.7516142E-03
-298.5	 -1.6357057E-03
-234.5	  6.0565285E-03
-229.5	 -1.5811546E-03
-121.5	  7.1380837E-03
-115.5	 -2.7789536E-03
-111.5	  7.5261886E-03
-108.5	 -5.3639314E-03
-54.5	  2.7235944E-02
-46.5	 -5.7491590E-03
-43.5	  8.1428494E-03
-41.5	 -7.3615704E-03
-31.5	  2.1906000E-02
-23.5	 -9.4197942E-03
-21.5	  2.1989176E-02
2.5	   1.135590    
3.5	  0.6269947    
135.5	 -3.4010047E-03
141.5	  7.9749422E-03
264.5	 -3.6577436E-03
268.5	  8.1151659E-03
285.5	 -2.8544767E-03
290.5	  4.9035503E-03
331.5	 -2.2407763E-03
335.5	  5.6629651E-03
446.5	 -3.2778175E-03
450.5	  3.8635931E-03
506.5	 -2.4374553E-03
510.5	  3.3467389E-03
720.5	 -1.2925923E-03
723.5	  2.8660493E-03
1276.5	 -4.2370381E-03
1277.5	  3.5000050E-03
