-952.5	  4.2204242E-03
-951.5	 -6.0282010E-03
-849.5	  3.9058903E-03
-848.5	 -2.2553154E-03
-560.5	  3.9742114E-03
-557.5	 -3.1579256E-03
-440.5	  5.1768697E-03
-437.5	 -3.4609444E-03
-412.5	  3.4929581E-03
-408.5	 -1.2453498E-03
-266.5	  3.7970417E-03
-261.5	 -1.4476664E-03
-149.5	  1.0124041E-02
-143.5	 -1.1384324E-03
-66.5	  2.0056926E-02
-59.5	 -4.2900341E-03
-54.5	  8.0568381E-03
-49.5	 -2.3288287E-03
-40.5	  9.5343396E-02
-35.5	 -0.1461917    
11.5	  0.5100474    
95.5	 -2.5358116E-03
104.5	  3.9822277E-02
128.5	 -2.2972287E-03
134.5	  6.2240986E-03
175.5	 -1.2479495E-03
180.5	  1.0268791E-02
385.5	 -1.3563309E-03
391.5	  3.3543636E-03
526.5	 -4.6512075E-03
528.5	  5.9075118E-03
925.5	 -2.3789403E-03
928.5	  2.3466554E-03
1439.5	 -5.8694126E-04
1442.5	  1.0321904E-03
