-848.5	  9.2561934E-03
-846.5	 -3.4007845E-03
-729.5	  2.5208357E-03
-726.5	 -1.4706136E-03
-489.5	  5.1555214E-03
-487.5	 -3.4057498E-03
-360.5	  3.1550874E-03
-350.5	 -3.3645143E-03
-215.5	  6.0793473E-03
-211.5	 -3.7499454E-03
-189.5	  2.7969163E-02
-188.5	  2.7969163E-02
-187.5	 -2.4665635E-02
-171.5	  6.1177243E-03
-165.5	 -4.5071361E-03
-137.5	  1.4653600E-02
-131.5	 -2.9114978E-03
-118.5	  1.9194901E-02
-112.5	 -4.2087613E-03
-4.5	  0.5153295    
-3.5	  0.5153295    
-2.5	 -0.5515383    
-1.5	  0.2800337    
-0.5	  0.2800337    
12.5	 -4.0579005E-03
21.5	  9.8965883E-02
34.5	 -1.8117127E-03
42.5	  1.5544976E-02
59.5	 -1.1764631E-03
67.5	  2.6687689E-02
128.5	 -3.1343021E-03
131.5	  6.6270060E-03
134.5	 -3.6830623E-03
140.5	  8.4947217E-03
246.5	 -4.5113512E-03
250.5	  1.0256693E-02
337.5	 -1.6605019E-03
341.5	  3.7121731E-03
417.5	 -2.4301379E-03
421.5	  3.5538911E-03
597.5	 -7.4484912E-03
598.5	  1.1736844E-02
736.5	 -3.5136899E-03
738.5	  4.8511722E-03
783.5	 -1.4009989E-03
786.5	  2.7364085E-03
