-828.5	  3.0215424E-03
-826.5	 -3.4390402E-03
-778.5	  1.5890514E-03
-680.5	  3.1376549E-03
-677.5	 -2.0994942E-03
-345.5	  3.8973864E-03
-341.5	 -1.9817397E-03
-335.5	  3.0519040E-03
-331.5	 -2.0294848E-03
-312.5	  3.8657775E-03
-307.5	 -8.1477605E-04
-85.5	  4.3839604E-02
-78.5	 -1.3114585E-02
-1.5	  0.8254170    
54.5	 -4.6036746E-03
62.5	  1.4362140E-02
103.5	 -4.2116647E-03
107.5	  2.4525845E-02
118.5	 -1.3131682E-03
125.5	  1.0766424E-02
140.5	 -3.6555533E-03
145.5	  6.3974978E-03
319.5	 -1.4640273E-03
324.5	  3.4930573E-03
363.5	 -1.4471329E-03
367.5	  4.8073647E-03
394.5	 -3.5954707E-03
397.5	  5.8638537E-03
521.5	 -3.2881547E-02
560.5	 -0.8383993    
561.5	 -0.7327880    
987.5	 -2.1381397E-03
989.5	  3.7645327E-03
1237.5	 -3.6728375E-03
1238.5	  4.3378249E-03
1364.5	 -1.7852457E-03
1365.5	  2.2465414E-03
