-1181.5	  1.8505468E-03
-1178.5	 -1.0639259E-03
-788.5	  2.6917316E-03
-785.5	 -1.7697234E-03
-656.5	  2.2800034E-03
-653.5	 -1.2836021E-03
-456.5	  3.9983252E-03
-453.5	 -2.8508489E-03
-402.5	  3.5263824E-03
-397.5	 -2.0462279E-03
-371.5	  1.5627844E-03
-367.5	 -1.3649829E-03
-212.5	  1.3415476E-02
-207.5	 -5.7394034E-03
-122.5	  7.8645172E-03
-115.5	 -5.4728407E-03
-35.5	  0.1823971    
-24.5	 -4.3475263E-02
1.5	  0.4643727    
33.5	 -1.9459542E-02
44.5	  0.1336793    
76.5	 -2.1225063E-03
84.5	  1.4123517E-02
317.5	 -2.8096824E-03
321.5	  4.2294418E-03
377.5	 -1.3772761E-03
381.5	  3.4498796E-03
501.5	 -1.6034988E-03
504.5	  4.0271436E-03
587.5	 -3.7386112E-03
589.5	  2.8327964E-03
635.5	 -1.4379654E-03
638.5	  3.1402507E-03
929.5	 -1.7164246E-03
932.5	  2.5302402E-03
1338.5	 -1.5109184E-03
1342.5	  1.7397531E-03
