-1223.5	  3.1615598E-03
-1222.5	 -4.4765221E-03
-881.5	  1.8191780E-04
-748.5	  5.5132234E-03
-745.5	 -3.4502451E-03
-725.5	  4.2551290E-03
-723.5	 -4.2523900E-03
-712.5	  3.8803203E-03
-710.5	 -3.0073731E-03
-608.5	  3.5681047E-03
-605.5	 -3.2790140E-03
-387.5	  4.7407788E-03
-382.5	 -2.5851601E-03
-263.5	  5.6591528E-03
-257.5	 -2.6311530E-03
-216.5	  1.4776548E-02
-211.5	 -5.6181238E-03
-91.5	  9.4337827E-03
-84.5	 -4.2178282E-03
-40.5	  0.1483588    
-30.5	 -3.3148169E-03
-17.5	  5.3038444E-02
-9.5	 -3.3321672E-03
0.5	  0.2808028    
170.5	 -1.6856596E-03
175.5	  6.8224538E-03
273.5	 -2.0054346E-03
279.5	  4.9767112E-03
325.5	 -2.7166181E-03
329.5	  6.2402016E-03
381.5	 -3.3503193E-03
386.5	  3.5447273E-03
662.5	 -3.9766100E-03
665.5	  3.9299028E-03
1314.5	 -2.4663971E-03
1315.5	  5.8792625E-03
