-1403.5	  4.4120802E-04
-424.5	  5.0126938E-03
-421.5	 -2.9605536E-03
-372.5	  2.7224696E-03
-367.5	 -6.9609954E-04
-294.5	  3.8750884E-03
-289.5	 -2.1650558E-03
-254.5	  6.1523621E-03
-249.5	 -2.4532541E-03
-181.5	  5.2814865E-03
-175.5	 -2.9147360E-03
-95.5	  4.0735546E-02
-89.5	 -1.3344496E-02
-60.5	  0.1031842    
-54.5	 -4.7379989E-02
-38.5	  3.9962921E-02
-30.5	 -8.4244472E-04
5.5	  0.6616724    
6.5	  0.6616724    
217.5	 -1.1876957E-02
219.5	  3.2338999E-02
346.5	 -4.2102663E-03
349.5	  8.0398070E-03
400.5	 -5.6281518E-03
403.5	  1.0063734E-02
410.5	 -3.5144438E-03
414.5	  4.1753282E-03
568.5	 -2.5119989E-03
572.5	  2.8817202E-03
623.5	 -1.2828599E-03
626.5	  2.4302432E-03
779.5	 -4.0058987E-03
780.5	  6.2168459E-03
919.5	 -3.5133974E-03
921.5	  3.7138721E-03
1231.5	 -7.5625093E-04
1235.5	  1.3768569E-03
