-1335.5	  4.6509779E-03
-1334.5	 -4.7869147E-03
-1032.5	  2.9364955E-03
-1030.5	 -1.8438773E-03
-642.5	  3.1398351E-03
-639.5	 -2.2707630E-03
-588.5	  6.8151797E-03
-587.5	 -3.5557099E-02
-450.5	  3.9209737E-03
-446.5	 -1.6143443E-03
-328.5	  4.4115018E-03
-321.5	 -1.7360507E-03
-132.5	  9.4779162E-03
-127.5	 -3.5791181E-03
-105.5	  2.6910366E-02
-100.5	 -4.3422445E-03
-80.5	  3.8363285E-02
-73.5	 -5.9722210E-03
-6.5	  0.7063670    
-5.5	  0.6888086    
28.5	 -1.2452150E-03
41.5	  0.1650398    
140.5	 -6.0266671E-03
142.5	  7.2683524E-03
146.5	 -3.7008694E-03
152.5	  6.2013157E-03
168.5	 -2.2507794E-03
173.5	  1.1573335E-02
183.5	 -2.7666590E-03
188.5	  8.5637998E-03
408.5	 -1.8389500E-03
413.5	  3.5154379E-03
428.5	 -3.4801553E-03
431.5	  6.4685107E-03
520.5	 -2.1344516E-03
524.5	  3.2233403E-03
554.5	 -2.1988628E-03
558.5	  3.5668015E-03
653.5	 -1.2814120E-03
656.5	  3.0348052E-03
1007.5	 -5.8810017E-03
1009.5	  3.1975391E-03
1128.5	 -1.3964995E-03
1130.5	  2.9201524E-03
1305.5	 -2.4098854E-03
1307.5	  2.5894044E-03
