-1624.5	  2.9112701E-03
-1623.5	 -1.3960273E-02
-1472.5	  3.9428291E-03
-1471.5	 -2.9341921E-03
-1193.5	  4.0611066E-03
-1190.5	 -1.7406705E-03
-1001.5	  2.3817846E-03
-998.5	 -1.8305981E-03
-856.5	  3.1364057E-03
-853.5	 -3.5647398E-03
-792.5	  3.0684634E-03
-790.5	 -1.5413486E-03
-743.5	  2.5860642E-03
-740.5	 -1.1519208E-03
-686.5	  7.3590046E-03
-685.5	 -1.0358763E-02
-673.5	  9.2006894E-03
-672.5	 -6.2179402E-03
-496.5	  7.5445115E-03
-494.5	 -4.6325307E-03
-465.5	  4.2962912E-03
-461.5	 -2.0440805E-03
-456.5	  2.8941741E-03
-455.5	 -1.6181523E-03
-298.5	  1.0634899E-02
-297.5	  1.0634899E-02
-290.5	 -1.3085668E-03
-103.5	  1.2461286E-02
-97.5	 -9.8366535E-04
-14.5	  0.1785985    
-4.5	 -4.9940501E-03
4.5	  3.3672634E-03
13.5	 -4.5900857E-03
19.5	  5.1164697E-03
24.5	 -2.1995937E-03
32.5	  2.3664946E-02
193.5	 -3.1713147E-03
198.5	  5.4145264E-03
318.5	 -3.4914010E-03
322.5	  5.1727192E-03
520.5	 -1.3404773E-03
523.5	  3.4843856E-03
534.5	 -3.6377038E-03
536.5	  4.1856500E-03
719.5	 -1.4228491E-03
722.5	  3.0818542E-03
780.5	 -4.5034247E-03
781.5	  2.8346609E-02
809.5	 -3.2727888E-03
811.5	  4.6550878E-03
1103.5	 -2.8726764E-03
1105.5	  2.7896832E-03
