-942.5	  5.4092063E-03
-941.5	 -4.3763067E-03
-818.5	  6.0776882E-03
-817.5	 -7.5228014E-03
-550.5	  3.8500528E-03
-546.5	 -3.3928771E-03
-478.5	  3.3078187E-03
-474.5	 -2.0450519E-03
-443.5	  1.8357977E-03
-439.5	 -1.7020853E-03
-217.5	  1.5592597E-02
-214.5	 -6.5113544E-03
-171.5	  7.9386262E-03
-162.5	 -1.0469781E-03
-151.5	  1.4104974E-02
-148.5	 -1.0192377E-02
-62.5	  2.4098706E-02
-54.5	 -3.7927963E-03
-50.5	  7.4565187E-03
-47.5	 -5.8129635E-03
-4.5	  0.4567969    
-3.5	  0.4391904    
15.5	 -1.2183833E-03
25.5	  0.1514763    
91.5	 -4.0346134E-02
95.5	  7.7981547E-02
133.5	 -3.1211115E-03
139.5	  1.4834277E-02
252.5	 -1.0217939E-03
257.5	  4.4553359E-03
503.5	 -1.7559179E-03
508.5	  3.2616484E-03
557.5	 -2.6551608E-03
561.5	  3.0961202E-03
575.5	 -1.2158554E-03
579.5	  2.7615651E-03
623.5	  1.9412503E-02
978.5	 -4.2297821E-03
1003.5	 -1.2430684E-03
1006.5	  2.3689528E-03
