-1881.5	  1.1804464E-03
-1879.5	 -8.9904689E-04
-1303.5	  5.4579494E-03
-1302.5	 -4.0060482E-03
-961.5	  3.1414679E-03
-959.5	 -2.4487034E-03
-876.5	  1.0613929E-02
-875.5	 -4.3234802E-03
-582.5	  4.0897415E-03
-579.5	 -3.3981747E-03
-365.5	  3.7523590E-03
-360.5	 -9.5421844E-04
-352.5	  2.2092392E-03
-347.5	 -1.0741774E-03
-224.5	  9.9045932E-03
-219.5	 -2.6988222E-03
-80.5	  3.9932728E-02
-74.5	 -6.9279415E-03
-60.5	  9.6384408E-03
-52.5	 -5.6707178E-04
2.5	  0.8631279    
3.5	  0.8440792    
92.5	 -4.9848543E-03
96.5	  2.1901343E-02
137.5	 -7.9000462E-03
139.5	  1.1803693E-02
148.5	 -1.4151621E-03
154.5	  4.0802527E-03
303.5	 -2.2423391E-03
308.5	  3.8848943E-03
402.5	 -2.0574022E-03
407.5	  3.6492203E-03
472.5	 -3.2801458E-03
475.5	  5.0806850E-03
583.5	 -2.7724155E-03
587.5	  3.6880549E-03
676.5	 -1.8524431E-03
680.5	  2.9280044E-03
798.5	 -1.3938829E-03
802.5	  2.1078275E-03
942.5	 -1.2488444E-03
945.5	  2.2480444E-03
1589.5	 -2.8621741E-03
1590.5	  3.2492774E-03
