-1393.5	  1.3643365E-03
-1390.5	 -6.3133839E-04
-756.5	  5.9719686E-03
-755.5	 -4.5876489E-03
-548.5	  2.6862398E-03
-544.5	 -1.9546179E-03
-519.5	  5.5116843E-03
-517.5	 -3.7438839E-03
-471.5	  3.7529727E-03
-467.5	 -2.6487720E-03
-341.5	  3.4665007E-03
-336.5	 -1.3663713E-03
-120.5	  6.5150722E-03
-114.5	 -1.3874276E-03
-76.5	  1.5639767E-02
-75.5	  1.5639767E-02
-68.5	 -1.1626362E-03
-40.5	  0.1646104    
-28.5	 -5.0077938E-02
1.5	  0.4390652    
26.5	 -3.1954339E-03
36.5	  8.8445991E-02
65.5	 -1.2116272E-03
72.5	  2.6578462E-02
99.5	 -3.3264519E-03
106.5	  1.0335171E-02
181.5	 -6.1660097E-03
187.5	  5.3796363E-03
281.5	 -9.3758514E-04
287.5	  4.3438608E-03
339.5	 -1.8023314E-03
344.5	  4.2981734E-03
431.5	 -1.7704868E-03
435.5	  3.0901439E-03
565.5	 -7.8043807E-04
570.5	  2.6316142E-03
817.5	 -1.6987632E-03
820.5	  3.2156839E-03
1119.5	 -2.2179959E-03
1120.5	  2.3854034E-02
1155.5	 -2.7544245E-03
1156.5	  4.6668649E-03
