-622.5	  3.1972360E-03
-619.5	 -2.4741055E-03
-405.5	  4.0208856E-03
-402.5	 -1.6002632E-03
-305.5	  6.7974208E-03
-301.5	 -4.1920054E-03
-123.5	  9.6107367E-03
-118.5	 -4.0453561E-03
-101.5	  1.8897042E-02
-94.5	 -2.3531737E-03
-84.5	  2.1982267E-02
-75.5	 -3.1976067E-03
0.5	   1.002634    
1.5	   1.154575    
70.5	 -1.3313572E-03
77.5	  2.8679205E-02
244.5	 -1.8681308E-03
251.5	  3.7439710E-03
308.5	 -2.2306270E-03
313.5	  4.1246270E-03
343.5	 -2.6497161E-03
351.5	  4.0989206E-03
360.5	 -1.3530902E-03
364.5	  3.2001457E-03
511.5	 -3.5970241E-03
513.5	  4.6697604E-03
514.5	  4.6697604E-03
656.5	 -3.3633760E-03
660.5	  3.3539571E-03
1095.5	 -3.7941101E-03
1096.5	  1.1125598E-02
1509.5	 -2.9246907E-03
1511.5	  2.2990168E-03
