-1121.5	  1.8637495E-03
-537.5	  2.9200767E-03
-534.5	 -2.7276552E-03
-344.5	  5.0321510E-03
-339.5	 -2.3867460E-03
-188.5	  7.0690671E-03
-182.5	 -3.4531159E-03
-154.5	  5.4181810E-03
-147.5	 -3.0636669E-03
-138.5	  1.1039419E-02
-135.5	 -6.0557583E-03
-70.5	  9.0450142E-03
-63.5	 -2.9944957E-03
-58.5	  8.4885918E-03
-55.5	 -3.2819568E-03
-28.5	  0.2475523    
-27.5	  0.2475523    
-2.5	 -3.2214046E-02
17.5	  0.3383992    
18.5	  0.3633058    
68.5	 -2.9331353E-03
72.5	  6.5523102E-03
80.5	 -1.1588272E-03
89.5	  1.3479458E-02
232.5	 -2.8011224E-03
238.5	  6.5157413E-03
417.5	 -2.9375169E-03
419.5	  8.8589741E-03
472.5	 -6.8977769E-03
474.5	  5.6764260E-03
657.5	 -2.8409720E-03
661.5	  2.9827419E-03
754.5	 -1.7466682E-03
757.5	  3.0927937E-03
771.5	 -3.9272425E-03
773.5	  4.4226218E-03
