-987.5	  6.3300282E-03
-986.5	 -3.4973933E-03
-961.5	  2.6979183E-03
-959.5	 -3.4035172E-03
-582.5	  9.9137994E-03
-580.5	 -8.2418965E-03
-443.5	  2.8098577E-03
-438.5	 -1.1512615E-03
-423.5	  2.2432245E-03
-418.5	 -8.9375250E-04
-269.5	  1.3744620E-02
-266.5	 -1.0941531E-02
-173.5	  8.2682669E-03
-168.5	 -3.3809522E-03
-147.5	  2.1518368E-02
-141.5	 -2.8988502E-03
-81.5	  1.2748360E-02
-74.5	 -3.0895113E-03
-70.5	  7.5082388E-03
-68.5	 -1.0102754E-02
-8.5	  0.5831331    
-7.5	  0.5831331    
16.5	 -3.9364933E-03
27.5	  0.1626587    
28.5	  0.1809587    
42.5	 -4.5277979E-03
55.5	  6.8352103E-02
71.5	 -3.5931275E-03
77.5	  1.0911929E-02
131.5	 -1.2105907E-03
136.5	  8.3116041E-03
143.5	 -2.7550932E-03
149.5	  8.6173117E-03
368.5	 -8.6375058E-04
373.5	  3.3141198E-03
462.5	 -3.9358577E-03
464.5	  3.4167643E-03
518.5	 -3.5426549E-03
520.5	  4.4124974E-03
717.5	 -3.8680262E-03
721.5	  2.9086675E-03
