-1223.5	  1.6607927E-03
-1220.5	 -8.9374633E-04
-663.5	  6.3255560E-03
-661.5	 -2.8305843E-03
-529.5	  3.9568944E-03
-526.5	 -3.5913915E-03
-400.5	  5.3438921E-03
-397.5	 -3.0081791E-03
-384.5	  6.0313903E-03
-382.5	 -4.1545709E-03
-336.5	  4.6912194E-03
-327.5	 -2.2457321E-03
-270.5	  5.2860617E-03
-266.5	 -2.0038218E-03
-179.5	  1.2177320E-02
-174.5	 -4.7131274E-03
-131.5	  5.0391220E-02
-128.5	 -2.6178882E-02
-69.5	  1.1923909E-02
-63.5	 -4.4280938E-03
-43.5	  5.9811775E-02
-36.5	 -5.6234412E-03
-1.5	  0.4401816    
12.5	 -3.2185875E-03
22.5	  8.9685693E-02
32.5	 -1.5665996E-03
41.5	  8.3678074E-02
115.5	 -3.4674399E-03
121.5	  7.9735583E-03
170.5	 -2.5425549E-03
175.5	  9.8597230E-03
197.5	 -4.5806048E-03
203.5	  1.3119836E-02
337.5	 -5.6451238E-03
340.5	  5.9769857E-03
398.5	 -1.1865467E-02
524.5	 -8.3214827E-03
525.5	  1.2719272E-02
538.5	 -2.8513370E-03
541.5	  4.2213476E-03
595.5	 -2.5304116E-03
597.5	  3.5504024E-03
1328.5	 -3.8639251E-03
1329.5	  4.8690201E-03
