-1396.5	  3.1312851E-03
-1393.5	 -7.1223930E-04
-1027.5	  3.3166353E-03
-1025.5	 -1.7933309E-03
-739.5	  2.7208796E-03
-736.5	 -2.1695101E-03
-664.5	  3.0480635E-03
-661.5	 -1.9066948E-03
-421.5	  4.1555385E-03
-418.5	 -3.3710545E-03
-387.5	  9.5210206E-03
-385.5	 -4.9097226E-03
-339.5	  4.0439940E-03
-333.5	 -2.5790818E-03
-228.5	  5.3411853E-03
-223.5	 -3.4495564E-03
-199.5	  1.3082375E-02
-196.5	 -6.2759323E-03
-110.5	  8.1240581E-03
-104.5	 -2.8760671E-03
-96.5	  3.5866272E-02
-84.5	 -2.7567083E-03
-59.5	  2.5772434E-02
-51.5	 -1.3066807E-03
-6.5	  0.4351082    
14.5	 -4.8494320E-02
26.5	  0.2309285    
27.5	  0.2444242    
143.5	 -5.1776073E-03
150.5	  8.0598388E-03
187.5	 -1.4096373E-03
193.5	  5.7796822E-03
298.5	  6.0896492E-03
318.5	 -1.3969501E-03
323.5	  6.0083405E-03
399.5	 -1.7641986E-03
403.5	  4.6217130E-03
490.5	 -9.9683180E-04
495.5	  2.5844476E-03
562.5	 -2.6142923E-03
567.5	  2.7348483E-03
670.5	 -3.1572001E-03
672.5	  3.3790849E-03
846.5	 -7.5871660E-03
847.5	  5.8160913E-03
894.5	 -2.7657140E-03
896.5	  2.8541614E-03
962.5	 -3.8065820E-03
965.5	  2.6425042E-03
1247.5	 -2.4129516E-03
1249.5	  2.1634144E-03
