-1191.5	  2.5101907E-03
-1189.5	 -2.0464968E-03
-678.5	  4.7256243E-03
-676.5	 -4.3699616E-03
-607.5	  8.8471724E-03
-606.5	 -1.1945470E-02
-434.5	  4.2215553E-03
-430.5	 -3.5925633E-03
-371.5	  4.7949487E-03
-365.5	 -2.0333962E-03
-266.5	  5.8028484E-03
-262.5	 -3.6351404E-03
-245.5	  1.0286082E-02
-240.5	 -1.8634310E-03
-170.5	  1.6791910E-02
-165.5	 -7.7251242E-03
-97.5	  8.9329090E-03
-91.5	 -3.6839438E-03
-82.5	  1.5083056E-02
-75.5	 -1.7839504E-03
-66.5	  1.5839808E-02
-61.5	 -3.3259983E-03
-2.5	  0.7061266    
-1.5	  0.7220166    
27.5	 -1.6458861E-03
37.5	  0.1179100    
177.5	 -1.5537103E-03
183.5	  7.4883909E-03
219.5	 -3.1675794E-03
224.5	  4.9990541E-03
318.5	 -2.0483914E-03
323.5	  5.0408039E-03
361.5	 -1.5231553E-03
366.5	  4.6901265E-03
367.5	 -5.3895656E-03
371.5	  5.4939897E-03
416.5	 -2.1583976E-03
420.5	  2.7002725E-03
530.5	 -5.5137654E-03
532.5	  5.2089826E-03
830.5	 -3.4208908E-03
831.5	  8.3682695E-03
