-1288.5	  2.2474765E-03
-1286.5	 -2.8016819E-03
-755.5	  2.0554936E-03
-749.5	 -2.7708774E-03
-561.5	  1.3150868E-02
-560.5	 -5.6023025E-03
-493.5	  4.6515404E-03
-488.5	 -2.1218862E-03
-397.5	  5.4621259E-03
-394.5	 -3.9537004E-03
-369.5	  1.2591531E-02
-366.5	 -4.9573854E-03
-274.5	  6.5774047E-03
-269.5	 -1.5707557E-03
-233.5	  4.1415631E-03
-227.5	 -1.2967007E-03
-55.5	  8.3270654E-02
-44.5	 -8.6559774E-03
-8.5	  0.3812360    
9.5	 -6.8478376E-02
22.5	  0.2600120    
23.5	  0.2753845    
78.5	 -6.5149115E-03
85.5	  3.8334653E-02
206.5	 -1.8990939E-03
212.5	  4.7021415E-03
354.5	 -1.9934415E-03
358.5	  2.8465528E-03
500.5	 -3.5499625E-03
503.5	  4.8301616E-03
546.5	 -1.9108346E-03
550.5	  3.1247919E-03
700.5	 -1.8964208E-03
703.5	  3.0781764E-03
779.5	 -3.9733388E-03
780.5	  4.4400985E-03
993.5	 -2.9050861E-03
995.5	  2.5779870E-03
1337.5	 -2.0748989E-03
1340.5	  3.9268509E-03
1585.5	 -1.5415790E-03
1586.5	  2.1839654E-03
