-704.5	  3.1658439E-03
-702.5	 -1.5710490E-03
-484.5	  3.4361989E-03
-479.5	 -1.5026924E-03
-385.5	  3.1862215E-03
-381.5	 -1.2882699E-03
-355.5	  2.6800733E-03
-349.5	 -8.1952417E-04
-323.5	  5.2389484E-03
-319.5	 -3.2926335E-03
-193.5	  6.7311679E-03
-188.5	 -3.4594508E-03
-175.5	  1.1517556E-02
-173.5	 -6.5837163E-03
-128.5	  2.1368194E-02
-122.5	 -3.5982756E-03
-111.5	  0.1251107    
-110.5	 -4.0960409E-02
-64.5	  4.6664499E-02
-56.5	 -4.7025923E-03
2.5	  0.8840646    
3.5	  0.8678195    
51.5	 -3.8416195E-03
59.5	  6.0484793E-02
172.5	 -1.4593598E-02
173.5	  2.6410131E-02
184.5	 -2.7801344E-02
185.5	  1.0582804E-02
189.5	 -3.3113679E-03
195.5	  6.6926461E-03
242.5	 -1.2250079E-03
249.5	  5.5690804E-03
393.5	 -3.1070625E-03
396.5	  5.6198468E-03
486.5	 -2.6325360E-03
490.5	  3.8030872E-03
566.5	 -3.0477506E-03
569.5	  4.2388951E-03
824.5	 -1.2624901E-03
827.5	  2.1080992E-03
1533.5	 -2.0331740E-03
1535.5	  2.3456817E-03
