-794.5	  3.7034273E-03
-791.5	 -3.5197106E-03
-725.5	  3.6949434E-03
-721.5	 -2.1012207E-03
-622.5	  2.3365126E-03
-618.5	 -1.4751334E-03
-602.5	  2.6696823E-03
-598.5	 -1.0924793E-03
-499.5	  3.1723264E-03
-494.5	 -9.6916099E-04
-362.5	  8.7792203E-03
-359.5	 -5.3275167E-03
-233.5	  3.3262766E-03
-228.5	 -1.1651444E-03
-206.5	  2.9551391E-02
-205.5	 -1.8041272E-02
-98.5	  2.2834236E-02
-89.5	 -1.5003080E-03
-15.5	  0.5071793    
-14.5	  0.5209870    
52.5	 -1.2251039E-03
61.5	  5.4851938E-02
175.5	 -3.0527727E-03
179.5	  1.2754284E-02
223.5	 -2.4342961E-03
229.5	  5.9972736E-03
309.5	 -1.1244289E-03
314.5	  5.2789766E-03
323.5	 -3.0289539E-03
327.5	  4.4801040E-03
384.5	 -4.4902088E-03
386.5	  8.3710225E-03
562.5	 -2.3743289E-03
565.5	  3.7287008E-03
623.5	 -2.3938068E-03
626.5	  3.6259855E-03
648.5	 -5.1509831E-03
650.5	  4.1907616E-03
897.5	  3.1667303E-03
898.5	  1.1138638E-02
