-1818.5	  1.1941886E-03
-1143.5	 -3.1725154E-04
-746.5	  3.8961507E-03
-744.5	 -3.1640779E-03
-533.5	  7.6125865E-03
-532.5	 -2.3431154E-02
-192.5	  6.1517637E-03
-186.5	 -1.1185938E-03
-157.5	  8.3016483E-03
-151.5	 -1.1572446E-03
-77.5	  1.4754457E-02
-70.5	 -1.0120576E-03
-65.5	  2.9082212E-03
-61.5	 -3.7297430E-03
4.5	  0.4899082    
32.5	 -1.6201690E-03
42.5	  0.1049483    
153.5	 -1.2823434E-03
159.5	  1.2460670E-02
202.5	 -1.2650370E-02
205.5	  1.9610893E-02
338.5	 -1.5419433E-03
344.5	  4.1735400E-03
361.5	 -1.7080730E-03
366.5	  4.8745032E-03
498.5	 -1.3869239E-03
502.5	  2.2360599E-03
585.5	 -1.5509041E-03
588.5	  3.4159820E-03
763.5	 -3.8601160E-03
765.5	  3.4857201E-03
992.5	 -1.5068728E-03
995.5	  2.6700224E-03
1280.5	 -7.8356895E-04
1283.5	  1.6750534E-03
