-1164.5	  2.5297147E-03
-1162.5	 -2.7701147E-03
-644.5	  2.4029722E-03
-640.5	 -8.8727451E-04
-593.5	  3.7031160E-03
-590.5	 -2.2636675E-03
-477.5	  2.2951537E-03
-473.5	 -1.0147520E-03
-356.5	  4.3706596E-03
-351.5	 -1.1822964E-03
-234.5	  4.6130139E-03
-229.5	 -2.3886531E-03
-180.5	  1.7689867E-02
-174.5	 -1.8454092E-03
-2.5	  0.9931596    
-1.5	  0.8217680    
23.5	 -3.9448831E-03
27.5	  1.6316969E-02
36.5	 -2.1788671E-03
43.5	  1.8357979E-02
80.5	 -1.2015267E-03
88.5	  2.3254361E-02
98.5	 -3.6822346E-03
104.5	  7.2300103E-03
169.5	 -1.8017067E-02
171.5	  1.6699011E-02
186.5	 -2.9271799E-03
191.5	  7.6469234E-03
192.5	  7.6469234E-03
430.5	 -4.2264229E-03
432.5	  5.7375222E-03
458.5	 -2.2960415E-03
461.5	  3.8385808E-03
538.5	 -1.3121753E-03
542.5	  3.4474907E-03
761.5	 -1.7539788E-03
766.5	  2.4516522E-03
942.5	 -3.2968076E-03
943.5	  2.9581375E-02
1057.5	 -3.4082606E-03
1058.5	  1.1563925E-02
1164.5	 -6.7819911E-04
1167.5	  1.3538725E-03
