-1062.5	  2.6894349E-03
-1060.5	 -1.9875804E-03
-922.5	  2.9749291E-03
-920.5	 -2.4130128E-03
-816.5	  1.7225827E-03
-811.5	 -1.0149834E-03
-678.5	  3.0703198E-03
-675.5	 -1.1715778E-03
-615.5	  3.6868798E-03
-612.5	 -2.0952930E-03
-534.5	  2.9358082E-03
-530.5	 -1.9093959E-03
-285.5	  7.3233158E-03
-280.5	 -2.1089301E-03
-221.5	  4.3910453E-03
-215.5	 -1.2479732E-03
-85.5	  7.9806773E-03
-78.5	 -2.3738488E-03
-68.5	  1.0342415E-02
-66.5	 -7.5575439E-03
1.5	  0.9670291    
2.5	  0.9561716    
34.5	 -2.8806222E-03
41.5	  3.9724950E-02
57.5	 -3.7677013E-03
59.5	  4.8463047E-03
63.5	 -1.5231908E-03
70.5	  2.0342737E-02
214.5	 -1.3251504E-03
221.5	  5.4373401E-03
334.5	 -8.5411593E-04
340.5	  2.8658507E-03
514.5	 -3.3183296E-03
517.5	  3.9814673E-03
656.5	 -6.1038625E-03
657.5	  4.2743874E-03
912.5	 -2.7860138E-03
914.5	  2.8874453E-03
