-918.5	  5.6617977E-03
-877.5	  2.7087538E-03
-874.5	 -1.6211137E-03
-706.5	  4.8647178E-03
-703.5	 -3.6974181E-03
-666.5	  3.7076524E-03
-664.5	 -2.5822101E-03
-544.5	  2.9922475E-03
-540.5	 -2.6363353E-03
-467.5	  3.1861421E-03
-463.5	 -2.3738074E-03
-401.5	  5.3046723E-03
-398.5	 -4.6257814E-03
-311.5	  1.0343722E-02
-308.5	 -6.2192716E-03
-261.5	  5.6004864E-03
-256.5	 -3.6715735E-03
-239.5	  1.5457245E-02
-237.5	 -6.4680967E-03
-212.5	  7.3523703E-03
-207.5	 -1.8304934E-03
-160.5	  1.6330533E-02
-154.5	 -3.2064831E-03
-60.5	  8.8428795E-02
-48.5	 -4.4275817E-02
2.5	  0.7718654    
3.5	  0.7718654    
47.5	 -5.1551191E-03
49.5	  9.3679382E-03
54.5	 -2.9949881E-03
61.5	  9.1493409E-03
118.5	 -4.1229143E-03
126.5	  1.2236581E-02
149.5	 -3.9421059E-03
154.5	  9.5701125E-03
201.5	 -5.1585017E-03
203.5	  1.5890257E-02
223.5	 -3.1926294E-03
227.5	  7.0612710E-03
419.5	 -2.8027229E-03
423.5	  4.1175769E-03
472.5	 -1.3165930E-03
476.5	  3.5351487E-03
636.5	 -2.5923625E-03
640.5	  2.9754068E-03
878.5	 -8.4741093E-04
882.5	  1.6153805E-03
947.5	 -3.3861427E-03
948.5	  6.2840204E-03
