-1322.5	  1.5515499E-03
-1319.5	 -7.6803530E-04
-339.5	  4.8992783E-03
-336.5	 -3.7618016E-03
-300.5	  1.1935462E-02
-298.5	 -4.1471338E-03
-292.5	  1.7537603E-03
-288.5	 -1.5484499E-03
-72.5	  1.1014346E-02
-61.5	 -2.1614640E-03
-52.5	  2.1021945E-02
-46.5	 -4.7046393E-03
-43.5	  3.7591085E-03
-38.5	 -8.0258641E-03
-26.5	  1.8789852E-02
-21.5	 -3.8930660E-03
-1.5	  0.7417231    
-0.5	  0.7459819    
40.5	 -2.9603824E-02
50.5	  0.1220937    
161.5	 -2.1024405E-03
166.5	  1.2371707E-02
185.5	 -2.2944182E-03
191.5	  7.1399463E-03
216.5	 -3.1943850E-03
220.5	  1.3929650E-02
263.5	 -3.8847215E-03
267.5	  6.1702332E-03
463.5	 -3.9707930E-03
468.5	  3.9835018E-03
500.5	 -5.2525010E-03
502.5	  6.2800846E-03
574.5	 -3.2608141E-03
576.5	  6.5207304E-03
766.5	 -3.7904130E-03
767.5	  4.3717748E-03
878.5	 -2.8034977E-03
880.5	  2.8933501E-03
898.5	 -1.2737672E-03
901.5	  2.1601352E-03
