-977.5	  8.5792588E-03
-976.5	 -6.2771249E-03
-972.5	  2.4808305E-03
-970.5	 -1.7905713E-03
-775.5	  2.6293879E-03
-769.5	 -9.2453399E-04
-473.5	  2.8740149E-03
-469.5	 -1.1719874E-03
-259.5	  5.4115742E-03
-255.5	 -3.2345313E-03
-243.5	  1.1601985E-02
-240.5	 -5.6806910E-03
-199.5	  7.0007127E-03
-193.5	 -1.5043039E-03
-130.5	  7.3226732E-03
-123.5	 -3.8613968E-03
-92.5	  2.5632923E-02
-85.5	 -4.5026527E-03
1.5	  0.7751886    
2.5	  0.7751886    
158.5	 -1.4875385E-03
165.5	  1.3652536E-02
253.5	 -2.8138496E-03
257.5	  6.8693133E-03
274.5	 -4.9971449E-03
278.5	  1.1525983E-02
919.5	 -1.7156912E-03
922.5	  2.5716494E-03
1330.5	 -1.4929790E-03
1332.5	  2.4584476E-03
