-988.5	  3.2200878E-03
-987.5	 -2.3001891E-03
-751.5	  3.9071701E-03
-749.5	 -3.7390548E-03
-693.5	  4.8486367E-03
-691.5	 -2.6439726E-03
-676.5	  2.5611541E-03
-671.5	 -1.3239434E-03
-468.5	  6.1612232E-03
-466.5	 -4.0509012E-03
-398.5	  4.3145115E-03
-393.5	 -3.2669755E-03
-281.5	  5.5202972E-03
-277.5	 -3.4971603E-03
-227.5	  7.0841033E-03
-221.5	 -1.1202637E-03
-159.5	  9.3478039E-03
-152.5	 -3.4516000E-03
-60.5	  4.8160188E-02
-52.5	 -5.1909275E-03
-4.5	  0.6999601    
-3.5	  0.6910747    
31.5	 -2.4905678E-02
42.5	  0.1382324    
76.5	 -4.3861852E-03
81.5	  2.3559185E-02
93.5	 -2.7027240E-03
100.5	  1.3735056E-02
123.5	 -1.5328671E-03
129.5	  1.1702949E-02
206.5	 -3.9105425E-03
211.5	  9.0546804E-03
246.5	 -3.3881313E-03
251.5	  5.3283949E-03
354.5	 -1.4047207E-03
360.5	  3.9423811E-03
388.5	 -2.5698168E-03
392.5	  3.8958506E-03
406.5	 -1.8936417E-03
410.5	  5.0286888E-03
512.5	 -1.7389746E-03
516.5	  3.1129392E-03
590.5	 -1.2784586E-03
594.5	  2.2092180E-03
698.5	 -1.2681170E-03
702.5	  3.0706108E-03
737.5	 -2.3227553E-03
740.5	  3.4123231E-03
