-949.5	  3.3129964E-03
-947.5	 -1.6685344E-03
-507.5	  4.6306332E-03
-503.5	 -2.9042189E-03
-389.5	  2.4843267E-03
-382.5	 -1.3849208E-03
-366.5	  4.3088575E-03
-361.5	 -1.4710085E-03
-272.5	  3.5507178E-03
-266.5	 -2.3050448E-03
-56.5	  1.7535878E-02
-49.5	 -3.2071811E-03
-44.5	  4.9186489E-03
-39.5	 -1.5547224E-03
-31.5	  1.4904626E-02
-27.5	 -3.6049546E-03
-13.5	  0.5943418    
-12.5	  0.6383045    
14.5	 -9.0721832E-04
23.5	  0.1258148    
172.5	 -1.7256895E-03
178.5	  8.7459469E-03
310.5	 -6.4836559E-04
315.5	  2.3407880E-03
323.5	 -2.5640801E-03
327.5	  3.7331751E-03
339.5	 -4.0325280E-03
344.5	  4.9773282E-03
507.5	 -1.8742598E-03
510.5	  4.9179606E-03
943.5	 -6.3901348E-03
944.5	  9.7059309E-03
1162.5	 -2.2657923E-03
1164.5	  2.4933708E-03
1379.5	 -1.5120942E-03
1380.5	  2.4215996E-03
