-1039.5	  3.2079949E-03
-1037.5	 -3.2989078E-03
-659.5	  2.9516551E-03
-655.5	 -2.4516552E-03
-482.5	  3.6318561E-03
-478.5	 -1.4443361E-03
-343.5	  8.6616799E-03
-339.5	 -4.6135476E-03
-323.5	  7.7677704E-03
-320.5	 -3.9928448E-03
-157.5	  6.6273757E-03
-151.5	 -9.7086036E-04
-135.5	  1.0142831E-02
-128.5	 -7.6549471E-04
-110.5	  1.5443753E-02
-104.5	 -2.2269767E-03
-16.5	  0.3363714    
-15.5	  0.3162202    
-0.5	 -1.8731919E-03
16.5	  0.3342241    
80.5	 -3.0294064E-02
84.5	  6.8801887E-02
85.5	  6.8801887E-02
137.5	 -4.1955607E-03
144.5	  8.0945333E-03
296.5	 -1.6817225E-03
302.5	  4.7860532E-03
332.5	 -5.1816683E-03
335.5	  9.5416242E-03
545.5	 -2.6543145E-03
550.5	  3.2699606E-03
711.5	 -3.5657266E-03
713.5	  4.6004020E-03
781.5	 -1.2544838E-03
784.5	  2.8729204E-03
