-772.5	  3.0993710E-03
-770.5	 -3.6821617E-03
-659.5	  2.8465635E-03
-656.5	 -1.7599143E-03
-610.5	  7.1949270E-03
-609.5	 -1.5405938E-02
-566.5	  8.6785825E-03
-564.5	 -3.4149499E-03
-480.5	  4.4864980E-03
-477.5	 -3.2606379E-03
-269.5	  4.7610025E-03
-263.5	 -6.2477251E-04
-133.5	  8.4680850E-03
-128.5	 -4.5529120E-03
-124.5	  3.9170422E-03
-119.5	 -1.2336725E-03
-103.5	  2.6627488E-02
-98.5	 -4.2690276E-03
-3.5	  0.8736814    
-2.5	   1.116799    
15.5	 -1.9179945E-03
23.5	  1.9880407E-02
32.5	 -1.9734830E-03
38.5	  5.6972764E-03
39.5	 -3.0479885E-03
47.5	  2.3412103E-02
137.5	 -1.0078244E-02
138.5	  3.9577555E-02
149.5	 -2.8452131E-03
155.5	  5.2987868E-03
237.5	 -1.6899321E-03
243.5	  4.4643818E-03
310.5	 -2.9122224E-03
314.5	  4.6091201E-03
468.5	 -2.2588924E-03
471.5	  5.1365299E-03
702.5	 -2.6580160E-03
705.5	  3.1801960E-03
854.5	  1.9700031E-03
1437.5	 -1.5421071E-03
1439.5	  2.5073364E-03
