-1111.5	  1.6806215E-03
-1107.5	 -8.8434317E-04
-788.5	  3.5585179E-03
-785.5	 -6.0781883E-03
-783.5	  8.9722639E-03
-782.5	 -5.8037713E-03
-705.5	  3.0976380E-03
-702.5	 -3.2232930E-03
-571.5	  2.9661113E-03
-567.5	 -1.7235501E-03
-249.5	  7.7838907E-03
-245.5	 -2.3704704E-03
-111.5	  1.0645567E-02
-104.5	 -2.6402366E-03
-100.5	  3.6239964E-03
-94.5	 -1.2616866E-03
1.5	  0.9183325    
2.5	  0.8925692    
89.5	 -2.8233246E-03
97.5	  2.7617455E-02
122.5	 -3.7398366E-03
129.5	  2.4015184E-02
204.5	 -1.3837277E-02
206.5	  1.5051851E-02
220.5	 -3.5499227E-03
225.5	  6.0145934E-03
333.5	 -3.3238227E-03
336.5	  8.6696642E-03
350.5	 -3.9271261E-03
353.5	  5.1658046E-03
485.5	 -2.9799601E-03
488.5	  4.9494063E-03
516.5	 -4.0795431E-03
518.5	  6.9984673E-03
585.5	 -3.5276101E-03
587.5	  4.5789639E-03
631.5	 -4.3952456E-03
632.5	  7.4943369E-03
640.5	 -1.1711242E-03
644.5	  2.7864806E-03
684.5	 -4.2297314E-03
686.5	  4.8452332E-03
722.5	 -2.6737843E-03
725.5	  2.8908669E-03
933.5	 -2.0246308E-03
935.5	  3.7498444E-03
