-1327.5	  2.7474021E-03
-1326.5	 -1.7538270E-03
-1125.5	  3.1488775E-03
-1123.5	 -3.0205867E-03
-881.5	  3.7459519E-03
-879.5	 -3.4178335E-03
-813.5	  4.3523260E-03
-812.5	 -4.8565445E-03
-668.5	  3.8726879E-03
-666.5	 -2.7651871E-03
-613.5	  2.9996557E-03
-609.5	 -1.2651088E-03
-596.5	  2.6047041E-03
-592.5	 -1.2614682E-03
-354.5	  5.2901786E-03
-351.5	 -3.9897100E-03
-183.5	  7.7944594E-03
-178.5	 -3.6975085E-03
-159.5	  7.8915143E-03
-153.5	 -3.6631476E-03
-150.5	  7.0204786E-03
-147.5	 -3.3466623E-03
-142.5	  2.4803618E-03
-139.5	 -1.7291966E-03
-49.5	  1.3037232E-02
-42.5	 -2.6501978E-03
-31.5	  1.8927649E-02
-26.5	 -3.9512422E-03
-0.5	  0.4873207    
0.5	  0.6032845    
45.5	 -4.2068851E-03
50.5	  8.6197099E-03
51.5	 -2.6167843E-02
59.5	  5.0393082E-02
75.5	 -4.2654001E-03
81.5	  8.8604493E-03
135.5	 -2.4531118E-03
142.5	  1.8513642E-02
172.5	 -2.2260264E-02
173.5	  1.4420249E-02
179.5	 -3.1925845E-03
184.5	  8.3991466E-03
269.5	 -2.4440044E-03
275.5	  4.8679993E-03
340.5	 -4.5934604E-03
343.5	  5.9148399E-03
593.5	 -1.8807591E-03
596.5	  2.9608256E-03
618.5	 -1.4155592E-03
622.5	  3.0406869E-03
858.5	 -7.9209940E-04
862.5	  1.9141966E-03
939.5	 -2.0061831E-03
941.5	  2.5853284E-03
