-1116.5	  4.1548260E-03
-1115.5	 -9.1330716E-03
-1048.5	  2.2920712E-03
-1046.5	 -1.2298571E-03
-565.5	  3.5114039E-03
-561.5	 -2.9689551E-03
-448.5	  3.8490200E-03
-445.5	 -2.5240604E-03
-430.5	  3.0478593E-03
-424.5	 -1.3339882E-03
-246.5	  2.5396273E-02
-150.5	  1.8668586E-02
-145.5	 -4.9155145E-03
-132.5	  1.6498135E-02
-128.5	 -8.7355059E-03
-120.5	  4.4429284E-03
-115.5	 -2.9789764E-03
-103.5	  1.3216441E-02
-100.5	 -6.4459876E-03
-28.5	  0.1909950    
-27.5	  0.1713772    
-15.5	 -1.4003409E-03
6.5	  0.4852506    
86.5	 -2.7747236E-03
90.5	  1.1726209E-02
97.5	 -3.4907255E-03
102.5	  3.6941138E-03
107.5	 -3.3281008E-03
114.5	  2.4099965E-02
290.5	 -3.3259306E-03
294.5	  7.8090741E-03
396.5	 -1.8269728E-03
401.5	  3.7438665E-03
550.5	 -1.0511620E-02
551.5	  1.0074836E-02
944.5	 -1.6532415E-03
946.5	  3.0316003E-03
1062.5	 -1.0409995E-03
1065.5	  1.6906068E-03
1201.5	 -1.6690913E-03
1203.5	  2.2230919E-03
1255.5	 -7.9255886E-03
1256.5	  3.3749600E-03
