-1061.5	  2.5566460E-03
-1059.5	 -2.0788312E-03
-815.5	  3.9673536E-03
-813.5	 -4.9295351E-03
-809.5	  2.4714719E-03
-807.5	 -1.6911991E-03
-608.5	  5.9366901E-03
-607.5	 -4.4859475E-03
-500.5	  2.7970758E-03
-496.5	 -1.2006527E-03
-453.5	  9.0728765E-03
-451.5	 -5.8570094E-03
-369.5	  3.3065805E-03
-364.5	 -1.2780861E-03
-134.5	  9.0546599E-03
-128.5	 -2.5709507E-03
-121.5	  1.0579059E-02
-118.5	 -5.2011181E-03
-42.5	  1.3222404E-02
-34.5	 -3.5773707E-03
-19.5	  0.1154290    
-5.5	 -3.1454850E-03
10.5	  0.3938355    
11.5	  0.3990064    
43.5	 -3.7857676E-03
44.5	 -3.7857676E-03
50.5	  1.4960364E-02
181.5	 -2.8484757E-03
186.5	  1.1718946E-02
470.5	 -1.0626744E-03
474.5	  2.5143081E-03
677.5	 -2.2535485E-03
679.5	  2.8746661E-03
847.5	 -7.7833998E-04
851.5	  1.9226897E-03
905.5	 -5.1893624E-03
907.5	  3.2675776E-03
1003.5	 -8.0600409E-03
1004.5	  6.4250524E-03
