-1100.5	  4.6235155E-03
-1099.5	 -3.9164880E-03
-720.5	  2.8912392E-03
-717.5	 -2.0904723E-03
-650.5	  2.6454984E-03
-646.5	 -1.1999590E-03
-505.5	  2.6019583E-03
-500.5	 -1.0896457E-03
-443.5	  3.0353307E-03
-439.5	 -1.3379805E-03
-231.5	  7.3331054E-03
-227.5	 -2.8320991E-03
-176.5	  4.7963471E-03
-170.5	 -9.8773045E-04
-116.5	  1.4464669E-02
-110.5	 -1.4049462E-03
-63.5	  2.6360031E-02
-56.5	 -1.2410631E-03
-2.5	  0.8145180    
-1.5	  0.8491539    
35.5	 -1.5076044E-03
44.5	  9.1065221E-02
82.5	 -3.0770272E-03
87.5	  2.2243461E-02
119.5	 -2.4381678E-03
125.5	  8.1816036E-03
255.5	 -2.7365044E-03
260.5	  4.1274037E-03
383.5	 -2.5902786E-03
387.5	  5.9904363E-03
495.5	 -4.0229592E-03
497.5	  4.5918482E-03
546.5	 -5.4948959E-03
548.5	  4.7119479E-03
982.5	 -7.0629334E-03
983.5	  5.4377043E-03
