-1268.5	  2.2876912E-03
-1266.5	 -2.6686629E-03
-989.5	  2.6124441E-03
-987.5	 -2.3346907E-03
-840.5	  2.3563611E-03
-836.5	 -1.1482884E-03
-609.5	  2.4119648E-03
-605.5	 -1.3139433E-03
-489.5	  3.3216719E-03
-485.5	 -1.3312454E-03
-476.5	  3.6996074E-03
-472.5	 -1.5208165E-03
-230.5	  5.2772132E-03
-225.5	 -1.3688536E-03
-191.5	  7.5569777E-03
-186.5	 -3.6912074E-03
-154.5	  1.9356227E-02
-151.5	 -4.3748156E-03
-121.5	  5.5731677E-02
-118.5	 -4.3530013E-02
-81.5	  9.0010697E-03
-74.5	 -3.6819763E-03
-68.5	  1.2156540E-02
-65.5	 -7.5091207E-03
-1.5	   1.081405    
-0.5	   1.048677    
102.5	 -2.0148756E-02
109.5	  4.5494176E-02
161.5	 -5.0758403E-03
164.5	  1.5433075E-02
196.5	 -2.4328067E-03
201.5	  5.0668865E-03
304.5	 -3.6835161E-03
308.5	  5.7295947E-03
377.5	 -3.1289458E-03
381.5	  6.4318720E-03
534.5	 -2.8690265E-03
538.5	  3.7993507E-03
634.5	 -1.4692640E-02
635.5	  7.0037092E-03
784.5	 -3.7147074E-03
785.5	  2.8423719E-02
892.5	 -2.2166565E-03
894.5	  4.4851420E-03
