-974.5	  4.3500704E-03
-972.5	 -1.0080501E-02
-819.5	  2.3757075E-03
-816.5	 -1.5021760E-03
-756.5	  2.8679185E-03
-753.5	 -1.9442638E-03
-583.5	  6.2830080E-03
-437.5	  8.1124650E-03
-435.5	 -7.9526259E-03
-245.5	  7.2450568E-03
-239.5	 -2.2169251E-03
-219.5	  8.7721553E-03
-213.5	 -1.5590932E-03
-113.5	  2.9953564E-02
-103.5	 -1.1293354E-03
-84.5	  3.3992264E-02
-76.5	 -8.2828458E-03
0.5	   2.886031    
1.5	   2.757872    
2.5	   1.860761    
289.5	 -3.1432447E-03
298.5	  4.8947278E-03
345.5	 -3.6883885E-03
349.5	  5.3750002E-03
433.5	 -1.1192277E-03
438.5	  2.8282313E-03
527.5	 -1.2554351E-03
531.5	  2.8095476E-03
625.5	 -2.8281338E-03
627.5	  3.8407682E-03
1117.5	 -3.7607998E-03
1120.5	  2.5283310E-03
