-889.5	  4.1385945E-03
-887.5	 -1.2574638E-03
-713.5	  3.8830312E-03
-710.5	 -3.1629247E-03
-639.5	  6.5062707E-03
-638.5	 -3.5137113E-03
-462.5	  3.4090073E-03
-458.5	 -2.7341354E-03
-454.5	  3.1124619E-03
-450.5	 -1.2372335E-03
-438.5	  2.9415314E-03
-436.5	 -3.0859150E-03
-377.5	  5.0493996E-03
-374.5	 -4.2475215E-03
-131.5	  2.3826629E-02
-125.5	 -5.3775650E-03
-31.5	  2.9374903E-02
-22.5	 -2.6178444E-03
-19.5	  6.3726967E-03
-17.5	 -4.0595937E-03
0.5	  0.5251366    
1.5	  0.5251366    
21.5	 -1.0787350E-02
22.5	  1.9455105E-02
24.5	 -6.6698585E-03
32.5	  2.2120990E-02
57.5	 -3.9622732E-03
60.5	  7.9648579E-03
65.5	 -3.5592010E-03
72.5	  9.2993760E-03
166.5	 -5.3177401E-03
172.5	  1.6461121E-02
416.5	 -3.0659416E-03
421.5	  3.8399331E-03
587.5	 -3.1779676E-03
590.5	  3.8776805E-03
651.5	 -1.0462666E-03
656.5	  2.7059971E-03
850.5	 -4.0044035E-03
851.5	  6.7934184E-03
