-691.5	  3.6650670E-03
-688.5	 -3.4891972E-03
-634.5	  3.1389678E-03
-630.5	 -1.7627984E-03
-580.5	  4.2129448E-03
-578.5	 -4.2251544E-03
-505.5	  3.3198933E-03
-501.5	 -1.5357815E-03
-464.5	  4.0046033E-03
-460.5	 -3.0370886E-03
-282.5	  7.8826230E-03
-278.5	 -3.2851417E-03
-101.5	  1.0599001E-02
-95.5	 -1.1897383E-03
-61.5	  9.6881397E-02
-51.5	 -9.2802121E-04
-47.5	  1.2332773E-03
-44.5	 -1.1184094E-03
-1.5	  0.7739418    
-0.5	  0.7861615    
19.5	 -4.7730529E-03
24.5	  1.8306553E-02
30.5	 -4.5072953E-03
38.5	  3.5082798E-02
95.5	 -1.3331901E-03
101.5	  1.0351655E-02
127.5	 -2.6861622E-03
132.5	  8.8411914E-03
139.5	 -6.4769951E-03
149.5	  6.6097416E-03
386.5	 -2.6497350E-03
390.5	  4.5119985E-03
462.5	 -7.7862879E-03
464.5	  1.3718680E-02
628.5	 -3.2349476E-03
630.5	  3.9307438E-03
834.5	 -1.1427111E-03
838.5	  2.2580735E-03
1000.5	 -3.7436716E-03
1001.5	  1.2081955E-02
1076.5	 -2.7159892E-03
1077.5	  3.4088253E-03
1367.5	 -5.0360304E-03
1368.5	  4.2456151E-03
1505.5	 -1.6999532E-03
1507.5	  2.2723388E-03
