-911.5	  2.4515577E-03
-908.5	 -1.3137738E-03
-755.5	  3.9923429E-03
-752.5	 -1.8015150E-03
-663.5	  7.0290505E-03
-661.5	 -4.2181923E-03
-614.5	  5.9324917E-03
-612.5	 -3.2118841E-03
-552.5	  3.0672676E-03
-548.5	 -1.9469494E-03
-513.5	  5.8589680E-03
-511.5	 -4.6168966E-03
-467.5	  7.9713836E-03
-465.5	 -5.0649624E-03
-379.5	  5.2089165E-03
-375.5	 -3.3760783E-03
-321.5	  4.6835062E-03
-315.5	 -1.6524724E-03
-244.5	  4.3017482E-03
-238.5	 -2.6099461E-03
-173.5	  7.5523537E-03
-168.5	 -3.2872718E-03
-155.5	  1.5958482E-02
-152.5	 -3.8181529E-03
-63.5	  1.9150680E-02
-56.5	 -4.1473648E-03
-52.5	  9.2880242E-03
-49.5	 -3.9897957E-03
-3.5	  0.2360280    
-2.5	 -0.3819515    
0.5	  0.1491478    
3.5	 -0.7500653    
4.5	  -1.061381    
5.5	  0.1668831    
37.5	 -4.4229678E-03
40.5	  4.4818958E-03
48.5	 -3.7741552E-03
57.5	  2.2270206E-02
93.5	 -3.8641216E-03
96.5	  3.3626235E-03
102.5	 -1.6342385E-03
108.5	  7.7893524E-03
212.5	 -1.9121235E-03
217.5	  6.7202267E-03
254.5	 -1.2608889E-03
259.5	  4.3561528E-03
381.5	 -1.0264506E-02
382.5	  4.0534191E-02
484.5	 -2.9254844E-03
487.5	  3.9690412E-03
670.5	 -8.7292502E-03
671.5	  8.6849770E-03
