-1058.5	  2.3903097E-03
-1056.5	 -1.3489641E-03
-870.5	  2.8415387E-03
-867.5	 -1.9197187E-03
-818.5	  3.6292495E-03
-816.5	 -1.8049070E-03
-721.5	  3.1379422E-03
-718.5	 -2.2075889E-03
-703.5	  6.6334074E-03
-701.5	 -3.0316508E-03
-626.5	  1.5820718E-03
-621.5	 -7.3940092E-04
-478.5	  3.6686228E-03
-475.5	 -2.9831766E-03
-145.5	  1.4304547E-02
-140.5	 -4.1456106E-03
-97.5	  5.1142942E-02
-92.5	 -2.1740803E-02
-75.5	  2.3102282E-02
-68.5	 -2.3037845E-03
-13.5	  4.7052067E-02
-4.5	 -3.0757375E-03
-1.5	  8.6342636E-03
0.5	 -6.4636162E-03
11.5	  0.4028162    
81.5	 -5.6392322E-03
85.5	  1.7321657E-02
95.5	 -3.3809326E-03
100.5	  6.9341050E-03
162.5	  5.8624309E-02
252.5	 -3.1140898E-03
258.5	  3.3809494E-03
265.5	 -1.7989894E-03
270.5	  5.7054148E-03
287.5	 -1.8353745E-03
291.5	  4.6409341E-03
391.5	 -1.6443690E-03
395.5	  4.0098387E-03
500.5	 -3.1128309E-03
503.5	  5.2939458E-03
759.5	 -3.1884667E-03
761.5	  3.2378293E-03
771.5	 -1.8379581E-03
775.5	  2.6809862E-03
1144.5	 -1.8892554E-03
1146.5	  3.8432577E-03
