-853.5	  2.8726121E-03
-850.5	 -1.7837546E-03
-830.5	  2.3626215E-03
-827.5	 -1.3476238E-03
-691.5	  6.6033099E-03
-690.5	 -1.4377782E-02
-627.5	  3.6233999E-03
-624.5	 -1.9091067E-03
-387.5	  4.6037962E-03
-383.5	 -3.0216631E-03
-303.5	  5.0928439E-03
-299.5	 -2.8736037E-03
-259.5	  1.2882772E-02
-257.5	 -1.0015135E-02
-215.5	  5.2679297E-02
-214.5	 -8.5671559E-02
-138.5	  6.1649610E-03
-132.5	 -1.7311362E-03
-117.5	  2.7475733E-02
-112.5	 -4.1684774E-03
-17.5	  0.3892148    
14.5	 -1.4627709E-02
27.5	  0.1496024    
69.5	 -1.0933420E-03
76.5	  1.4438117E-02
150.5	 -3.8654055E-03
152.5	  8.7682679E-03
156.5	 -3.3619681E-03
161.5	  5.4706992E-03
205.5	 -1.4879503E-03
210.5	  6.1082998E-03
357.5	 -1.4767064E-02
358.5	  1.4826881E-02
379.5	 -1.9438338E-03
384.5	  3.3853974E-03
481.5	 -4.3524830E-03
482.5	  1.0281459E-02
510.5	 -4.0989635E-03
512.5	  5.6610298E-03
1113.5	 -4.6157525E-03
1114.5	  1.0638741E-02
