-985.5	  2.2102955E-03
-981.5	 -1.7979832E-03
-784.5	  2.9221287E-03
-781.5	 -2.2668308E-03
-772.5	  3.7160472E-03
-769.5	 -1.9580754E-03
-732.5	  3.3519946E-03
-730.5	 -1.6652200E-03
-606.5	  5.5948868E-03
-603.5	 -1.7253216E-03
-478.5	  4.4338745E-03
-475.5	 -2.3256750E-03
-439.5	  3.5602686E-03
-436.5	 -1.9563255E-03
-393.5	  6.5233894E-03
-390.5	 -3.5788086E-03
-277.5	  4.0683011E-03
-272.5	 -1.1818216E-03
-233.5	  5.1923981E-03
-227.5	 -2.9040049E-03
-163.5	  2.0263385E-02
-160.5	 -7.7122077E-03
-60.5	  7.1105562E-02
-52.5	 -1.7152788E-02
-40.5	  3.3199191E-02
-32.5	 -6.9598076E-03
-3.5	  0.5008911    
-2.5	  0.4977367    
35.5	 -3.1390244E-03
43.5	  1.6210306E-02
106.5	 -3.7340338E-03
111.5	  2.4552012E-02
135.5	 -3.4576487E-03
140.5	  7.6366495E-03
228.5	 -2.2582423E-02
229.5	  2.0551829E-02
262.5	 -2.7298660E-03
269.5	  5.9612873E-03
344.5	 -4.3512834E-03
347.5	  5.4614530E-03
555.5	 -2.5889035E-03
559.5	  3.0303455E-03
574.5	 -1.2667223E-03
578.5	  3.1503343E-03
755.5	 -1.4472874E-03
758.5	  3.0029148E-03
771.5	 -3.0830463E-03
773.5	  3.2475127E-03
1578.5	 -8.8371168E-04
1583.5	  1.3330354E-03
