-873.5	  1.8636002E-03
-869.5	 -9.6858660E-04
-634.5	  3.2815232E-03
-631.5	 -1.7385841E-03
-507.5	  5.8410191E-03
-505.5	 -3.9892322E-03
-474.5	  3.2409478E-03
-470.5	 -2.6779645E-03
-428.5	  2.9094568E-03
-424.5	 -2.0742065E-03
-283.5	  9.4959233E-03
-279.5	 -4.4225329E-03
-24.5	  0.2029430    
-14.5	 -1.2479039E-03
5.5	  0.4753585    
6.5	  0.4986836    
35.5	 -1.4843408E-03
43.5	  4.7812484E-02
65.5	 -1.1222907E-03
73.5	  2.1173868E-02
132.5	 -9.3338676E-03
134.5	  7.7342852E-03
139.5	 -2.7095592E-03
145.5	  8.2638850E-03
216.5	 -2.5707262E-03
222.5	  1.0019202E-02
250.5	 -3.7801634E-03
254.5	  6.1666640E-03
367.5	 -2.9029138E-03
370.5	  5.9568733E-03
404.5	 -4.2194617E-03
407.5	  8.1469715E-03
576.5	 -3.2531044E-03
578.5	  6.2813270E-03
597.5	 -2.9341648E-03
601.5	  5.2740211E-03
674.5	 -1.6129720E-03
719.5	 -2.6417591E-03
722.5	  3.5319282E-03
799.5	 -2.7665657E-03
802.5	  2.8606667E-03
922.5	 -1.8414203E-03
924.5	  3.0332494E-03
1020.5	 -6.9092433E-03
1021.5	  5.2563096E-03
1535.5	 -2.6738772E-03
1537.5	  1.9081524E-03
