-958.5	  3.2293007E-03
-956.5	 -1.8083518E-03
-836.5	  2.8989611E-03
-833.5	 -2.6115021E-03
-758.5	  4.2626415E-03
-756.5	 -2.1564898E-03
-739.5	  4.5588510E-03
-738.5	 -2.4511842E-03
-588.5	  5.4097241E-03
-585.5	 -4.8023202E-03
-526.5	  4.2002695E-03
-523.5	 -2.1935673E-03
-394.5	  4.3624858E-03
-388.5	 -3.3705942E-03
-369.5	  3.5712151E-03
-363.5	 -1.5819289E-03
-338.5	  5.0891167E-03
-334.5	 -3.5879246E-03
-249.5	  5.5988696E-03
-244.5	 -1.4022221E-03
-40.5	  0.1332455    
-39.5	  -1.712017    
-28.5	  1.5876615E-02
-22.5	 -3.7046282E-03
-6.5	  0.1385563    
5.5	 -4.0432001E-03
13.5	  3.7681475E-02
100.5	 -2.9647946E-03
104.5	  6.9083460E-03
108.5	 -3.3132886E-03
113.5	  2.7775422E-03
117.5	 -2.7466982E-03
123.5	  1.4527412E-02
165.5	 -1.6269294E-03
171.5	  1.0840719E-02
230.5	 -2.9784671E-03
240.5	  5.0543081E-03
477.5	 -1.3774048E-03
480.5	  2.2474709E-03
494.5	 -3.5315612E-03
497.5	  5.0914134E-03
624.5	 -1.3082534E-03
628.5	  2.5131146E-03
695.5	 -1.2985802E-03
698.5	  2.9318407E-03
950.5	 -1.5651510E-03
953.5	  2.7044711E-03
