-1265.5	  2.7584033E-03
-1263.5	 -2.4049005E-03
-581.5	  3.6984582E-03
-577.5	 -2.3988134E-03
-474.5	  3.4265155E-03
-469.5	 -1.7562711E-03
-147.5	  6.6054501E-03
-141.5	 -1.1123241E-03
-35.5	  0.1210554    
-24.5	 -1.6902669E-03
3.5	  0.5409313    
4.5	  0.5409313    
41.5	 -2.4071673E-02
47.5	  6.6765666E-02
59.5	 -1.4900027E-03
68.5	  1.3854079E-02
180.5	 -8.1091244E-03
181.5	  1.8876098E-02
192.5	 -3.3571098E-03
198.5	  7.8170476E-03
346.5	 -1.0752552E-03
352.5	  3.8784756E-03
450.5	 -1.1184796E-03
454.5	  2.8392952E-03
649.5	 -2.6086911E-03
651.5	  3.5007095E-03
738.5	 -1.7821729E-03
742.5	  2.6402799E-03
743.5	  2.6402799E-03
942.5	 -4.0576393E-03
943.5	  1.3682089E-02
985.5	 -8.4853522E-04
988.5	  1.4317107E-03
1314.5	 -1.3508993E-03
1316.5	  1.7282920E-03
