-1127.5	  2.1267026E-03
-1123.5	 -1.9078831E-03
-603.5	  2.5342091E-03
-599.5	 -1.9272265E-03
-554.5	  3.1292127E-03
-551.5	 -1.8829551E-03
-314.5	  4.4404068E-03
-309.5	 -2.8599936E-03
-293.5	  4.1089677E-03
-288.5	 -1.3153052E-03
-218.5	  9.0250587E-03
-212.5	 -2.1577314E-03
-97.5	  8.8177705E-03
-88.5	 -4.0758573E-03
-81.5	  3.0485536E-03
-78.5	 -1.7739004E-03
-62.5	  3.1663086E-02
-56.5	 -5.2432287E-03
-13.5	  0.6110924    
7.5	 -0.2799885    
8.5	 -0.2904501    
19.5	  0.4334854    
20.5	  0.4351082    
181.5	 -1.8354568E-03
187.5	  1.1246645E-02
293.5	 -1.8896336E-03
299.5	  3.5710207E-03
324.5	 -8.9334594E-03
327.5	  1.0269898E-02
533.5	 -9.9411677E-04
539.5	  2.6591765E-03
867.5	 -6.7254616E-04
872.5	  1.8224182E-03
945.5	 -3.4852070E-03
947.5	  4.1492744E-03
