-1156.5	  3.3610743E-03
-1155.5	 -1.2434088E-02
-1064.5	  7.8504803E-03
-1063.5	 -2.9871580E-03
-943.5	  2.3756959E-03
-940.5	 -1.6645683E-03
-726.5	  4.2593814E-03
-724.5	 -3.7755850E-03
-582.5	  3.3960876E-03
-578.5	 -2.4536364E-03
-415.5	  3.8396155E-03
-409.5	 -4.1245585E-03
-160.5	  8.4747253E-03
-155.5	 -1.3008998E-03
-109.5	  1.6589209E-02
-102.5	 -1.1904436E-03
-14.5	  0.4465296    
-13.5	  0.4645176    
-5.5	 -0.3440210    
-4.5	 -0.3440210    
8.5	  0.2996079    
9.5	  0.2903112    
31.5	 -4.0435951E-02
39.5	  0.1165267    
226.5	 -2.4599712E-03
229.5	  7.1002883E-03
236.5	 -2.3054783E-03
242.5	  3.7074818E-03
250.5	 -3.6985499E-03
255.5	  1.0413886E-02
359.5	 -7.9984753E-04
364.5	  3.0608166E-03
624.5	 -9.3889690E-04
628.5	  3.0072450E-03
706.5	 -1.3398493E-03
710.5	  2.7396271E-03
729.5	 -1.3336476E-03
732.5	  2.3092655E-03
945.5	 -1.2870992E-03
949.5	  2.1310193E-03
