-1074.5	  1.3923524E-03
-1071.5	 -6.6787330E-04
-767.5	  4.2936318E-03
-764.5	 -1.8180937E-03
-654.5	  3.5970558E-03
-651.5	 -2.8832827E-03
-592.5	  5.3323060E-03
-587.5	 -3.1651440E-03
-421.5	  3.8675189E-03
-416.5	 -2.4597587E-03
-308.5	  4.4455333E-03
-303.5	 -2.9987139E-03
-236.5	  5.1675951E-03
-231.5	 -3.3144145E-03
-109.5	  1.1270395E-02
-103.5	 -3.7390718E-03
-95.5	  1.6205097E-02
-91.5	 -5.3819101E-03
-14.5	  0.4922411    
11.5	  -1.783584    
12.5	  -3.137233    
13.5	  -10.65187    
14.5	   2.879728    
15.5	   1.516335    
46.5	 -1.4639781E-03
55.5	  3.9613401E-03
59.5	 -8.7879552E-03
68.5	  6.2477596E-02
115.5	 -6.7771701E-03
122.5	  1.1380584E-02
183.5	 -1.2558638E-02
185.5	  1.9694343E-02
228.5	 -2.9501731E-03
233.5	  5.4297303E-03
350.5	 -3.1775364E-03
353.5	  5.5205501E-03
366.5	 -1.7131350E-03
370.5	  2.9499801E-03
615.5	 -1.2815755E-03
619.5	  2.0354858E-03
727.5	 -3.8311523E-03
729.5	  5.3178230E-03
1147.5	 -6.8177492E-04
1151.5	  1.1309045E-03
