-1240.5	  3.1468186E-03
-1239.5	 -6.5626614E-03
-1191.5	  2.1250783E-03
-1189.5	 -1.4349937E-03
-855.5	  5.6231730E-03
-560.5	  2.4976065E-02
-559.5	  2.4976065E-02
-558.5	 -6.1523952E-03
-440.5	  3.4516465E-03
-436.5	 -2.6941979E-03
-425.5	  7.4597104E-03
-423.5	 -9.0536941E-03
-124.5	  1.2148859E-02
-117.5	 -1.1375591E-03
-53.5	  9.9884778E-02
-44.5	 -2.3389541E-02
2.5	  0.7828114    
3.5	  0.7655538    
30.5	 -2.6398131E-03
34.5	  7.9324348E-03
40.5	 -9.0233777E-03
45.5	  1.3875762E-02
51.5	 -3.0479047E-03
58.5	  1.0731271E-02
178.5	 -1.1301274E-02
180.5	  1.6216708E-02
191.5	 -3.5255000E-03
196.5	  6.5481700E-03
324.5	 -2.5764620E-03
329.5	  4.7054053E-03
388.5	 -3.0790463E-03
391.5	  4.8605269E-03
490.5	 -5.8058151E-03
491.5	  4.1980762E-02
529.5	 -3.4815159E-03
531.5	  4.6538129E-03
846.5	 -2.2385719E-03
848.5	  2.7705778E-03
