-1254.5	  1.5578937E-03
-1252.5	 -6.8825157E-04
-1115.5	  4.6404614E-04
-854.5	  4.6658763E-03
-853.5	 -2.0727696E-02
-812.5	  2.6868859E-03
-809.5	 -1.4402984E-03
-626.5	  2.8374856E-03
-623.5	 -2.3006932E-03
-336.5	  5.1243315E-03
-333.5	 -3.9875680E-03
-309.5	  2.6839606E-03
-305.5	 -2.6507725E-03
-6.5	  0.2652549    
9.5	 -6.1363749E-02
23.5	  0.2663459    
79.5	 -2.8897901E-03
85.5	  3.4173720E-02
105.5	 -1.1434091E-03
113.5	  4.5571364E-02
138.5	 -3.0967663E-03
143.5	  6.2804483E-03
315.5	 -1.2749099E-03
320.5	  5.3620180E-03
349.5	 -2.9864046E-03
352.5	  4.7861189E-03
452.5	 -6.8452172E-03
454.5	  7.5562545E-03
537.5	 -1.2904254E-03
541.5	  3.3288538E-03
756.5	 -3.1339522E-03
758.5	  4.3910430E-03
778.5	 -2.7702462E-03
780.5	  4.1252375E-03
1111.5	 -1.4351193E-03
1113.5	  2.8677147E-03
