-892.5	  1.4258934E-03
-888.5	 -6.6855439E-04
-259.5	  4.1483785E-03
-254.5	 -1.2987532E-03
-215.5	  1.1816242E-02
-209.5	 -2.0534426E-03
-63.5	  2.8463718E-02
-55.5	 -1.0744660E-03
-1.5	  0.5159990    
137.5	 -1.4096558E-03
144.5	  1.0012381E-02
187.5	 -1.3233753E-03
192.5	  4.0392107E-03
203.5	 -1.2605031E-03
208.5	  1.0450605E-02
294.5	 -2.9013511E-03
295.5	 -2.9013511E-03
300.5	  4.0186490E-03
391.5	 -4.9206228E-03
393.5	  7.8489678E-03
540.5	 -2.6922447E-03
542.5	  4.4190814E-03
588.5	 -1.7668140E-03
592.5	  2.9875981E-03
934.5	 -3.0174046E-03
936.5	  5.3054448E-03
1539.5	 -7.5844943E-04
1542.5	  1.3841452E-03
