-1172.5	  1.7577860E-03
-1168.5	 -8.4495870E-04
-911.5	  2.7066451E-03
-908.5	 -1.6384340E-03
-676.5	  4.1807913E-03
-674.5	 -6.1364537E-03
-377.5	  4.7395383E-03
-372.5	 -2.7219274E-03
-360.5	  1.7781819E-03
-356.5	 -2.0719990E-03
-274.5	  5.6100809E-03
-269.5	 -2.6730360E-03
-162.5	  6.4499904E-03
-156.5	 -2.1112878E-03
-138.5	  1.6291592E-02
-135.5	 -5.4437392E-03
-21.5	  5.3263720E-02
-13.5	 -2.6579765E-03
-7.5	  1.3163222E-02
0.5	 -1.3870761E-03
8.5	  3.7572294E-02
30.5	 -1.8186137E-03
40.5	  9.9224202E-02
88.5	 -5.5855713E-03
92.5	  1.8528780E-02
100.5	 -4.5287441E-03
106.5	  8.5773058E-03
158.5	 -8.9995973E-03
162.5	  2.0731393E-02
191.5	 -7.9843588E-03
193.5	  1.7282190E-02
231.5	 -3.4050536E-03
236.5	  6.5009375E-03
250.5	 -2.0226371E-03
255.5	  4.9327156E-03
733.5	 -1.1102046E-02
734.5	  6.6757118E-03
859.5	 -2.9823969E-03
861.5	  5.3050052E-03
1386.5	 -6.1758365E-03
1387.5	  2.7557178E-03
