-1167.5	  3.0451990E-03
-1166.5	 -1.4396247E-03
-1156.5	  3.2142506E-03
-1155.5	 -1.9364672E-03
-587.5	  3.5250320E-03
-583.5	 -2.3799245E-03
-492.5	  8.6689116E-03
-490.5	 -8.1642251E-03
-444.5	  4.9535739E-03
-441.5	 -3.1713881E-03
-430.5	  2.5591298E-03
-424.5	 -1.0671346E-03
-373.5	  4.3167532E-03
-368.5	 -1.1336437E-03
-217.5	  6.0403356E-03
-212.5	 -3.4764039E-03
-198.5	  2.0918772E-02
-191.5	 -5.7682665E-03
-63.5	  1.2513136E-02
-57.5	 -3.3783223E-03
-38.5	  0.1097254    
-26.5	 -2.5568069E-03
-9.5	  0.4835547    
8.5	 -8.4576168E-04
20.5	  0.2110905    
21.5	  0.2110905    
52.5	 -1.2268858E-03
59.5	  5.7751145E-02
60.5	  5.7751145E-02
247.5	 -3.1874394E-03
250.5	  3.6271859E-02
251.5	  3.6271859E-02
252.5	 -1.2535577E-02
256.5	  1.1004525E-02
430.5	 -1.4168206E-03
434.5	  2.5002721E-03
511.5	 -2.5966831E-03
515.5	  3.9441865E-03
661.5	 -1.0475607E-03
665.5	  2.6186695E-03
1161.5	 -1.8316050E-03
1163.5	  3.4863611E-03
1262.5	 -2.9375253E-03
1264.5	  2.8140342E-03
1573.5	 -4.2081815E-03
1574.5	  8.8937525E-03
