-1895.5	  1.3867003E-03
-1893.5	 -7.9741335E-04
-1152.5	  2.8795341E-03
-763.5	  3.2438759E-03
-761.5	 -3.3178080E-03
-390.5	  4.8168260E-03
-386.5	 -2.9931916E-03
-175.5	  7.3138117E-03
-169.5	 -2.2496174E-03
-164.5	  6.0166279E-03
-161.5	 -3.4813711E-03
-129.5	  3.2841958E-02
-125.5	 -2.0408163E-02
-59.5	  1.7426820E-02
-52.5	 -2.5034533E-03
-18.5	  0.1491679    
-17.5	  0.1491679    
-7.5	 -1.6135564E-03
8.5	  0.5008483    
47.5	 -3.8433173E-03
53.5	  3.8522128E-02
76.5	 -4.3901675E-03
82.5	  9.9008465E-03
209.5	 -1.1862362E-03
215.5	  3.9389632E-03
330.5	 -1.3280893E-03
333.5	  2.3897260E-03
335.5	 -2.3049228E-03
336.5	 -2.3049228E-03
340.5	  3.6503279E-03
345.5	 -4.4729928E-03
348.5	  6.6050719E-03
522.5	 -4.9910373E-03
524.5	  4.9844282E-03
556.5	 -1.6066829E-03
559.5	  3.0585756E-03
1788.5	 -1.3359792E-03
1789.5	  3.8375415E-02
