-903.5	  1.6259594E-03
-899.5	 -9.0014696E-04
-761.5	  2.7967568E-03
-758.5	 -1.3710149E-03
-654.5	  5.3153527E-03
-653.5	 -2.3059752E-03
-583.5	  1.1683445E-02
-582.5	 -2.0795044E-02
-418.5	  4.5292848E-03
-415.5	 -3.9941682E-03
-267.5	  6.5471069E-03
-263.5	 -4.1184290E-03
-248.5	  4.4975649E-03
-242.5	 -1.3135648E-03
-82.5	  8.5141324E-02
-78.5	 -5.4782063E-02
-46.5	  2.4250820E-02
-37.5	 -2.9697297E-02
-12.5	  7.6916933E-02
-4.5	 -3.8990658E-03
10.5	  0.2088837    
28.5	 -3.6654423E-03
35.5	  3.1151073E-02
142.5	 -6.1197537E-03
146.5	  1.3104558E-02
160.5	 -2.0209814E-03
166.5	  6.4104344E-03
186.5	 -2.1462073E-03
191.5	  8.4115071E-03
264.5	 -1.8746296E-02
266.5	  1.8337494E-02
337.5	 -1.1324915E-03
342.5	  4.1563543E-03
482.5	 -5.9496663E-03
484.5	  4.9080462E-03
493.5	 -4.6052481E-03
495.5	  6.4847474E-03
777.5	 -2.4405576E-02
778.5	  5.7323109E-03
1530.5	 -7.0856052E-04
1533.5	  1.2834265E-03
