-1163.5	  2.1185987E-03
-1160.5	 -1.5259087E-03
-915.5	  2.7335525E-02
-564.5	  8.3893212E-03
-563.5	 -3.7668801E-03
-515.5	  3.9098989E-03
-510.5	 -1.5392385E-03
-504.5	  1.1645553E-03
-500.5	 -5.7530450E-04
-453.5	  5.0627668E-03
-450.5	 -2.5789146E-03
-330.5	  5.2321944E-03
-325.5	 -1.2101723E-03
-318.5	  2.6934291E-03
-313.5	 -1.9427016E-03
-277.5	  6.2673362E-03
-272.5	 -3.1335203E-03
-251.5	  2.1787003E-02
-250.5	 -1.8916024E-02
-136.5	  6.2242143E-02
-134.5	 -5.8848459E-02
-110.5	  2.1525718E-02
-104.5	 -4.7722962E-03
-44.5	  4.2231917E-02
-37.5	 -4.5468924E-03
-25.5	  1.2356498E-02
-13.5	 -2.2619811E-03
-2.5	  5.7078358E-02
6.5	 -4.2186226E-03
11.5	  4.8586358E-03
14.5	 -4.0910617E-03
21.5	  2.5783638E-02
171.5	 -1.3600454E-03
176.5	  8.6608287E-03
177.5	 -5.8915163E-03
183.5	  7.1959919E-03
352.5	 -1.6807467E-03
360.5	  4.1935942E-03
435.5	 -1.2069244E-03
439.5	  4.1557257E-03
554.5	 -3.4456535E-03
557.5	  3.7596789E-03
610.5	 -3.9176978E-03
612.5	  4.1322177E-03
613.5	  4.1322177E-03
693.5	 -2.8805756E-03
697.5	  3.2723260E-03
843.5	 -2.1398766E-03
846.5	  3.1922008E-03
1517.5	 -2.0057883E-03
1519.5	  2.2264232E-03
