-951.5	  2.9888931E-03
-949.5	 -2.5921853E-03
-679.5	  1.8756984E-02
-678.5	 -5.4123444E-03
-515.5	  4.1031679E-03
-511.5	 -2.9353844E-03
-486.5	  4.2610569E-03
-483.5	 -3.5880064E-03
-398.5	  4.5242072E-03
-394.5	 -2.3750090E-03
-271.5	  4.8196878E-02
-218.5	  6.1249696E-03
-212.5	 -1.0879271E-03
-92.5	  6.3230833E-03
-83.5	 -2.5124918E-03
-80.5	  3.5462345E-03
-77.5	 -2.2707139E-03
-62.5	  1.9888856E-02
-58.5	 -2.0193057E-02
-1.5	  0.9027330    
105.5	 -1.6316716E-03
111.5	  1.2616441E-02
156.5	 -2.5893471E-03
160.5	  6.0866699E-03
164.5	 -2.4933876E-03
171.5	  8.2073845E-03
253.5	 -3.4369279E-03
258.5	  4.7993409E-03
369.5	 -2.8042807E-03
373.5	  4.4276938E-03
442.5	 -3.5598201E-03
445.5	  4.3343115E-03
555.5	 -3.9281840E-03
557.5	  5.5924784E-03
734.5	 -2.9721132E-03
736.5	  2.5905031E-03
753.5	 -1.7131874E-02
755.5	  5.4825987E-03
870.5	 -1.1510525E-03
874.5	  1.9620676E-03
930.5	 -2.5849740E-03
933.5	  2.5370154E-03
