-1556.5	  1.8923718E-03
-1554.5	 -2.6380739E-03
-1007.5	 -8.4898598E-04
-914.5	  5.2939290E-03
-913.5	 -2.8229938E-03
-649.5	  6.6534765E-03
-648.5	 -1.3550664E-02
-622.5	  2.1392128E-03
-618.5	 -1.0219173E-03
-565.5	  3.4363633E-03
-562.5	 -2.8604949E-03
-540.5	  1.8074108E-02
-539.5	 -6.2246113E-03
-360.5	  4.5356317E-03
-355.5	 -1.0960991E-03
-213.5	  6.4686355E-03
-208.5	 -3.0406259E-03
-186.5	  2.1093179E-02
-183.5	 -6.2566157E-03
-108.5	  1.7696172E-02
-102.5	 -1.6726718E-03
-41.5	  0.1363266    
-29.5	 -2.6672224E-02
-24.5	  8.1389667E-03
-16.5	 -8.2483026E-04
8.5	  0.5702785    
79.5	 -7.6076556E-03
81.5	  9.7469045E-03
86.5	 -3.7768555E-03
92.5	  5.4091974E-03
99.5	 -9.2025921E-03
103.5	  1.7101297E-02
115.5	 -2.6825489E-03
121.5	  7.5532882E-03
150.5	 -3.3999796E-03
156.5	  8.2661510E-03
240.5	 -1.1889295E-03
245.5	  3.4470933E-03
253.5	 -1.7775109E-03
258.5	  7.3142075E-03
588.5	 -1.2146934E-03
593.5	  2.6185398E-03
794.5	 -1.8514165E-03
796.5	  3.4472253E-03
1416.5	 -6.7865150E-04
1419.5	  1.3307922E-03
