-1522.5	  1.1491465E-03
-1519.5	 -8.3603640E-04
-1152.5	  3.2827312E-03
-1151.5	 -1.2559309E-03
-974.5	  1.8902719E-03
-970.5	 -7.8248722E-04
-800.5	  5.8895801E-03
-799.5	 -8.7985350E-03
-525.5	  3.7070035E-03
-522.5	 -3.4884869E-03
-306.5	  4.6885721E-03
-301.5	 -2.3163608E-03
-281.5	  1.0252533E-02
-279.5	 -7.4456618E-03
-98.5	  1.5554435E-02
-91.5	 -1.1418822E-03
1.5	  0.5049076    
64.5	 -5.6146504E-03
66.5	  7.4085188E-03
70.5	 -3.4901483E-03
78.5	  5.7433307E-02
90.5	 -2.9103558E-03
95.5	  1.6018271E-02
104.5	 -2.8956532E-03
110.5	  6.5128533E-03
139.5	 -1.2284399E-02
142.5	  2.2467779E-02
179.5	 -3.5423010E-03
183.5	  8.7148426E-03
335.5	 -2.3615079E-03
340.5	  4.6830280E-03
375.5	 -1.1265337E-03
379.5	  2.8518792E-03
578.5	 -1.4342916E-03
581.5	  3.6001850E-03
850.5	 -6.8613044E-03
851.5	  7.1534729E-03
1083.5	 -2.0317095E-03
1086.5	  2.5255827E-03
1213.5	 -1.2210230E-03
1216.5	  1.9409241E-03
