-915.5	  4.8534661E-03
-914.5	 -5.3420556E-03
-792.5	  2.6408359E-03
-789.5	 -1.8319819E-03
-629.5	  1.8301011E-03
-624.5	 -7.5145927E-04
-405.5	  4.5464220E-03
-401.5	 -3.1372861E-03
-388.5	  3.9683348E-03
-384.5	 -1.8162340E-03
-373.5	  2.2116438E-03
-367.5	 -6.1497476E-04
-250.5	  4.0128203E-03
-244.5	 -1.3530584E-03
-224.5	  4.8311874E-03
-218.5	 -2.2205475E-03
-135.5	  6.3158558E-03
-129.5	 -1.4228289E-03
-123.5	  2.6772965E-03
-119.5	 -3.4762535E-03
-92.5	  2.9660095E-02
-87.5	 -4.5243022E-03
-7.5	  0.7475826    
-6.5	  0.7559985    
117.5	 -3.2184834E-03
123.5	  1.5190568E-02
146.5	 -1.6348622E-03
151.5	  1.4551500E-02
189.5	 -1.9380258E-03
194.5	  6.6623189E-03
255.5	 -2.8343746E-03
261.5	  1.2558945E-02
293.5	 -1.3968777E-03
298.5	  3.3242067E-03
563.5	 -1.0851354E-03
567.5	  2.7997016E-03
642.5	 -1.5799811E-03
646.5	  2.7052544E-03
664.5	 -1.9013966E-03
668.5	  2.8714640E-03
746.5	 -1.0196283E-02
747.5	  1.4887481E-02
920.5	 -2.8718587E-03
922.5	  2.8973194E-03
968.5	 -1.6396828E-03
971.5	  2.8153728E-03
