-1169.5	  2.0064204E-03
-1167.5	 -2.0228270E-03
-808.5	  2.5845459E-03
-806.5	 -1.1748420E-03
-458.5	  3.2621154E-03
-454.5	 -1.3416223E-03
-292.5	  3.8675880E-03
-282.5	 -1.9246709E-03
-218.5	  6.8449769E-03
-212.5	 -1.6615298E-03
-151.5	  1.3487348E-02
-145.5	 -1.0762543E-03
-107.5	  3.0204598E-02
-99.5	 -8.0585119E-04
-61.5	  8.3505780E-02
-52.5	 -2.5004121E-02
-35.5	  5.2592043E-02
-26.5	 -6.8485932E-03
1.5	  0.5836629    
155.5	 -2.7741825E-03
159.5	  1.2011307E-02
176.5	 -2.5421714E-03
181.5	  5.5943402E-03
209.5	 -1.2528606E-03
214.5	  4.8497478E-03
291.5	 -4.1850409E-03
296.5	  3.7531033E-03
416.5	 -1.8521114E-03
422.5	  3.3996124E-03
539.5	 -2.4211230E-03
542.5	  1.9407097E-03
557.5	 -6.4287530E-03
559.5	  4.8490530E-03
910.5	 -4.6665780E-03
911.5	  1.2839944E-02
942.5	 -2.6104618E-03
944.5	  2.4839689E-03
969.5	 -1.2924781E-03
972.5	  2.1793074E-03
