-1478.5	  2.6090925E-03
-1477.5	 -1.6629854E-02
-851.5	  4.3945643E-03
-850.5	 -2.7278261E-03
-757.5	  4.2147809E-03
-755.5	 -2.6010775E-03
-642.5	  4.1434634E-03
-640.5	 -4.6995110E-03
-577.5	  4.7586909E-03
-576.5	  4.7586909E-03
-574.5	 -3.9196173E-03
-497.5	  1.3696843E-02
-496.5	 -1.6845545E-02
-293.5	  3.6517980E-03
-288.5	 -3.5812019E-03
-199.5	  9.3961656E-03
-194.5	 -2.5733800E-03
-97.5	  2.8410755E-02
-90.5	 -4.0925988E-03
-50.5	  1.6840460E-02
-43.5	 -3.0796437E-03
-18.5	  0.1538982    
-9.5	 -4.0663444E-03
7.5	  0.6637158    
8.5	  0.6372122    
101.5	 -2.3493161E-03
106.5	  1.0533842E-02
113.5	 -2.2973367E-03
119.5	  6.0698674E-03
134.5	 -1.3649293E-03
141.5	  1.5764821E-02
158.5	 -2.7189516E-03
163.5	  9.2011550E-03
319.5	 -9.4538112E-04
324.5	  3.3445018E-03
407.5	 -3.9055387E-03
410.5	  5.0906949E-03
428.5	 -3.6650095E-03
432.5	  4.4418825E-03
502.5	 -4.1957153E-03
505.5	  4.2355508E-03
613.5	 -2.8402274E-03
616.5	  3.2033760E-03
782.5	 -1.8170261E-03
784.5	  2.7349696E-03
