-1273.5	  1.6494261E-03
-1270.5	 -1.1184748E-03
-1146.5	  2.0313621E-03
-1144.5	 -1.5029804E-03
-945.5	  2.0255076E-03
-942.5	 -1.0299201E-03
-636.5	  3.2292346E-03
-633.5	 -2.1690549E-03
-559.5	  8.4908875E-03
-558.5	 -1.6147790E-02
-424.5	  3.6382910E-03
-420.5	 -1.5037113E-03
-396.5	  3.3820886E-03
-392.5	 -1.7283693E-03
-374.5	  4.1377214E-03
-370.5	 -2.4612145E-03
-332.5	  1.8682631E-02
-220.5	  5.6020701E-03
-215.5	 -2.3708711E-03
-202.5	  1.2381318E-02
-200.5	 -4.1309809E-03
-140.5	  1.0372127E-02
-134.5	 -3.1397992E-03
-131.5	  3.7793056E-03
-126.5	 -1.3888173E-03
0.5	   1.183961    
1.5	   1.823696    
21.5	 -4.2382660E-03
30.5	  9.2583805E-02
75.5	 -3.7582566E-03
81.5	  8.5293492E-03
170.5	 -1.8457184E-03
175.5	  1.2788869E-02
359.5	 -1.3840868E-03
362.5	  3.2116270E-03
365.5	 -3.8142633E-03
370.5	  4.8915506E-03
670.5	 -1.0448531E-03
674.5	  2.5965124E-03
731.5	 -1.7292821E-03
734.5	  2.9133314E-03
1029.5	 -7.4499275E-04
1033.5	  1.7446596E-03
