-1233.5	  1.8142434E-03
-1231.5	 -1.1319426E-03
-1022.5	  1.8506821E-03
-1018.5	 -9.1598276E-04
-723.5	  3.8527253E-03
-720.5	 -3.7983004E-03
-634.5	  4.9106367E-03
-632.5	 -4.7186334E-03
-512.5	  3.9754291E-03
-508.5	 -3.3592137E-03
-456.5	  3.3324111E-02
-454.5	 -7.1642585E-03
-325.5	  5.8876881E-03
-321.5	 -2.3051861E-03
-274.5	  5.3927922E-03
-270.5	 -3.4351179E-03
-225.5	  1.6476797E-02
-221.5	 -5.6983307E-03
-163.5	  1.6979504E-02
-159.5	 -5.3639524E-03
-149.5	  4.9996916E-03
-144.5	 -3.1446756E-03
-134.5	  1.3808495E-02
-131.5	 -5.5354419E-03
-88.5	  2.8869161E-02
-81.5	 -1.9932077E-03
-6.5	  0.5226791    
-5.5	  0.8737667    
17.5	 -1.8775298E-03
24.5	  3.5052888E-02
35.5	 -0.1156180    
42.5	  0.1949154    
84.5	 -1.0511356E-03
91.5	  1.0738339E-02
106.5	 -3.8907954E-03
111.5	  1.2907892E-02
253.5	 -1.1864485E-03
258.5	  5.2167042E-03
280.5	 -4.9297842E-03
285.5	  4.3739281E-03
304.5	 -4.2691217E-03
308.5	  8.3306888E-03
309.5	 -1.4433767E-02
314.5	  4.9507814E-03
399.5	 -3.1584881E-03
403.5	  4.8458460E-03
468.5	 -2.8589736E-03
471.5	  5.0203088E-03
616.5	 -3.1508275E-03
619.5	  3.7814528E-03
1419.5	 -1.0393581E-03
1422.5	  1.5932347E-03
