-1077.5	  5.7129548E-03
-1074.5	 -1.4163287E-03
-976.5	  4.3112701E-03
-974.5	 -3.8273684E-03
-769.5	  2.2755314E-03
-765.5	 -1.2297870E-03
-647.5	  2.5522690E-03
-644.5	 -1.5831763E-03
-638.5	  4.7567012E-03
-637.5	 -7.1621533E-03
-635.5	  5.5926032E-03
-631.5	 -1.0721558E-03
-591.5	  2.8819425E-03
-588.5	 -1.4359395E-03
-451.5	  4.1298689E-03
-447.5	 -1.3093431E-03
-158.5	  5.9706261E-03
-152.5	 -3.6294872E-03
-125.5	  1.8798346E-02
-120.5	 -4.4591920E-03
-0.5	  0.7724792    
0.5	  0.7810645    
19.5	 -5.0181076E-03
28.5	  8.0310576E-02
62.5	 -2.6668613E-03
70.5	  1.3429783E-02
126.5	 -2.3193946E-03
132.5	  1.1976958E-02
149.5	 -2.3062050E-03
156.5	  7.2520799E-03
277.5	 -1.9790537E-03
282.5	  3.3502318E-03
393.5	 -3.7583394E-03
396.5	  4.8337984E-03
563.5	 -1.0201133E-02
566.5	  9.5396908E-03
674.5	 -3.0490938E-03
677.5	  3.5823029E-03
981.5	 -6.8329526E-03
982.5	  4.0469510E-03
1007.5	 -3.8211201E-03
1009.5	  3.2820131E-03
1269.5	 -6.4828550E-04
1273.5	  1.2011795E-03
