-585.5	  3.3388531E-03
-582.5	 -2.2392278E-03
-462.5	  3.8431829E-03
-458.5	 -3.1011275E-03
-453.5	  8.0761872E-03
-452.5	 -3.3275760E-03
-389.5	  2.6099661E-03
-384.5	 -8.6846226E-04
-251.5	  5.6638848E-03
-247.5	 -5.0275498E-03
-245.5	  7.0726410E-03
-241.5	 -3.3299024E-03
-225.5	  1.3805562E-02
-223.5	 -6.4998125E-03
-32.5	  4.3068524E-02
-24.5	 -2.8438815E-03
-19.5	  9.2445891E-03
-15.5	 -4.6037575E-03
-4.5	  0.2802456    
11.5	 -1.7138260E-03
21.5	  9.7348228E-02
38.5	 -3.8042411E-03
46.5	  2.0130163E-02
54.5	 -3.4104600E-03
59.5	  1.5475701E-02
66.5	 -2.3335719E-03
73.5	  9.6008806E-03
139.5	 -7.9495236E-03
144.5	  2.3227822E-02
245.5	 -5.0709262E-03
252.5	  6.7300815E-03
341.5	 -2.6351393E-03
345.5	  5.1151053E-03
371.5	 -3.5971540E-03
375.5	  4.7025154E-03
500.5	 -3.4692399E-03
504.5	  3.8888755E-03
527.5	 -2.8002893E-03
531.5	  3.6006162E-03
565.5	 -4.2216163E-03
567.5	  4.8649055E-03
774.5	 -1.6625338E-03
776.5	  3.0058890E-03
827.5	 -1.8356682E-03
829.5	  3.1785939E-03
1095.5	 -8.1960583E-04
1098.5	  1.6963942E-03
1158.5	 -9.0977526E-04
