-788.5	  6.3856668E-03
-787.5	 -1.7916037E-02
-610.5	  1.1589397E-02
-609.5	 -6.9236849E-03
-485.5	  4.0832991E-03
-482.5	 -3.0909800E-03
-478.5	  1.5766011E-03
-474.5	 -6.6518603E-04
-426.5	  4.4445721E-03
-423.5	 -3.1256797E-03
-171.5	  6.9702328E-03
-166.5	 -4.0639839E-03
-146.5	  1.9084806E-02
-142.5	 -5.0205430E-03
-119.5	  8.9052841E-03
-113.5	 -3.5093913E-03
-102.5	  1.8510945E-02
-98.5	 -4.9104760E-03
-0.5	  0.7099834    
0.5	  0.7259353    
27.5	 -1.5920831E-03
41.5	  3.1075299E-02
61.5	 -4.4205142E-03
67.5	  4.1486043E-02
81.5	 -9.0477346E-03
91.5	  8.3574736E-03
294.5	 -3.1204240E-03
299.5	  8.8014668E-03
321.5	 -3.5825239E-03
325.5	  5.6052459E-03
474.5	 -3.5694866E-03
477.5	  4.7443663E-03
615.5	 -1.2798848E-03
618.5	  2.7188677E-03
670.5	 -2.5234213E-03
673.5	  3.5370949E-03
