-997.5	  1.3814751E-03
-994.5	 -9.2428445E-04
-892.5	  2.5526208E-03
-609.5	  3.7485959E-03
-606.5	 -2.4048467E-03
-582.5	  3.3391635E-03
-578.5	 -1.4664384E-03
-468.5	  3.4914888E-03
-464.5	 -3.3154662E-03
-367.5	  1.0859105E-02
-365.5	 -9.9081881E-03
-176.5	  4.3269577E-03
-168.5	 -1.9731049E-03
-82.5	  4.1008491E-02
-75.5	 -4.6340921E-03
-26.5	  2.4874214E-02
-19.5	 -2.9837373E-03
-1.5	  0.2062281    
15.5	 -3.2361411E-03
22.5	  1.4724378E-02
31.5	 -4.5499536E-03
38.5	  6.0932886E-02
63.5	 -1.7731909E-02
71.5	  6.6280469E-02
91.5	 -2.8779183E-03
98.5	  1.1830448E-02
130.5	 -2.7664648E-02
133.5	  4.3469723E-02
178.5	 -1.5039378E-03
183.5	  7.0846146E-03
288.5	 -1.3881377E-03
293.5	  6.6529904E-03
377.5	 -1.6540139E-03
381.5	  6.8412614E-03
416.5	 -2.4254138E-03
420.5	  4.0060738E-03
540.5	 -4.5471094E-03
542.5	  5.4589785E-03
752.5	 -8.1936124E-04
757.5	  2.3007784E-03
1088.5	 -1.6873090E-03
1092.5	  2.5464259E-03
1109.5	 -4.7528376E-03
1110.5	  4.7834376E-03
1508.5	 -1.2041095E-03
1510.5	  1.8654643E-03
