-830.5	  1.5509350E-03
-826.5	 -6.4545003E-04
-818.5	  2.4059818E-03
-815.5	 -1.9839723E-03
-698.5	  8.7384228E-03
-697.5	 -7.6589445E-03
-679.5	  2.6567047E-03
-675.5	 -1.4070331E-03
-529.5	  2.5376456E-03
-524.5	 -9.7356125E-04
-516.5	  2.8468820E-03
-513.5	 -1.5397107E-03
-367.5	  4.5268508E-03
-362.5	 -1.2978873E-03
-262.5	  6.7031602E-03
-256.5	 -7.4420008E-04
-250.5	  1.6205000E-03
-247.5	 -1.4157570E-03
-57.5	  0.2220957    
-55.5	 -0.2080052    
-24.5	  0.1552971    
-13.5	 -2.7210431E-02
6.5	  0.3807089    
7.5	  0.3906719    
38.5	 -1.8454647E-02
47.5	  9.5506243E-02
80.5	 -4.6572341E-03
85.5	  2.8129162E-02
102.5	 -2.9884351E-03
108.5	  1.3872190E-02
119.5	 -4.0848847E-03
125.5	  8.1640547E-03
310.5	 -1.1962093E-03
315.5	  5.1741931E-03
368.5	 -4.1551404E-03
373.5	  4.4075414E-03
407.5	 -4.3909675E-03
412.5	  4.7879159E-03
443.5	 -3.4108122E-03
446.5	  4.8490386E-03
648.5	 -3.1592604E-03
651.5	  3.3885562E-03
728.5	 -1.4821923E-03
731.5	  2.6876526E-03
1739.5	 -8.3089399E-04
1742.5	  1.1707642E-03
