-1046.5	  2.2009644E-03
-1043.5	 -1.2103511E-03
-911.5	  1.8478392E-03
-908.5	 -1.0194679E-03
-680.5	  3.1452905E-03
-678.5	 -1.3746858E-03
-603.5	  4.7843088E-03
-601.5	 -3.9201239E-03
-452.5	  6.6979434E-03
-450.5	 -5.8461498E-03
-312.5	  2.8318006E-03
-305.5	 -1.6013185E-03
-276.5	  6.1018094E-03
-272.5	 -3.8870403E-03
-252.5	  1.0774155E-02
-248.5	 -3.2957545E-03
-150.5	  6.6307881E-03
-149.5	  6.6307881E-03
-144.5	 -3.6622274E-03
-129.5	  2.4490284E-02
-124.5	 -4.4303350E-03
-102.5	  1.2526627E-02
-96.5	 -1.3476100E-03
-60.5	  1.1207129E-02
-53.5	 -3.4098579E-03
-44.5	  3.4070585E-02
-36.5	 -1.5856437E-03
-0.5	   2.400240    
0.5	   2.068262    
1.5	   2.317398    
128.5	 -7.9023698E-03
133.5	  2.2376124E-02
406.5	 -9.9222118E-04
411.5	  2.9316733E-03
511.5	 -3.2325119E-03
514.5	  4.1987919E-03
570.5	 -3.1127671E-03
573.5	  5.0723925E-03
638.5	 -4.7098054E-03
641.5	  3.8693361E-03
801.5	 -2.8211116E-03
804.5	  3.2553913E-03
932.5	 -1.8358658E-03
935.5	  3.2571659E-03
