-908.5	  3.4622506E-03
-906.5	 -3.3278952E-03
-626.5	  2.9646088E-03
-621.5	 -1.5104482E-03
-597.5	  2.8937026E-03
-593.5	 -1.6674739E-03
-506.5	  2.2107320E-02
-505.5	 -7.6912963E-03
-438.5	  5.4769283E-03
-435.5	 -4.2211488E-03
-373.5	  4.7455276E-03
-369.5	 -1.8633485E-03
-180.5	  6.0766544E-03
-176.5	 -3.7481321E-03
-161.5	  1.5803810E-02
-158.5	 -7.7601625E-03
-78.5	  1.1077845E-02
-72.5	 -4.7238464E-03
-37.5	  0.1632621    
-23.5	 -1.4009214E-03
-2.5	  0.3356758    
12.5	 -2.2243969E-03
28.5	  7.6273516E-02
42.5	 -2.9357546E-03
49.5	  1.5487798E-02
319.5	 -3.4916985E-03
324.5	  4.6818918E-03
371.5	 -1.1703994E-03
375.5	  2.8021294E-03
389.5	 -2.3917772E-03
393.5	  5.8554774E-03
567.5	 -1.2024269E-03
571.5	  3.0352056E-03
662.5	 -5.6744902E-03
665.5	  4.4895052E-03
761.5	 -2.6088357E-03
764.5	  3.1468973E-03
884.5	 -2.3109333E-03
886.5	  3.2449593E-03
1161.5	 -1.8683830E-02
1162.5	  3.9794827E-03
