-1730.5	  1.1155534E-03
-1727.5	 -8.0563378E-04
-1083.5	  4.1474788E-03
-1081.5	 -1.2929962E-03
-659.5	  4.5314110E-03
-657.5	 -5.2423733E-03
-467.5	  4.1022948E-03
-463.5	 -2.7980453E-03
-453.5	  3.3771945E-03
-449.5	 -2.8681264E-03
-437.5	  1.0008136E-02
-435.5	 -1.2229457E-02
-264.5	  4.0058787E-03
-256.5	 -1.1524634E-03
-185.5	  5.0579016E-03
-180.5	 -1.2288933E-03
-27.5	  0.2869553    
-14.5	 -0.1175407    
0.5	  0.2055760    
1.5	  0.2055760    
21.5	 -5.0846804E-03
34.5	  0.1551809    
102.5	 -2.6668557E-03
107.5	  1.4056955E-02
115.5	 -3.2601028E-03
121.5	  8.6849993E-03
228.5	 -1.4225557E-03
233.5	  5.6733224E-03
290.5	 -7.8068831E-04
296.5	  4.0622344E-03
563.5	 -9.5468189E-04
568.5	  3.0004764E-03
724.5	 -5.3675794E-03
725.5	  9.4909398E-03
767.5	 -3.9819144E-03
769.5	  4.5992425E-03
1003.5	 -1.4549154E-03
1007.5	  1.7636163E-03
1147.5	 -1.3336036E-03
