-846.5	  3.2263224E-03
-844.5	 -2.2829205E-03
-728.5	  2.1508380E-03
-725.5	 -1.2736532E-03
-584.5	  3.2398270E-03
-579.5	 -1.9585004E-03
-443.5	  4.0904107E-03
-440.5	 -3.1174864E-03
-258.5	  9.2633581E-03
-253.5	 -2.4814061E-03
-246.5	  3.4103466E-03
-237.5	 -1.3937415E-03
-221.5	  1.2645996E-02
-219.5	 -3.6809607E-03
-49.5	  1.1195042E-02
-42.5	 -3.9333482E-03
-36.5	  1.3952475E-02
-32.5	 -3.2259133E-03
-2.5	  0.7126552    
28.5	 -1.0873120E-03
35.5	  1.7040750E-02
48.5	 -1.8836340E-03
60.5	  9.4050102E-02
116.5	 -4.5084907E-03
122.5	  2.1249773E-02
141.5	 -7.6063275E-03
142.5	  3.7881728E-02
149.5	 -2.0849854E-03
155.5	  6.6420534E-03
353.5	 -2.0087787E-03
356.5	  3.5519758E-03
363.5	 -3.6300663E-03
367.5	  4.4743977E-03
473.5	 -1.3567720E-03
478.5	  2.5948635E-03
566.5	 -7.9157099E-04
570.5	  3.1903728E-03
1249.5	 -1.4911116E-03
1251.5	  2.7193876E-03
