-824.5	  2.6870689E-03
-821.5	 -1.7244848E-03
-646.5	  3.7722606E-03
-643.5	 -2.7334276E-03
-597.5	  3.6577468E-03
-594.5	 -3.1483884E-03
-476.5	  5.9838118E-03
-474.5	 -6.8863542E-03
-470.5	  1.4958262E-03
-465.5	 -6.0304429E-04
-380.5	  1.1042485E-02
-378.5	 -6.0651377E-03
-338.5	  4.8106168E-03
-332.5	 -1.6771021E-03
-330.5	  1.9282536E-03
-328.5	 -2.5085802E-03
-188.5	  5.3504137E-03
-183.5	 -3.2548881E-03
-151.5	  1.6185053E-02
-145.5	 -2.9805391E-03
-25.5	  2.5514565E-02
-17.5	 -3.6454187E-03
-2.5	  0.1431542    
10.5	 -8.5725164E-04
19.5	  5.9812907E-03
27.5	 -2.0931300E-03
33.5	  2.8683050E-03
36.5	 -4.2315931E-03
43.5	  1.4379291E-02
100.5	 -1.4731328E-03
106.5	  1.4643556E-02
160.5	 -6.9835754E-03
162.5	  1.5239059E-02
175.5	 -2.8230734E-03
180.5	  5.7172212E-03
306.5	 -3.0965088E-03
310.5	  5.6296461E-03
534.5	 -1.2085037E-02
621.5	 -1.5355102E-03
624.5	  3.1385180E-03
1196.5	 -2.9404585E-03
1198.5	  2.6128048E-03
