-1048.5	  3.9827502E-03
-1047.5	 -4.5314245E-03
-863.5	  1.7503785E-02
-626.5	  2.3335633E-03
-622.5	 -1.5643414E-03
-610.5	  3.2201421E-03
-606.5	 -2.3600697E-03
-563.5	  2.5063953E-03
-559.5	 -9.7096263E-04
-386.5	  3.0414830E-03
-382.5	 -1.8103292E-03
-242.5	  5.1622563E-03
-237.5	 -2.8334158E-03
-214.5	  1.3368801E-02
-212.5	 -9.8621799E-03
-143.5	  5.6339880E-03
-137.5	 -1.8667174E-03
-126.5	  1.3404808E-02
-125.5	  1.3404808E-02
-122.5	 -5.7482473E-03
-14.5	  0.4196625    
-13.5	  0.3872965    
0.5	 -4.1213296E-03
12.5	  0.3475873    
77.5	 -6.2271007E-03
84.5	  3.5047710E-02
103.5	 -4.1866065E-03
111.5	  1.2283103E-02
213.5	 -1.0447364E-03
219.5	  7.1006203E-03
249.5	 -8.2165049E-04
255.5	  4.3407166E-03
340.5	 -1.2192101E-03
345.5	  4.2348416E-03
452.5	 -4.3958402E-03
455.5	  4.7970619E-03
500.5	 -3.3546218E-03
504.5	  4.0692207E-03
683.5	 -4.1424576E-03
685.5	  4.3066940E-03
818.5	 -2.6710818E-03
820.5	  3.5023200E-03
927.5	 -3.2136429E-03
929.5	  3.9173812E-03
