-893.5	  3.2065269E-03
-891.5	 -1.9150801E-03
-777.5	  2.6684282E-03
-774.5	 -1.3116014E-03
-464.5	  2.8906802E-03
-459.5	 -7.8198890E-04
-388.5	  4.7822073E-03
-384.5	 -3.3570386E-03
-343.5	  4.1653574E-03
-338.5	 -1.2127062E-03
-179.5	  5.9474478E-03
-174.5	 -1.3363236E-03
-151.5	  9.9142008E-03
-145.5	 -2.8788850E-03
-137.5	  1.1760044E-02
-134.5	 -3.1130654E-03
-94.5	  8.9914277E-02
-90.5	 -6.4995751E-02
-75.5	  2.5774622E-02
-67.5	 -2.9288859E-03
-6.5	  0.6240293    
27.5	 -0.2486996    
28.5	 -0.3097633    
32.5	  0.3385264    
59.5	 -2.8857628E-03
67.5	  1.2510504E-02
139.5	 -1.9218993E-03
145.5	  8.9193173E-03
195.5	 -1.1625452E-03
200.5	  4.6711429E-03
277.5	 -3.4843769E-03
282.5	  5.2240081E-03
320.5	 -1.7443148E-03
325.5	  3.5669291E-03
440.5	 -5.4243035E-03
441.5	  1.8482670E-02
463.5	 -4.0152292E-03
466.5	  4.5866771E-03
525.5	 -3.0744725E-03
528.5	  4.5017903E-03
659.5	 -2.8225034E-03
661.5	  3.3566349E-03
908.5	 -2.8206706E-03
910.5	  4.3290616E-03
1041.5	 -3.0104918E-03
1044.5	  2.6007835E-03
1658.5	 -1.9810963E-03
1659.5	  1.6466193E-03
