-847.5	  8.0943499E-03
-846.5	 -6.1420803E-03
-582.5	  4.0850807E-03
-577.5	 -3.4118774E-03
-517.5	  3.9867517E-03
-514.5	 -2.9557426E-03
-355.5	  4.9337791E-03
-350.5	 -2.8514543E-03
-284.5	  3.3067539E-03
-279.5	 -1.3689428E-03
-19.5	  0.2090136    
-2.5	 -3.3185421E-03
9.5	  9.1196507E-02
26.5	 -3.4862957E-03
37.5	  0.1359770    
150.5	 -2.5657520E-03
155.5	  1.5566302E-02
220.5	 -5.4101744E-03
226.5	  4.4146637E-03
229.5	 -3.6887375E-03
234.5	  5.0914385E-03
411.5	  1.4622610E-02
442.5	 -1.9221364E-03
446.5	  3.0738492E-03
573.5	 -1.5585239E-03
576.5	  3.4317374E-03
758.5	 -1.6909319E-03
760.5	  3.1893095E-03
825.5	 -1.3101447E-03
828.5	  2.7325621E-03
940.5	 -2.0949391E-03
942.5	  2.6723775E-03
1066.5	 -2.0988726E-03
1068.5	  3.4383214E-03
