-1569.5	  4.8749195E-03
-1568.5	 -4.2113052E-03
-1413.5	  3.2501514E-03
-909.5	  1.9330025E-03
-905.5	 -7.8702148E-04
-684.5	  2.7658939E-03
-681.5	 -1.9494606E-03
-607.5	  1.9487756E-03
-602.5	 -8.0844702E-04
-592.5	  3.5544429E-03
-589.5	 -2.8184850E-03
-583.5	  3.3022191E-03
-581.5	 -1.4889098E-03
-513.5	  3.9448412E-03
-509.5	 -2.4843756E-03
-365.5	  5.2739433E-03
-362.5	 -3.5090153E-03
-213.5	  5.0959550E-03
-208.5	 -3.2001301E-03
-190.5	  1.6669108E-02
-185.5	 -2.6232498E-03
-56.5	  3.1947494E-02
-47.5	 -3.1689052E-03
-1.5	  0.6746142    
73.5	 -3.7356312E-03
82.5	  4.2936362E-02
99.5	 -1.0074535E-03
104.5	  2.2324731E-03
110.5	 -5.3061526E-03
114.5	  3.0113660E-02
115.5	  3.0113660E-02
170.5	 -2.9314619E-03
175.5	  5.9799072E-03
283.5	 -1.3165018E-03
288.5	  4.3739257E-03
400.5	 -1.9492332E-03
404.5	  5.0664474E-03
471.5	 -3.2455721E-03
474.5	  4.8349849E-03
523.5	 -1.6613208E-03
526.5	  2.9578982E-03
651.5	 -2.0179369E-03
655.5	  2.8929526E-03
704.5	 -1.8930482E-03
708.5	  2.9327227E-03
1111.5	 -1.3575538E-03
