-1275.5	  7.3958645E-03
-1274.5	 -3.5181476E-03
-980.5	  4.6567922E-03
-979.5	 -4.8363311E-03
-813.5	  2.2114217E-03
-808.5	 -1.0310513E-03
-453.5	  3.9101876E-03
-450.5	 -3.0619306E-03
-445.5	  2.2023718E-03
-442.5	 -1.3560624E-03
-328.5	  2.6217445E-03
-322.5	 -5.8179587E-04
-250.5	  2.0740291E-02
-248.5	 -1.7342925E-02
-235.5	  4.9942085E-03
-229.5	 -3.7235955E-03
-181.5	  1.7826250E-02
-178.5	 -6.4559244E-03
-100.5	  3.1228913E-02
-93.5	 -4.1042701E-03
-29.5	  0.3054904    
-28.5	  0.2988363    
-20.5	 -0.1257657    
-10.5	  2.9451098E-02
-2.5	 -3.1070081E-03
0.5	  6.5591624E-03
5.5	 -2.1350991E-03
12.5	  1.0843494E-02
24.5	 -6.1456285E-02
34.5	  0.1734730    
86.5	 -1.0229668E-02
97.5	  7.9742238E-02
174.5	 -1.4881054E-03
180.5	  1.0593998E-02
212.5	 -1.3177918E-03
218.5	  6.2154448E-03
310.5	 -2.4655568E-03
314.5	  5.0674598E-03
723.5	 -4.3804441E-03
725.5	  4.2830002E-03
753.5	 -1.4213747E-03
756.5	  2.6045393E-03
1277.5	 -4.3607126E-03
1279.5	  3.5835239E-03
