-1254.5	  4.1863541E-03
-1253.5	 -3.1893407E-03
-858.5	  6.7574703E-03
-857.5	 -8.7287854E-03
-528.5	  3.1813809E-03
-524.5	 -1.4888546E-03
-489.5	  5.1063881E-03
-487.5	 -2.4635519E-03
-468.5	  3.0982674E-03
-464.5	 -1.4269629E-03
-387.5	  3.0251660E-03
-382.5	 -1.5933206E-03
-348.5	  5.2135871E-03
-343.5	 -5.5952310E-03
-121.5	  1.4055061E-02
-115.5	 -1.9383541E-03
-46.5	  0.1686464    
-39.5	 -7.6581508E-02
9.5	  0.4402644    
33.5	 -1.9207196E-03
47.5	  3.2659568E-02
59.5	 -3.0903760E-03
66.5	  1.2816180E-02
187.5	 -2.3064155E-03
192.5	  9.7525781E-03
366.5	 -1.3263412E-02
368.5	  7.0031523E-03
385.5	 -5.3504296E-03
387.5	  8.2185585E-03
744.5	 -1.4691588E-03
747.5	  2.9067683E-03
843.5	 -1.6326986E-03
845.5	  2.8985729E-03
854.5	 -1.1876554E-03
859.5	  2.6830786E-03
