-1210.5	  2.8496401E-03
-1208.5	 -3.0791159E-03
-763.5	  2.1830366E-03
-757.5	 -1.7722364E-03
-691.5	  1.3693822E-02
-690.5	 -6.0896832E-03
-678.5	  1.3852485E-02
-676.5	 -4.7099297E-03
-496.5	  4.4506839E-03
-492.5	 -1.3421719E-02
-491.5	  2.5288632E-02
-490.5	 -2.8757583E-02
-385.5	  5.6341551E-03
-381.5	 -2.5764552E-03
-242.5	  8.1712203E-03
-237.5	 -2.1190112E-03
-130.5	  7.3441612E-03
-122.5	 -2.2488863E-03
-25.5	  0.1885836    
-12.5	 -2.9478867E-03
1.5	  0.1325631    
13.5	 -9.2235632E-02
26.5	  0.2643051    
27.5	  0.2741725    
86.5	 -4.1253227E-03
93.5	  3.0178003E-02
118.5	 -4.4952747E-03
120.5	  1.1214421E-02
125.5	 -3.0453147E-03
131.5	  6.7455568E-03
188.5	 -2.1418897E-02
190.5	  3.4455203E-02
280.5	 -2.8825502E-03
284.5	  4.3132370E-03
382.5	 -3.4443990E-03
385.5	  5.1563783E-03
441.5	 -3.0534235E-03
445.5	  3.5846322E-03
514.5	 -3.2831796E-03
516.5	  3.5758247E-03
525.5	 -3.5676926E-03
528.5	  4.2342064E-03
621.5	 -4.7886721E-03
622.5	  6.2355469E-03
696.5	 -3.8850752E-03
698.5	  3.8867083E-03
895.5	 -5.4102461E-03
896.5	  8.7264236E-03
967.5	 -3.4560326E-03
968.5	  5.8869435E-03
1064.5	 -8.7000476E-04
1068.5	  1.9630087E-03
