-1140.5	  6.0661351E-03
-1139.5	 -2.6433105E-03
-976.5	  2.7726004E-03
-974.5	 -2.9369418E-03
-914.5	  5.9583685E-03
-913.5	 -3.8765082E-03
-794.5	  3.9370041E-03
-792.5	 -1.7863007E-03
-641.5	  5.4152962E-03
-639.5	 -5.1186117E-03
-538.5	  2.8949350E-03
-537.5	  2.8949350E-03
-533.5	 -1.4253878E-03
-435.5	  3.3956368E-03
-430.5	 -9.6435921E-04
-322.5	  2.9603054E-03
-314.5	 -6.8614545E-04
-35.5	  0.1109697    
-24.5	 -1.9554319E-03
-14.5	  1.4067902E-02
-7.5	 -2.6110858E-03
-2.5	  1.7602971E-02
-1.5	 -5.5507976E-03
3.5	  3.1467318E-03
5.5	 -5.1649543E-03
14.5	  4.9305733E-02
23.5	 -3.5259826E-03
30.5	  2.8276967E-02
80.5	 -4.2759087E-03
83.5	  8.4376009E-03
90.5	 -1.2344124E-03
96.5	  1.4434367E-02
107.5	 -2.7229858E-03
113.5	  5.9501692E-03
197.5	 -1.3229889E-03
203.5	  9.2195980E-03
262.5	 -1.7689439E-03
267.5	  6.1967704E-03
533.5	 -4.3161088E-03
535.5	  5.0673471E-03
698.5	 -2.1962749E-03
702.5	  2.6734450E-03
1089.5	 -1.3468297E-03
1091.5	  2.3680769E-03
1193.5	  1.6928766E-02
1538.5	 -1.1883238E-03
1540.5	  1.5088990E-03
