-1460.5	  2.0900827E-03
-1458.5	 -2.1996810E-03
-1067.5	  2.0314250E-03
-1064.5	 -1.0425204E-03
-441.5	  4.1185808E-03
-437.5	 -3.0200651E-03
-387.5	  4.5519341E-03
-384.5	 -2.9107055E-03
-351.5	  1.3186403E-02
-349.5	 -8.7932469E-03
-186.5	  1.4640625E-02
-185.5	  1.4640625E-02
-180.5	 -4.3043699E-03
-161.5	  7.2396463E-03
-155.5	 -1.1823667E-03
-80.5	  0.5537754    
-79.5	  0.5537754    
-78.5	 -0.1878727    
1.5	  0.5958127    
2.5	  0.6272829    
41.5	 -2.3481235E-02
50.5	  8.8313937E-02
72.5	 -8.2540037E-03
79.5	  1.8951030E-02
220.5	 -8.8622479E-04
226.5	  3.7566458E-03
275.5	 -1.4186519E-03
280.5	  5.0628656E-03
384.5	 -3.7251466E-03
389.5	  3.6214439E-03
515.5	 -2.3621302E-03
519.5	  2.9555862E-03
858.5	 -2.1027869E-03
861.5	  3.0216284E-03
