-1301.5	  1.7889797E-03
-1298.5	 -8.8175602E-04
-1230.5	  1.7511678E-03
-1226.5	 -1.0307857E-03
-738.5	  2.7189453E-03
-735.5	 -1.6172567E-03
-538.5	  4.1728714E-03
-535.5	 -2.9923036E-03
-416.5	  4.8509366E-03
-412.5	 -4.2353431E-03
-358.5	  4.6240091E-03
-354.5	 -3.0232796E-03
-204.5	  8.4598204E-03
-198.5	 -3.5877740E-03
-166.5	  6.6264952E-03
-160.5	 -1.4515331E-03
-130.5	  2.8418787E-02
-124.5	 -2.8948612E-03
-108.5	  7.5011447E-02
-106.5	 -3.5157442E-02
-6.5	  0.6248795    
-5.5	  0.5818285    
19.5	 -5.8467514E-03
32.5	  0.1681238    
112.5	 -4.6708402E-03
116.5	  1.6007315E-02
128.5	 -2.9260486E-03
134.5	  5.6478623E-03
238.5	 -3.5956602E-03
243.5	  5.1302267E-03
284.5	 -1.1380749E-03
289.5	  3.8362152E-03
385.5	 -1.9316381E-02
386.5	  1.4174581E-02
395.5	 -1.7675941E-03
401.5	  3.0818502E-03
508.5	 -1.6467457E-03
514.5	  3.0271753E-03
660.5	 -4.4875965E-03
662.5	  4.1616550E-03
825.5	 -3.2920989E-03
827.5	  4.8565706E-03
907.5	 -2.2096634E-03
910.5	  2.9161256E-03
1448.5	 -9.8593789E-04
1452.5	  1.4009966E-03
