-1988.5	  2.9744010E-03
-1987.5	 -1.7341163E-03
-1293.5	  1.8618770E-03
-1291.5	 -8.4654969E-04
-900.5	  2.6335001E-03
-897.5	 -1.4946111E-03
-798.5	  2.8663238E-03
-795.5	 -1.9708076E-03
-775.5	  2.9293203E-03
-772.5	 -1.5419485E-03
-594.5	  6.7017656E-03
-592.5	 -3.4479245E-03
-583.5	  3.2472732E-03
-579.5	 -3.1043049E-03
-551.5	  3.7119293E-03
-547.5	 -3.2461488E-03
-377.5	  4.5139114E-03
-373.5	 -2.8150799E-03
-363.5	  2.9060177E-03
-358.5	 -1.1793261E-03
-225.5	  6.4115883E-03
-221.5	 -2.4662737E-03
-154.5	  7.9023205E-03
-148.5	 -1.9166105E-03
-138.5	  1.1535363E-02
-135.5	 -5.9924475E-03
-8.5	  0.6911793    
-7.5	  0.6846922    
23.5	 -4.5195248E-02
34.5	  0.1714453    
90.5	 -2.6828651E-03
93.5	  7.0949499E-03
97.5	 -2.7776044E-03
104.5	  9.0110004E-03
219.5	 -1.0570241E-02
221.5	  1.5219014E-02
261.5	 -3.0237844E-03
265.5	  6.3912044E-03
308.5	 -5.9552197E-03
311.5	  9.5747355E-03
499.5	 -1.1259676E-03
503.5	  3.0225681E-03
586.5	 -2.6605832E-03
588.5	  6.4968434E-03
672.5	 -1.2039948E-03
676.5	  2.3041812E-03
745.5	 -1.0673059E-02
747.5	  7.2181104E-03
766.5	 -2.9286451E-03
768.5	  3.1900101E-03
