-847.5	  1.8832157E-04
-846.5	 -6.2401923E-03
-816.5	  2.1400684E-03
-811.5	 -8.5345958E-04
-564.5	  3.3024403E-03
-560.5	 -1.4658422E-03
-498.5	  3.7282866E-03
-494.5	 -2.8036437E-03
-260.5	  3.9295736E-03
-254.5	 -2.4739855E-03
-219.5	  5.1411060E-03
-213.5	 -3.3227173E-03
-138.5	  7.0268605E-03
-133.5	 -3.4123666E-03
-115.5	  2.9760735E-02
-107.5	 -1.4239022E-03
-19.5	  0.2845581    
-18.5	  0.2845581    
-3.5	 -7.2859740E-03
13.5	  0.3030482    
47.5	 -2.9458532E-03
55.5	  3.6975853E-02
98.5	 -1.1862423E-02
105.5	  3.9992582E-02
309.5	 -3.2623257E-03
313.5	  4.4734455E-03
346.5	 -4.1350848E-03
349.5	  9.8421909E-03
523.5	 -2.6149799E-03
526.5	  3.3429542E-03
854.5	 -3.0952920E-03
855.5	  8.4544253E-03
862.5	 -2.6456206E-03
865.5	  2.6876552E-03
1016.5	 -3.5345203E-03
1019.5	  2.4794010E-03
