-997.5	  3.1104907E-03
-995.5	 -3.4483657E-03
-970.5	  4.1081579E-03
-969.5	 -2.8045094E-03
-907.5	  2.6400394E-03
-904.5	 -2.5238865E-03
-793.5	  3.8521292E-03
-791.5	 -2.9184513E-03
-698.5	  2.8698184E-03
-695.5	 -1.8106108E-03
-544.5	  4.4087940E-03
-537.5	 -1.9424566E-03
-482.5	  3.4476742E-03
-478.5	 -1.4302555E-03
-153.5	  2.1896776E-02
-150.5	 -1.1941360E-02
-80.5	  8.5217888E-03
-74.5	 -4.2552836E-03
-43.5	  0.1368412    
-30.5	 -1.2024798E-03
-22.5	  1.6054340E-02
-21.5	 -1.3756461E-02
4.5	  0.5145567    
45.5	 -3.4949461E-03
55.5	  6.6014469E-02
189.5	 -7.6010204E-03
191.5	  1.7453108E-02
225.5	 -3.8181280E-03
228.5	  2.3642024E-03
234.5	 -1.5192291E-03
239.5	  4.8416262E-03
267.5	 -2.6488779E-03
271.5	  6.5198685E-03
434.5	 -3.9675082E-03
437.5	  5.4821144E-03
529.5	 -5.5202306E-03
531.5	  5.8172401E-03
536.5	 -2.7202298E-03
540.5	  3.6071118E-03
679.5	 -5.8783044E-04
684.5	  2.4527300E-03
1048.5	 -2.3576869E-03
1050.5	  4.0230146E-03
