-1073.5	  3.9673969E-03
-1072.5	 -2.5191117E-02
-984.5	  7.8222491E-03
-983.5	 -5.1588202E-03
-754.5	  3.3793401E-03
-751.5	 -2.6161526E-03
-468.5	  3.7145945E-03
-465.5	 -2.8055659E-03
-394.5	  4.8885634E-03
-391.5	 -3.3833035E-03
-106.5	  1.0881289E-02
-98.5	 -1.3547330E-03
-51.5	  2.2435214E-02
-44.5	 -3.2194399E-03
-33.5	  5.5805337E-02
-22.5	 -2.0191006E-03
-0.5	  0.8731881    
0.5	  0.6666260    
70.5	 -2.8348867E-02
74.5	  5.4382388E-02
88.5	 -1.4167893E-03
94.5	  2.9106928E-02
122.5	 -6.9789658E-04
127.5	  2.7309998E-03
130.5	 -3.2853365E-03
136.5	  8.2325991E-03
227.5	  1.3802947E-02
361.5	 -2.6712683E-03
365.5	  3.9642430E-03
387.5	 -1.0343068E-02
388.5	  3.3556029E-02
494.5	 -2.7560946E-03
497.5	  4.5737205E-03
543.5	 -3.3884030E-03
545.5	  4.4074953E-03
587.5	 -9.4328327E-03
588.5	  8.6751813E-03
