-1095.5	  2.1341152E-03
-1093.5	 -1.0530305E-03
-1073.5	  2.6042154E-03
-1071.5	 -2.6803019E-03
-857.5	  9.6540367E-03
-856.5	 -5.4498087E-03
-593.5	  4.2708796E-03
-591.5	 -2.8806566E-03
-560.5	  2.0677375E-03
-554.5	 -1.3735931E-03
-253.5	  5.4172194E-03
-248.5	 -3.7311800E-03
-146.5	  1.3713248E-02
-135.5	 -3.7874093E-03
-117.5	 -0.1719016    
-46.5	  5.5013280E-02
-37.5	 -1.2941287E-03
-0.5	  0.8827348    
0.5	  0.8827348    
57.5	 -5.5903204E-02
62.5	  0.1246197    
139.5	 -2.2152131E-03
144.5	  2.1357697E-02
158.5	 -3.0581611E-03
164.5	  6.6458229E-03
177.5	 -5.8225486E-03
182.5	  1.7263833E-02
249.5	 -2.1791637E-02
250.5	  8.3860364E-03
256.5	 -2.0442468E-03
261.5	  3.7322419E-03
421.5	 -1.0696617E-03
425.5	  2.6428739E-03
449.5	 -3.2827691E-03
452.5	  4.2551355E-03
721.5	 -4.2866040E-03
722.5	  9.8057285E-02
1405.5	 -2.9681546E-03
1406.5	  3.7330231E-03
