-956.5	  5.3160563E-03
-955.5	 -2.6532672E-03
-727.5	  2.5046649E-03
-724.5	 -1.7471518E-03
-528.5	  3.9664251E-03
-525.5	 -1.8828124E-03
-490.5	  3.9608469E-03
-486.5	 -2.8832890E-03
-416.5	  5.8881538E-03
-413.5	 -2.6471782E-03
-304.5	  1.7422780E-02
-303.5	 -1.1037084E-02
-231.5	  7.1046599E-03
-227.5	 -4.3440079E-03
-186.5	  1.7055295E-02
-181.5	 -2.9248304E-03
-78.5	  4.3175895E-02
-71.5	 -9.4718775E-03
-37.5	  3.4204129E-02
-26.5	 -2.3558019E-03
2.5	  0.6367664    
3.5	  0.6367664    
42.5	 -3.6108561E-03
51.5	  6.3826472E-02
222.5	 -1.2488072E-02
223.5	  4.8210070E-02
266.5	 -4.1851117E-03
270.5	  5.4903855E-03
323.5	 -3.4274173E-03
327.5	  4.8438748E-03
481.5	 -2.7382353E-03
484.5	  3.9858394E-03
517.5	 -4.2021894E-03
520.5	  4.2447704E-03
692.5	 -1.9105405E-03
696.5	  5.2457070E-03
1039.5	 -1.9181903E-03
1041.5	  2.4684870E-03
