-1265.5	  3.0724939E-03
-1262.5	 -2.0543644E-03
-956.5	  1.7214011E-03
-951.5	 -6.8852690E-04
-915.5	  4.1333423E-03
-913.5	 -4.0709269E-03
-718.5	  4.8604552E-03
-716.5	 -2.5766012E-03
-671.5	  4.2203027E-03
-669.5	 -4.7960617E-03
-621.5	  3.8158775E-03
-618.5	 -2.9719903E-03
-492.5	  3.0085433E-03
-489.5	 -1.9835513E-03
-473.5	  3.0032815E-03
-468.5	 -1.4184957E-03
-455.5	  3.6612542E-03
-452.5	 -3.1169055E-03
-363.5	  5.3895214E-03
-359.5	 -3.5512152E-03
-299.5	  6.7256251E-03
-296.5	 -4.3992703E-03
-258.5	  1.6110083E-02
-256.5	 -4.8285034E-03
-185.5	  3.4720339E-02
-182.5	 -1.8822968E-02
-147.5	  6.7665316E-03
-141.5	 -2.4508454E-03
-40.5	  9.3145952E-02
-31.5	 -1.2399121E-03
1.5	  0.7798246    
2.5	  0.7872381    
217.5	 -1.9626634E-02
218.5	  1.1851201E-02
224.5	 -2.7850759E-03
229.5	  4.8520211E-03
262.5	  1.4001326E-02
311.5	 -2.9911762E-03
315.5	  4.6349782E-03
513.5	 -3.1388057E-03
516.5	  4.7168019E-03
583.5	 -1.2183825E-03
588.5	  3.0844049E-03
697.5	 -3.0772674E-03
699.5	  5.8242911E-03
738.5	 -3.3520216E-03
804.5	 -4.8637465E-03
806.5	  6.7136972E-03
1373.5	 -9.7697345E-04
1376.5	  1.7696480E-03
