-978.5	  2.8382633E-03
-974.5	 -1.5571420E-03
-848.5	  2.8052891E-03
-845.5	 -2.0914136E-03
-611.5	  3.1575249E-03
-608.5	 -1.5258355E-03
-376.5	  4.0323511E-03
-372.5	 -1.0723439E-03
-319.5	  4.6450165E-03
-314.5	 -3.8530931E-03
-276.5	  4.2015794E-03
-272.5	 -1.2817848E-03
-133.5	  1.1164900E-02
-127.5	 -1.1196763E-03
-105.5	  7.2171185E-03
-98.5	 -3.7228442E-03
-87.5	  3.5920370E-02
-81.5	 -5.6152204E-03
-28.5	  3.7490532E-02
-20.5	 -5.1392466E-03
-11.5	  0.1223307    
-10.5	  0.1223307    
5.5	 -3.2839407E-03
13.5	  5.1037319E-02
134.5	 -2.9528956E-03
139.5	  1.8361043E-02
157.5	 -3.6639902E-03
162.5	  6.2064370E-03
175.5	 -4.0446171E-03
180.5	  1.2854158E-02
263.5	 -3.7689980E-03
267.5	  4.8814761E-03
415.5	 -2.6672066E-03
418.5	  4.8302882E-03
461.5	 -2.3219653E-03
465.5	  3.6910619E-03
533.5	 -8.2984772E-03
534.5	  1.2756767E-02
616.5	 -2.2863636E-03
619.5	  3.4188754E-03
705.5	 -2.1601233E-03
708.5	  3.4997435E-03
1647.5	 -1.4012406E-03
1648.5	  1.7198327E-03
