-772.5	  4.8129689E-03
-770.5	 -3.0591842E-03
-613.5	  3.3887634E-03
-610.5	 -1.7560134E-03
-575.5	  2.7557767E-03
-572.5	 -1.8807125E-03
-479.5	  6.5294853E-03
-477.5	 -5.1097996E-03
-409.5	  9.2584221E-03
-405.5	 -9.8818326E-03
-263.5	  4.6824683E-03
-258.5	 -3.1952418E-03
-228.5	  8.8507952E-03
-223.5	 -2.2306258E-03
-31.5	  1.8991405E-02
-30.5	  1.8991405E-02
-23.5	 -5.1918617E-03
-15.5	  9.2102578E-03
-7.5	 -1.4210538E-03
8.5	  9.4765119E-02
23.5	 -2.8372116E-03
30.5	  2.4171108E-02
54.5	 -4.7753789E-03
60.5	  1.1777738E-02
82.5	 -6.6639329E-03
85.5	  1.2662807E-02
92.5	 -3.4850407E-03
97.5	  8.5434616E-03
107.5	 -5.5369284E-02
110.5	  7.3024519E-02
382.5	 -2.9624314E-03
386.5	  4.4113202E-03
520.5	 -4.0446073E-03
522.5	  6.9644968E-03
579.5	 -4.4773323E-03
581.5	  6.0691750E-03
639.5	 -2.9502520E-03
642.5	  3.4717212E-03
773.5	 -2.7894836E-03
776.5	  2.8288933E-03
813.5	 -3.3061989E-03
815.5	  4.4307136E-03
855.5	 -1.0846136E-02
856.5	  4.4260886E-03
