-1113.5	  1.4556120E-03
-1109.5	 -6.7750900E-04
-890.5	  2.0146405E-03
-886.5	 -1.0533754E-03
-589.5	  7.6718270E-03
-588.5	 -1.0787548E-02
-413.5	  3.1166398E-03
-408.5	 -1.7521136E-03
-352.5	  4.1449433E-03
-347.5	 -2.6347986E-03
-105.5	  2.4981167E-02
-98.5	 -8.3452521E-04
-73.5	  4.6575624E-02
-65.5	 -3.9718980E-03
-1.5	  0.4863958    
-0.5	  -1.231028    
0.5	   3.094824    
69.5	 -4.3732463E-03
77.5	  1.3534444E-02
107.5	 -2.6276857E-03
114.5	  4.6699028E-03
119.5	 -2.7287018E-03
125.5	  1.2378876E-02
200.5	 -7.9311477E-04
207.5	  1.1181054E-02
211.5	 -4.8197648E-03
217.5	  6.7842370E-03
370.5	 -2.2793405E-03
374.5	  4.3161153E-03
571.5	 -1.2627835E-03
575.5	  3.2908609E-03
758.5	 -3.5507842E-03
760.5	  4.3250662E-03
