-1699.5	  1.7896043E-03
-1697.5	 -1.4776388E-03
-753.5	  3.4067652E-03
-750.5	 -2.5168238E-03
-736.5	  3.1295724E-03
-733.5	 -3.2521200E-03
-496.5	  3.0823620E-03
-492.5	 -1.2421841E-03
-404.5	  3.2157023E-03
-400.5	 -2.1396575E-03
-291.5	  5.5273427E-03
-287.5	 -3.5072546E-03
-274.5	  1.1193490E-02
-271.5	 -4.6562809E-03
-127.5	  7.0633627E-03
-122.5	 -3.5871956E-03
-114.5	  1.1243543E-02
-111.5	 -5.4001315E-03
-45.5	  0.1064401    
-35.5	 -3.9383103E-03
-0.5	  0.3901783    
9.5	 -2.6290133E-03
22.5	  6.2230323E-02
23.5	  6.2230323E-02
31.5	 -4.9405769E-03
39.5	  3.5807677E-02
103.5	 -1.3234137E-03
110.5	  1.2380616E-02
327.5	 -1.1711597E-02
345.5	 -3.3115447E-03
349.5	  5.1917108E-03
410.5	 -1.8194538E-03
414.5	  4.6813567E-03
488.5	 -2.6528274E-03
492.5	  4.0806723E-03
711.5	 -3.9800997E-03
713.5	  4.1671032E-03
815.5	 -9.6948212E-04
819.5	  2.2427773E-03
