-1742.5	  2.2417591E-03
-1741.5	 -1.4429932E-03
-964.5	  2.5298770E-03
-961.5	 -1.6375222E-03
-828.5	  2.3858403E-03
-825.5	 -1.3857622E-03
-593.5	  2.6903478E-03
-589.5	 -1.9905816E-03
-544.5	  2.9696706E-03
-540.5	 -1.2264164E-03
-451.5	  2.9332670E-03
-446.5	 -1.7812824E-03
-356.5	  2.6535112E-02
-354.5	 -9.5110266E-03
-290.5	  4.1303220E-03
-285.5	 -1.7604423E-03
-195.5	  4.3553407E-03
-189.5	 -1.0278854E-03
-151.5	  1.8776201E-02
-148.5	 -7.4903136E-03
-4.5	  0.7146471    
-3.5	  0.7146471    
24.5	 -2.6474502E-03
34.5	  0.1119340    
53.5	 -4.6083825E-03
56.5	  9.5721064E-03
63.5	 -1.9777464E-03
70.5	  8.3188312E-03
217.5	 -1.0274476E-03
223.5	  5.5907993E-03
340.5	 -2.6481401E-03
344.5	  6.5165702E-03
475.5	 -7.8083887E-03
477.5	  7.6898457E-03
710.5	 -1.5934320E-03
713.5	  2.3169471E-03
753.5	 -1.4041477E-03
756.5	  2.5800087E-03
1143.5	 -3.1766959E-03
1144.5	  2.8315647E-02
