-1922.5	  1.0432338E-03
-1919.5	 -6.7733199E-04
-1072.5	  2.5712387E-03
-1069.5	 -1.3312290E-03
-923.5	  2.3139294E-03
-919.5	 -1.0878699E-03
-808.5	  4.8819091E-03
-807.5	 -4.8256987E-03
-683.5	  2.0181765E-03
-680.5	 -1.3201550E-03
-657.5	  4.1316291E-03
-655.5	 -2.3602548E-03
-573.5	  3.6533205E-03
-570.5	 -3.3931299E-03
-396.5	  7.7570612E-03
-394.5	 -6.8865567E-03
-151.5	  6.5549072E-03
-145.5	 -2.4089355E-03
-129.5	  1.6262036E-02
-126.5	 -8.1119509E-03
-67.5	  5.0931655E-02
-59.5	 -7.4981786E-03
6.5	  0.6531441    
7.5	  0.6677263    
39.5	 -3.7259902E-03
47.5	  7.8475699E-02
72.5	 -2.8364924E-03
78.5	  1.7349755E-02
130.5	 -2.4704256E-03
134.5	  7.6249908E-03
140.5	 -2.7890604E-03
144.5	  2.4791455E-03
150.5	 -1.2476522E-03
157.5	  1.5542321E-02
291.5	 -9.2234969E-04
296.5	  3.7626543E-03
423.5	 -1.9005832E-03
428.5	  3.7719810E-03
454.5	 -1.2971301E-03
458.5	  3.0569297E-03
612.5	 -1.2753236E-03
615.5	  3.1062064E-03
753.5	 -1.6927270E-03
755.5	  3.2407793E-03
