-1070.5	  4.9603931E-03
-1069.5	 -6.5919599E-03
-805.5	  6.0182940E-03
-804.5	 -1.0711549E-02
-593.5	  1.5065158E-03
-369.5	  3.9525703E-03
-365.5	 -1.5473274E-03
-325.5	  3.7647975E-03
-319.5	 -5.6557526E-04
-285.5	  4.6582152E-03
-281.5	 -2.9336815E-03
-270.5	  1.6941441E-02
-269.5	 -2.0894654E-02
-28.5	  0.1326511    
-27.5	  0.1326511    
-9.5	 -4.7555692E-03
-3.5	  3.1184359E-03
0.5	 -1.6248525E-03
15.5	  0.2662809    
46.5	 -1.3190326E-03
51.5	  2.1915932E-03
55.5	 -2.5238600E-03
63.5	  4.0766764E-02
90.5	 -4.5298110E-03
97.5	  1.1682579E-02
215.5	 -1.3693511E-03
220.5	  6.1905300E-03
481.5	 -6.5522944E-03
483.5	  5.5223126E-03
657.5	 -5.7159164E-03
658.5	  2.5247479E-02
721.5	 -1.1690386E-03
724.5	  2.1953937E-03
749.5	 -1.5498572E-03
752.5	  2.4232061E-03
865.5	 -5.5458667E-03
866.5	  3.6984733E-03
1186.5	 -1.0710731E-03
1189.5	  1.9361096E-03
