-970.5	  2.6530954E-03
-967.5	 -1.7843810E-03
-686.5	  2.7988304E-03
-682.5	 -1.2545061E-03
-670.5	  2.7980956E-03
-667.5	 -2.1793181E-03
-537.5	  2.9323371E-03
-534.5	 -1.6851798E-03
-457.5	  4.0201480E-03
-454.5	 -3.1196519E-03
-366.5	  9.5931012E-03
-364.5	 -1.4947132E-02
-300.5	  1.5259440E-02
-298.5	 -8.5837720E-03
-263.5	  5.0251889E-03
-259.5	 -3.5408635E-03
-244.5	  8.0440361E-03
-187.5	  6.9501535E-03
-182.5	 -3.3723398E-03
-80.5	  1.3186355E-02
-73.5	 -3.6653441E-03
-68.5	  9.7844126E-03
-66.5	 -3.9719441E-03
-54.5	  1.7104082E-02
-46.5	 -3.8120199E-03
-0.5	  0.7877537    
0.5	  0.7893621    
44.5	 -1.3640806E-02
53.5	  0.1089072    
107.5	 -3.9775176E-03
114.5	  1.2538407E-02
155.5	 -1.6364735E-03
160.5	  1.4128413E-02
357.5	 -3.6540695E-03
360.5	  5.1579108E-03
548.5	 -1.2968181E-02
549.5	  9.3614832E-03
568.5	 -4.7152517E-03
570.5	  6.4493120E-03
706.5	 -2.4280464E-03
708.5	  5.5326377E-03
1894.5	 -9.3324005E-04
1896.5	  1.7458329E-03
