-1330.5	  2.7565486E-03
-1328.5	 -1.7684534E-03
-1070.5	  3.7311732E-03
-1068.5	 -3.4603770E-03
-912.5	  2.8874984E-03
-910.5	 -2.3465492E-03
-597.5	  4.1761254E-03
-594.5	 -4.0717204E-03
-522.5	  4.2375796E-03
-519.5	 -3.6728012E-03
-346.5	  5.1945299E-03
-342.5	 -3.3455796E-03
-306.5	  6.0167583E-03
-302.5	 -3.7479503E-03
-256.5	  1.4754884E-02
-253.5	 -3.5925445E-03
-170.5	  4.7127572E-03
-164.5	 -2.5879252E-03
-131.5	  2.0324113E-02
-124.5	 -3.6051893E-03
-118.5	  4.1246996E-03
-114.5	 -3.0098215E-03
-0.5	  0.7369344    
0.5	   1.114975    
71.5	 -6.6831573E-03
76.5	  3.8901892E-02
106.5	 -3.6906786E-03
112.5	  8.0365967E-03
121.5	 -6.8518245E-03
126.5	  2.2055479E-02
153.5	 -2.6357973E-03
159.5	  7.0647225E-03
235.5	 -8.8439016E-03
238.5	  1.7318727E-02
384.5	 -1.5499991E-03
388.5	  3.3022186E-03
497.5	 -2.1185149E-03
503.5	  3.1783048E-03
592.5	 -3.0330722E-03
594.5	  4.1073188E-03
682.5	 -1.6709822E-03
685.5	  3.1151273E-03
760.5	 -5.2768812E-03
761.5	  8.1224311E-03
