-1554.5	  1.8331531E-03
-1552.5	 -1.4473876E-03
-1208.5	 -1.8781967E-03
-802.5	  2.1412964E-03
-734.5	  2.7268790E-03
-731.5	 -2.6905169E-03
-553.5	  9.2183165E-03
-552.5	 -1.1301992E-02
-396.5	  3.5659331E-03
-392.5	 -1.4098760E-03
-261.5	  4.0554516E-03
-256.5	 -2.6649577E-03
-243.5	  1.4134032E-02
-242.5	 -5.0270376E-03
-201.5	  7.3384042E-03
-196.5	 -1.1989368E-03
-151.5	  2.0247884E-02
-147.5	 -8.0679869E-03
-93.5	  1.5171430E-02
-86.5	 -2.3433755E-03
-12.5	  0.4396737    
5.5	 -7.7126585E-03
20.5	  0.2564608    
100.5	 -1.0594815E-03
108.5	  1.0696053E-02
141.5	 -4.9253260E-03
147.5	  2.4311636E-02
282.5	 -1.5564047E-03
287.5	  4.7167367E-03
308.5	 -2.6485852E-03
313.5	  4.1117086E-03
387.5	 -2.4706058E-03
391.5	  3.6400992E-03
531.5	 -1.6069261E-03
535.5	  2.6264465E-03
638.5	 -1.3223456E-03
642.5	  2.7882948E-03
723.5	 -1.3367989E-03
726.5	  2.4451863E-03
877.5	 -1.4963507E-03
880.5	  2.7836002E-03
