-1085.5	  2.7520410E-03
-1083.5	 -2.1689904E-03
-819.5	  2.9860646E-03
-816.5	 -3.2228064E-03
-663.5	  3.4516584E-03
-660.5	 -1.9566291E-03
-508.5	  1.4021731E-02
-507.5	 -1.5874121E-02
-491.5	  2.6084685E-03
-487.5	 -1.0479878E-03
-329.5	  5.1019406E-03
-324.5	 -2.6380704E-03
-114.5	  1.3828517E-02
-107.5	 -2.8009862E-03
-102.5	  8.3887670E-03
-95.5	 -1.9995742E-03
-40.5	  0.1329463    
-29.5	 -2.5312858E-02
-13.5	  0.1157741    
1.5	 -1.5859997E-03
24.5	  0.2527966    
252.5	 -1.9819879E-03
257.5	  4.6342602E-03
267.5	 -6.0099806E-03
270.5	  1.2872852E-02
438.5	 -1.2014563E-03
443.5	  2.5416943E-03
550.5	 -9.5323869E-04
555.5	  2.9509373E-03
717.5	 -1.4750648E-03
720.5	  2.8292013E-03
775.5	 -6.6605089E-03
776.5	  7.9364926E-03
918.5	 -3.0249723E-03
921.5	  3.3939790E-03
1213.5	 -2.0130831E-03
1215.5	  2.7143434E-03
