-868.5	  5.2595120E-03
-867.5	 -1.5159282E-02
-437.5	  5.0290925E-03
-433.5	 -3.0576633E-03
-423.5	  1.9778947E-03
-417.5	 -7.6350791E-04
-150.5	  3.8172811E-02
-147.5	 -1.9991994E-02
-104.5	  1.4432801E-02
-98.5	 -1.3483566E-03
-82.5	  3.0024813E-02
-75.5	 -3.1243539E-03
-46.5	  9.7195774E-02
-34.5	 -1.4687425E-02
-29.5	  1.5348352E-02
-22.5	 -1.3642664E-03
6.5	  0.6780531    
7.5	  0.6753225    
112.5	 -3.8042306E-03
115.5	  1.0370828E-02
127.5	 -7.2086281E-03
136.5	  7.0112939E-03
179.5	 -4.3621706E-03
182.5	  1.0529076E-02
191.5	 -2.7677787E-03
197.5	  5.9200060E-03
316.5	 -2.3692844E-03
321.5	  4.8928028E-03
339.5	 -3.2871426E-03
343.5	  5.2762427E-03
567.5	 -4.4735987E-03
572.5	  3.6121092E-03
786.5	 -6.3329791E-03
787.5	  1.1927937E-02
884.5	 -4.4789505E-03
885.5	  4.6930821E-03
