-1819.5	  1.7588811E-03
-1817.5	 -2.3656173E-03
-596.5	  3.5334600E-03
-593.5	 -2.6982108E-03
-578.5	  3.0491140E-03
-574.5	 -1.1584923E-03
-397.5	  4.2092055E-03
-392.5	 -1.6328744E-03
-198.5	  1.6138691E-02
-192.5	 -4.1861227E-03
-162.5	  1.2675610E-02
-156.5	 -1.8638582E-03
-137.5	  5.0298091E-02
-135.5	 -3.0709596E-02
-70.5	  1.6036207E-02
-62.5	 -7.8228842E-03
-60.5	  1.2610449E-02
-55.5	 -2.8116265E-03
-5.5	  0.7274525    
-4.5	  0.7213808    
23.5	 -2.3994807E-03
25.5	  1.0146350E-02
26.5	 -1.4691218E-02
35.5	  1.9482868E-02
46.5	 -3.9792685E-03
53.5	  1.4858844E-02
103.5	 -4.1552791E-03
110.5	  2.6759610E-02
170.5	 -3.9096801E-03
173.5	  1.0711466E-02
180.5	 -3.1360683E-03
186.5	  7.1477839E-03
387.5	 -2.4289016E-03
390.5	  6.1830943E-03
423.5	 -1.6789844E-03
428.5	  3.2511393E-03
495.5	 -3.9341492E-03
500.5	  3.8596594E-03
548.5	 -1.6310868E-03
551.5	  2.8830494E-03
594.5	 -1.6890917E-03
597.5	  4.2075678E-03
696.5	 -1.3370869E-03
699.5	  3.1348777E-03
1010.5	 -1.2770572E-03
1013.5	  2.1832404E-03
