-949.5	  3.7578498E-03
-947.5	 -1.8213057E-03
-645.5	  6.8412102E-03
-644.5	 -9.4219409E-03
-608.5	  3.6327464E-03
-606.5	 -1.6397650E-03
-545.5	  2.4959778E-03
-540.5	 -9.1068039E-04
-327.5	  5.0201551E-03
-323.5	 -3.0493888E-03
-299.5	  1.6250148E-02
-238.5	  5.8605582E-03
-234.5	 -3.6806648E-03
-154.5	  2.3703909E-02
-150.5	 -1.0012062E-02
-6.5	  0.8536001    
-5.5	  0.8536001    
30.5	 -4.0940144E-03
38.5	  7.0252463E-02
51.5	 -3.4081358E-03
57.5	  1.0385586E-02
74.5	 -2.4844417E-02
75.5	  6.9710365E-03
79.5	 -2.2238365E-03
86.5	  1.0757687E-02
162.5	 -8.4803309E-03
169.5	  7.5922399E-03
188.5	 -1.2107078E-02
191.5	  1.9709317E-02
290.5	 -1.6628032E-03
294.5	  4.4281655E-03
298.5	 -6.1515444E-03
300.5	  5.1321373E-03
310.5	 -1.3687946E-03
315.5	  3.0938215E-03
391.5	 -4.2614108E-03
393.5	  3.2030754E-03
402.5	 -4.5005893E-03
407.5	  4.7857398E-03
657.5	 -6.0826205E-03
659.5	  4.5353896E-03
793.5	 -3.5559691E-03
794.5	  4.6448149E-03
863.5	 -1.2792133E-03
867.5	  1.8633101E-03
