-820.5	  5.0203246E-03
-818.5	 -2.6516218E-03
-616.5	  3.3651660E-03
-612.5	 -2.4131748E-03
-496.5	  4.1698976E-03
-493.5	 -3.9628139E-03
-426.5	  3.6031250E-03
-421.5	 -2.8440454E-03
-393.5	  3.9589098E-03
-389.5	 -1.2704013E-03
-294.5	  5.8324896E-03
-290.5	 -2.2489431E-03
-264.5	  3.4022152E-03
-259.5	 -1.6746392E-03
-121.5	  6.2572155E-03
-113.5	 -1.3225916E-03
-97.5	  2.9317137E-02
-90.5	 -8.9024315E-03
-27.5	  0.1275973    
-17.5	 -1.1535877E-03
3.5	  0.4380434    
33.5	 -1.6037839E-02
41.5	  8.5757203E-02
42.5	  8.5757203E-02
55.5	 -7.8171520E-03
65.5	  7.1547660E-03
74.5	 -7.9824263E-04
82.5	  3.0969305E-02
263.5	 -2.7845344E-03
267.5	  4.2358618E-03
274.5	 -8.8885607E-04
279.5	  3.8285472E-03
389.5	 -1.0777008E-03
394.5	  3.3220851E-03
538.5	 -2.9316803E-03
541.5	  5.5531077E-03
564.5	 -5.6337640E-03
566.5	  5.1260679E-03
636.5	 -5.2220058E-03
638.5	  4.7076996E-03
742.5	 -2.4110796E-03
746.5	  2.8697478E-03
