-783.5	  2.7416586E-03
-779.5	 -2.9673332E-03
-776.5	  1.4159705E-03
-641.5	  3.2246930E-03
-638.5	 -2.1147586E-03
-551.5	  8.4553938E-03
-549.5	 -4.9465192E-03
-513.5	  3.9487737E-03
-510.5	 -4.0246747E-03
-409.5	  6.0530826E-03
-406.5	 -3.1014443E-03
-277.5	  3.3649115E-03
-272.5	 -1.3741296E-03
-189.5	  7.1847299E-03
-183.5	 -1.3671168E-03
-73.5	  4.5856822E-02
-55.5	 -9.4136421E-04
-11.5	  0.4872703    
-10.5	  0.4587685    
15.5	 -3.3116813E-03
27.5	  0.1304916    
88.5	 -4.9080988E-03
92.5	  1.9260291E-02
107.5	 -3.3528560E-03
112.5	  6.0238573E-03
304.5	 -4.5320713E-03
308.5	  9.2752045E-03
371.5	 -1.0792927E-03
376.5	  3.8747927E-03
617.5	 -9.2651782E-04
621.5	  3.1105308E-03
653.5	 -3.5765863E-03
655.5	  4.2713494E-03
705.5	 -2.0976053E-03
707.5	  3.4261814E-03
839.5	 -1.5162149E-03
842.5	  2.9062538E-03
887.5	 -3.3207885E-03
888.5	  3.8496039E-03
