-968.5	  2.5780844E-03
-965.5	 -2.3011651E-03
-898.5	  3.7731885E-03
-896.5	 -5.3664474E-03
-513.5	  5.3037656E-03
-508.5	 -2.6416397E-03
-442.5	  1.1072070E-02
-440.5	 -7.4526113E-03
-223.5	  5.5268221E-03
-217.5	 -9.7063725E-04
-177.5	  9.7765895E-03
-171.5	 -1.3936779E-03
-108.5	  2.0952530E-02
-100.5	 -7.6739298E-04
-13.5	  0.3534615    
1.5	 -6.3911118E-02
2.5	 -6.3911118E-02
14.5	  0.1882331    
15.5	  0.1882331    
38.5	 -0.4431290    
39.5	 -0.6385036    
40.5	  0.4828623    
41.5	  0.4828623    
328.5	 -1.0516241E-03
333.5	  3.6213142E-03
369.5	 -1.9579106E-03
374.5	  3.2885044E-03
523.5	 -1.9265882E-03
528.5	  3.5108533E-03
742.5	 -1.2764323E-03
745.5	  2.7259127E-03
1141.5	 -7.5577194E-04
1145.5	  1.5016416E-03
