-1150.5	  1.7762339E-03
-1147.5	 -1.5554969E-03
-1052.5	  1.2673169E-03
-1048.5	 -7.4272847E-04
-815.5	  6.9538229E-03
-814.5	 -6.5717385E-03
-657.5	  4.5601502E-03
-655.5	 -6.1192778E-03
-599.5	  8.0766808E-03
-598.5	 -1.2758058E-02
-528.5	  6.1117131E-03
-526.5	 -5.4073678E-03
-453.5	  3.9214748E-03
-449.5	 -2.7530268E-03
-387.5	  4.6610367E-03
-383.5	 -3.6363991E-03
-376.5	  8.2089268E-03
-375.5	 -3.4795965E-03
-295.5	  4.2126593E-03
-290.5	 -2.3786365E-03
-82.5	  1.7648593E-02
-74.5	 -8.4430457E-04
-60.5	  1.1478863E-02
-54.5	 -3.7168378E-03
-44.5	  2.8266210E-02
-36.5	 -5.4699760E-03
-22.5	  8.2831137E-02
-13.5	 -3.8667955E-03
-7.5	  4.2144740E-03
-1.5	 -1.4056232E-03
8.5	  0.1067521    
24.5	 -4.8341792E-02
34.5	  0.1602191    
63.5	 -1.3441751E-03
70.5	  1.2078747E-02
77.5	 -7.0474274E-02
81.5	  0.1028293    
208.5	 -1.3173171E-02
209.5	  5.3630468E-02
230.5	 -3.6838560E-03
234.5	  5.9253154E-03
263.5	 -3.3241089E-03
266.5	  1.1088852E-02
281.5	 -2.8140815E-03
285.5	  5.9153973E-03
311.5	 -1.2668744E-03
317.5	  4.9626213E-03
402.5	 -2.8455332E-03
407.5	  3.8581351E-03
627.5	 -9.2737246E-03
628.5	  8.6413138E-03
941.5	 -1.1877174E-03
944.5	  2.2920903E-03
