-1022.5	  2.8902816E-03
-1020.5	 -3.0495680E-03
-978.5	  1.3029557E-02
-753.5	  3.0529834E-03
-750.5	 -2.6623784E-03
-510.5	  3.8735883E-03
-506.5	 -1.5375492E-03
-483.5	  3.4194556E-03
-479.5	 -1.8159900E-03
-285.5	  6.4556599E-03
-280.5	 -1.3540572E-03
-259.5	  4.5365449E-03
-254.5	 -2.6670902E-03
-122.5	  8.8559650E-03
-116.5	 -2.3962366E-03
-112.5	  2.5359765E-03
-106.5	 -9.1209053E-04
-99.5	  9.7554000E-03
-93.5	 -2.9845263E-03
-90.5	  4.2721312E-03
-87.5	 -2.1255175E-03
0.5	  0.9977690    
1.5	  0.9453035    
154.5	 -1.3232812E-03
159.5	  4.9619735E-03
169.5	 -2.4307452E-03
175.5	  9.5657799E-03
371.5	 -1.4750006E-03
375.5	  3.7385190E-03
462.5	 -1.3439714E-03
466.5	  3.6261939E-03
562.5	 -1.4828244E-03
567.5	  2.8540809E-03
639.5	 -2.7730556E-03
642.5	  3.1170759E-03
941.5	 -4.0756464E-03
942.5	  2.7013151E-03
1094.5	 -1.9424732E-03
1096.5	  3.8652341E-03
