-1083.5	  5.5230218E-03
-1082.5	 -8.8136625E-03
-803.5	  4.3234616E-03
-801.5	 -3.9877910E-03
-720.5	  3.5970085E-03
-717.5	 -3.5164864E-03
-623.5	  3.7226817E-03
-620.5	 -3.7078676E-03
-500.5	  3.5804845E-03
-497.5	 -2.3841190E-03
-426.5	  5.5404701E-03
-423.5	 -4.1752653E-03
-226.5	  6.3519226E-03
-222.5	 -3.5774489E-03
-191.5	  1.9802267E-02
-188.5	 -4.7324589E-03
-60.5	  1.4418854E-02
-52.5	 -3.3629618E-03
-7.5	  0.6040300    
-6.5	  0.5811474    
22.5	 -1.4384245E-02
31.5	  6.7759037E-02
47.5	 -9.8625128E-04
55.5	  1.5965108E-02
113.5	 -3.3929446E-03
119.5	  2.9508173E-02
144.5	 -2.6034184E-03
150.5	  6.1803102E-03
168.5	 -4.9936362E-03
171.5	  1.5589140E-02
192.5	 -3.8814377E-03
196.5	  6.1703031E-03
233.5	 -9.8015051E-03
235.5	  1.4040380E-02
256.5	 -3.8492007E-03
260.5	  6.2132422E-03
406.5	 -1.7875504E-03
410.5	  4.4705053E-03
535.5	 -5.9626317E-03
537.5	  5.2171699E-03
594.5	 -1.5401032E-03
597.5	  3.0920079E-03
683.5	 -1.3913072E-03
686.5	  2.8305121E-03
698.5	 -4.3895179E-03
701.5	  3.6268386E-03
961.5	 -2.6068897E-03
963.5	  3.4427398E-03
1119.5	 -3.3243245E-03
1120.5	  7.9936460E-03
