-1777.5	  2.1329734E-03
-1774.5	 -2.4192024E-03
-992.5	  1.9322345E-03
-989.5	 -1.4045377E-03
-984.5	  1.9544298E-03
-982.5	 -1.4237310E-03
-893.5	  5.7668905E-03
-892.5	 -7.1195657E-03
-825.5	  3.1564105E-03
-823.5	 -1.7478310E-03
-660.5	  3.4588547E-03
-657.5	 -3.1447555E-03
-573.5	  3.6751330E-03
-570.5	 -2.8629783E-03
-517.5	  4.2854445E-03
-515.5	 -1.8435585E-03
-419.5	  1.1589414E-02
-418.5	 -0.2225603    
-374.5	  2.8492068E-03
-370.5	 -1.4855327E-03
-304.5	  5.6627830E-03
-300.5	 -3.0108858E-03
-268.5	  1.4374905E-02
-266.5	 -7.8928452E-03
-188.5	  1.7990597E-02
-183.5	 -6.3348794E-03
-6.5	  0.9451883    
-5.5	   1.024032    
22.5	 -4.4712056E-03
25.5	  6.7761615E-03
29.5	 -2.9147943E-03
36.5	  1.6744697E-02
181.5	 -7.4638287E-03
182.5	  5.8644142E-02
188.5	 -3.7833094E-03
193.5	  8.2392814E-03
256.5	 -1.6656364E-03
261.5	  6.2782103E-03
274.5	 -6.2965592E-03
276.5	  1.1042128E-02
286.5	 -2.9249601E-03
290.5	  4.6356339E-03
358.5	 -1.8453609E-02
359.5	  1.6834561E-02
372.5	 -1.2594500E-03
376.5	  3.0996143E-03
486.5	 -3.1437487E-03
489.5	  4.5985682E-03
583.5	 -1.4082269E-03
587.5	  3.1346246E-03
700.5	 -4.5692101E-03
703.5	  4.5035165E-03
881.5	 -2.4268478E-03
885.5	  2.7378856E-03
