-1659.5	  1.3106784E-03
-1656.5	 -7.4785930E-04
-643.5	  4.5431983E-03
-640.5	 -3.5589971E-03
-573.5	  2.1641774E-03
-568.5	 -1.3392027E-03
-468.5	  5.4289498E-03
-466.5	 -5.8788196E-03
-446.5	  1.4393899E-02
-445.5	 -3.6173104E-03
-403.5	  4.4642747E-03
-399.5	 -3.7070254E-03
-256.5	  7.4592549E-03
-252.5	 -2.8679857E-03
-225.5	  4.8189638E-03
-220.5	 -2.9522083E-03
-173.5	  1.5995814E-02
-170.5	 -7.0717502E-03
-50.5	  3.0427177E-02
-42.5	 -1.8729699E-03
-26.5	  1.5709819E-02
-18.5	 -2.8394952E-03
-13.5	  9.8803071E-03
-8.5	 -3.1253647E-03
13.5	  0.3647135    
14.5	  0.3798307    
41.5	 -1.8179752E-03
51.5	  6.6455744E-02
73.5	 -3.4552338E-03
80.5	  1.4968270E-02
229.5	 -1.7851400E-03
234.5	  7.5134318E-03
274.5	 -6.3853138E-03
277.5	  1.1401659E-02
286.5	 -1.0555569E-03
292.5	  3.8985722E-03
485.5	 -2.3676341E-03
490.5	  3.5618730E-03
601.5	 -1.0673616E-03
605.5	  2.4436465E-03
944.5	 -6.3350559E-03
945.5	  5.5122520E-03
1538.5	 -2.4813053E-03
1539.5	  1.9433395E-03
