-1522.5	  2.0851733E-03
-1520.5	 -1.0757676E-03
-1046.5	  3.6500483E-03
-1045.5	 -1.7843327E-03
-897.5	  2.2579704E-03
-893.5	 -1.6704417E-03
-801.5	  3.9501297E-03
-799.5	 -2.6968110E-03
-598.5	  2.1131246E-03
-593.5	 -7.4375980E-04
-475.5	  6.1442503E-03
-472.5	 -4.4634780E-03
-455.5	  3.5376707E-03
-451.5	 -1.6027729E-03
-284.5	  8.7841386E-03
-279.5	 -3.5875854E-03
-61.5	  1.2564037E-02
-53.5	 -1.8392142E-03
-9.5	  0.3930148    
10.5	 -6.5561704E-02
23.5	  0.2534850    
53.5	 -4.1024159E-03
55.5	  3.4963840E-03
62.5	 -1.6547730E-03
73.5	  1.0607469E-02
152.5	 -1.7356527E-03
157.5	  7.3710526E-03
291.5	 -2.0222326E-03
296.5	  4.7692303E-03
398.5	 -1.2556667E-03
403.5	  3.3930878E-03
506.5	 -1.1103846E-03
510.5	  2.5734503E-03
733.5	 -2.2391938E-03
735.5	  4.5180516E-03
891.5	 -1.3148906E-03
894.5	  2.4769576E-03
