-1379.5	  3.2870807E-03
-1378.5	 -1.3513468E-02
-673.5	  2.6274587E-03
-669.5	 -1.4520508E-03
-566.5	  5.4888008E-03
-564.5	 -5.0559384E-03
-498.5	  3.5280546E-03
-489.5	 -2.0011333E-03
-443.5	  5.7065631E-03
-440.5	 -5.1066177E-03
-110.5	  2.9843785E-02
-103.5	 -1.2081034E-03
-62.5	  7.5452581E-02
-53.5	 -8.2125645E-03
-42.5	  8.2243504E-03
-36.5	 -3.3522057E-03
-31.5	  8.9900857E-03
-28.5	 -4.9723582E-03
2.5	  0.9574723    
145.5	 -2.7204070E-03
150.5	  1.0556715E-02
212.5	 -6.5265121E-03
214.5	  1.3670558E-02
232.5	 -3.2180890E-03
238.5	  8.2052182E-03
286.5	 -3.6562872E-03
290.5	  5.8234716E-03
524.5	 -6.0921558E-03
526.5	  5.2581397E-03
554.5	 -5.7160878E-03
556.5	  4.5164400E-03
562.5	 -4.0297667E-03
564.5	  5.4563424E-03
595.5	 -3.5883868E-03
598.5	  3.9895992E-03
711.5	 -3.8132688E-03
713.5	  4.9612732E-03
939.5	 -2.5386829E-03
941.5	  2.8358158E-03
