-1579.5	  2.3460563E-03
-1578.5	 -2.9782593E-02
-952.5	  8.0513116E-03
-951.5	 -3.3296859E-03
-903.5	  4.9633021E-03
-901.5	 -2.5284216E-03
-879.5	  2.3819604E-03
-877.5	 -1.0230102E-03
-793.5	  2.9541394E-03
-790.5	 -1.9597616E-03
-765.5	  5.2465401E-03
-764.5	 -3.3851098E-03
-681.5	  4.5295730E-03
-679.5	 -2.3284105E-03
-544.5	  3.6350759E-03
-541.5	 -2.4786235E-03
-483.5	  4.1497201E-03
-478.5	 -3.1554394E-03
-359.5	  4.3442710E-03
-354.5	 -1.6765880E-03
-337.5	  5.0745853E-03
-333.5	 -3.1968756E-03
-160.5	  1.1089054E-02
-154.5	 -1.6501151E-03
-89.5	  3.5299234E-02
-81.5	 -3.7184812E-03
-30.5	  0.1567262    
-18.5	 -5.6931903E-03
4.5	  0.5090858    
45.5	 -1.3023826E-02
54.5	  7.9739131E-02
101.5	 -1.1174709E-03
108.5	  2.4932131E-02
169.5	 -2.8052682E-02
172.5	  3.9328836E-02
252.5	 -2.6566626E-03
257.5	  4.3352121E-03
426.5	 -1.5583821E-03
430.5	  4.0089907E-03
477.5	 -2.4747406E-03
480.5	  3.3662997E-03
632.5	 -1.3046979E-03
637.5	  2.6880167E-03
759.5	 -1.5698045E-03
763.5	  3.7171009E-03
822.5	 -2.1212092E-03
825.5	  2.5755791E-03
1071.5	 -1.1891078E-03
1355.5	 -1.9823734E-03
1358.5	  1.7057188E-03
