-1232.5	  2.3594797E-03
-1229.5	 -1.3538195E-03
-673.5	  3.1813455E-03
-670.5	 -2.4966521E-03
-561.5	  3.1927931E-03
-557.5	 -2.6306813E-03
-477.5	  3.5678633E-03
-473.5	 -1.3794428E-03
-409.5	  3.6071681E-03
-405.5	 -2.4261235E-03
-221.5	  6.9697085E-03
-215.5	 -1.0313967E-03
-11.5	  0.3898075    
0.5	 -6.6527631E-03
1.5	  2.1197468E-02
12.5	  0.1195955    
13.5	  0.1711087    
163.5	 -1.1979949E-03
170.5	  6.9254437E-03
210.5	 -2.5633131E-03
215.5	  1.0130521E-02
340.5	 -1.9431109E-02
341.5	  1.9823687E-02
526.5	 -1.5335459E-03
530.5	  8.0810636E-03
699.5	 -4.9896576E-03
700.5	  3.8686364E-03
868.5	 -1.7531875E-03
872.5	  2.2424944E-03
