-939.5	  2.4416626E-03
-935.5	 -1.5166933E-03
-857.5	  2.2187615E-03
-853.5	 -8.7976624E-04
-571.5	  2.6038671E-03
-567.5	 -1.1279061E-03
-558.5	  3.7045798E-03
-555.5	 -4.1612186E-03
-421.5	  2.7872659E-03
-416.5	 -1.0848630E-03
-308.5	  9.7896168E-03
-305.5	 -6.2487130E-03
-107.5	  1.2812091E-02
-101.5	 -3.4587698E-03
-96.5	  9.0539539E-03
-93.5	 -5.7842974E-03
-47.5	  8.7731048E-02
-37.5	 -9.8785537E-04
0.5	  0.7115090    
1.5	  0.7331633    
70.5	 -2.3863623E-03
81.5	  7.3418833E-02
108.5	 -2.5255561E-03
114.5	  7.9620108E-03
215.5	 -9.4977819E-04
221.5	  5.9303744E-03
410.5	 -2.7930294E-03
414.5	  4.4357064E-03
488.5	 -1.6167152E-03
492.5	  3.2208539E-03
593.5	 -1.4922980E-02
594.5	 -1.4922980E-02
595.5	  8.7513141E-03
657.5	 -2.3885581E-03
660.5	  2.9654633E-03
771.5	 -2.0660677E-03
774.5	  3.1133587E-03
976.5	 -8.3844567E-04
980.5	  1.4851611E-03
