-1346.5	  2.5952696E-03
-1345.5	 -2.0562559E-02
-1022.5	  4.9134977E-03
-1019.5	 -2.5172106E-03
-938.5	  2.3532405E-03
-936.5	 -2.3351978E-03
-711.5	  2.8743667E-03
-708.5	 -2.0855046E-03
-652.5	  4.2358069E-03
-650.5	 -4.1175056E-03
-624.5	  2.7977589E-03
-621.5	 -1.1377279E-03
-548.5	  3.6505407E-03
-544.5	 -2.3637633E-03
-505.5	  3.8222999E-03
-501.5	 -1.4094668E-03
-407.5	  4.2785197E-03
-403.5	 -1.1653247E-03
-274.5	  6.2547261E-03
-269.5	 -2.8301072E-03
-244.5	  1.4625437E-02
-242.5	 -7.2034425E-03
-116.5	  7.1664960E-03
-110.5	 -3.3600016E-03
-102.5	  1.4843215E-02
-98.5	 -4.6257763E-03
-71.5	  0.1255037    
-68.5	 -9.9334292E-02
-45.5	  1.9709673E-02
-38.5	 -1.1382735E-03
-2.5	  0.6812181    
-1.5	  0.6767871    
172.5	 -1.7911039E-03
180.5	  1.6451022E-02
404.5	 -3.3225743E-03
409.5	  3.9451653E-03
448.5	 -1.3546792E-03
452.5	  3.1860557E-03
525.5	 -1.9148706E-03
530.5	  3.1308385E-03
