-1452.5	  2.8614921E-03
-1451.5	 -4.9520810E-03
-1070.5	  1.4254646E-03
-1066.5	 -9.1964554E-04
-881.5	  3.1276927E-03
-879.5	 -3.2491123E-03
-834.5	  4.8766406E-03
-832.5	 -4.1207247E-03
-557.5	  3.5677080E-03
-550.5	 -1.6452046E-03
-407.5	  3.6124550E-03
-403.5	 -1.4305207E-03
-333.5	  6.7683179E-03
-328.5	 -2.3424989E-03
-264.5	  4.7750250E-03
-257.5	 -8.8551445E-03
-172.5	  6.1139232E-03
-166.5	 -2.4735583E-03
-151.5	  1.1734641E-02
-148.5	 -4.4542560E-03
7.5	  0.8101256    
8.5	  0.7646428    
98.5	 -4.8066545E-03
102.5	  9.4427709E-03
112.5	 -1.6227694E-03
119.5	  9.7486470E-03
223.5	 -1.4322029E-03
227.5	  3.6522318E-03
232.5	 -1.3824097E-03
238.5	  4.0978282E-03
313.5	 -6.4702476E-03
315.5	  1.4755920E-02
420.5	 -2.5463325E-03
423.5	  3.6646749E-03
429.5	 -3.1538503E-03
432.5	  4.7268625E-03
526.5	 -3.6344118E-02
528.5	  6.7601185E-03
849.5	 -3.4150409E-03
851.5	  3.7092664E-03
903.5	 -1.6730474E-03
905.5	  4.2220862E-03
1728.5	 -3.5038732E-03
1729.5	  2.6376389E-03
