-1007.5	  2.6584007E-03
-1004.5	 -2.2834460E-03
-932.5	  3.8989638E-03
-931.5	 -1.0769906E-02
-542.5	  3.0449932E-03
-539.5	 -2.2893962E-03
-512.5	  5.5834660E-03
-510.5	 -2.8341589E-03
-468.5	  4.5128833E-03
-465.5	 -3.1614597E-03
-347.5	  3.5554983E-03
-343.5	 -1.4588271E-03
-200.5	  7.1688355E-03
-195.5	 -1.5958471E-03
-98.5	  9.6127950E-03
-92.5	 -2.5274651E-03
-64.5	  4.3940246E-02
-57.5	 -2.9308980E-03
-10.5	   1.166186    
-9.5	   1.444160    
-1.5	  -2.023585    
-0.5	  -1.759497    
0.5	  -2.081830    
7.5	   1.528643    
8.5	   1.474617    
9.5	   1.096433    
120.5	 -8.9085698E-03
121.5	  1.0120727E-02
128.5	 -3.6929979E-03
134.5	  2.6876288E-02
147.5	 -3.2449914E-03
153.5	  7.4595739E-03
169.5	 -2.8041790E-03
174.5	  6.3363537E-03
210.5	 -2.4307221E-03
217.5	  6.5981881E-03
327.5	 -7.7689294E-04
332.5	  2.3858077E-03
336.5	 -3.2291608E-03
340.5	  4.5834896E-03
512.5	 -3.1581982E-03
517.5	  3.3683947E-03
714.5	 -1.9986553E-03
718.5	  2.7855686E-03
919.5	 -2.2719142E-03
920.5	  3.3956219E-03
1028.5	 -2.4798361E-03
1029.5	  1.9427543E-03
1501.5	 -1.2455224E-03
1504.5	  1.3605229E-03
