-1014.5	  6.5675126E-03
-1013.5	 -6.9902148E-03
-944.5	  2.8337422E-03
-942.5	 -1.8269704E-03
-624.5	  2.6222370E-03
-621.5	 -1.0541709E-03
-549.5	  3.7601509E-03
-546.5	 -3.1269921E-03
-330.5	  4.0692785E-03
-325.5	 -2.1326735E-03
-254.5	  4.9608466E-03
-249.5	 -2.8946649E-03
-245.5	  7.3514893E-03
-244.5	 -1.8429697E-02
-113.5	  3.2624971E-02
-107.5	 -1.2204168E-02
-100.5	  6.4557921E-03
-95.5	 -1.8004942E-03
-55.5	  1.5490874E-02
-48.5	 -1.8788662E-03
-40.5	  1.2429484E-02
-36.5	 -4.3576043E-03
-10.5	  8.7295197E-02
-1.5	 -4.0867883E-03
2.5	  8.5333148E-03
6.5	 -4.1301730E-03
14.5	  2.7842779E-02
32.5	 -1.2052248E-03
41.5	  4.6318077E-02
70.5	 -1.3969892E-02
78.5	  5.3573646E-02
267.5	 -2.9996668E-03
271.5	  4.8262095E-03
462.5	 -3.1718276E-03
465.5	  4.6903398E-03
792.5	 -1.3343237E-03
796.5	  2.2662971E-03
1027.5	 -2.5595149E-03
