-958.5	  7.3320661E-03
-956.5	 -3.0019882E-03
-934.5	  1.6909975E-03
-930.5	 -9.1388181E-04
-806.5	  3.4491194E-03
-804.5	 -4.7617606E-03
-574.5	  2.6234807E-03
-570.5	 -1.0425793E-03
-402.5	  3.4489438E-03
-397.5	 -2.2620035E-03
-263.5	  5.9371460E-03
-258.5	 -2.4695899E-03
-238.5	  1.3508745E-02
-235.5	 -4.7272975E-03
-95.5	  1.7562514E-02
-87.5	 -2.1285884E-02
-20.5	  0.2405944    
-5.5	 -9.3949301E-04
15.5	  0.4498998    
89.5	 -3.2346614E-03
93.5	  1.0265226E-02
99.5	 -3.1286569E-03
106.5	  1.1684112E-02
139.5	 -3.2818541E-03
145.5	  1.0425993E-02
344.5	 -1.3822363E-03
349.5	  3.3950519E-03
376.5	 -2.6375507E-03
381.5	  4.5169629E-03
539.5	 -1.0383889E-03
544.5	  2.9986061E-03
641.5	 -4.0319208E-03
644.5	  4.1773007E-03
722.5	 -2.0277649E-03
725.5	  3.4914576E-03
737.5	 -2.9118496E-03
739.5	  4.3862183E-03
1014.5	 -1.1288604E-03
1017.5	  2.0842063E-03
