-1313.5	  2.4160859E-03
-1311.5	 -2.2314400E-03
-1063.5	  5.3321877E-03
-1062.5	 -4.0082317E-03
-975.5	  4.2428095E-03
-974.5	 -2.3698302E-03
-858.5	  2.6060797E-03
-855.5	 -1.3940483E-03
-662.5	  2.8332344E-03
-657.5	 -1.1643601E-03
-527.5	  3.2861477E-03
-523.5	 -3.8493851E-03
-334.5	  5.0530410E-03
-330.5	 -3.1338106E-03
-225.5	  1.3489414E-02
-216.5	 -1.2083267E-03
-168.5	  9.5785586E-03
-162.5	 -1.2071657E-03
-82.5	  6.4337015E-02
-77.5	 -2.7988274E-02
-8.5	  0.5961154    
-7.5	  0.5569758    
13.5	 -1.0399724E-03
24.5	  0.2505620    
63.5	 -5.7863910E-03
69.5	  3.9782055E-02
89.5	 -4.1292235E-03
95.5	  1.2072082E-02
153.5	 -8.3287405E-03
157.5	  1.7856946E-02
189.5	 -5.5486090E-03
192.5	  1.3451870E-02
239.5	 -2.3731871E-03
244.5	  5.6375302E-03
276.5	 -1.5143129E-03
281.5	  6.2395153E-03
406.5	 -2.5958272E-03
410.5	  4.7715264E-03
560.5	 -1.4307811E-03
564.5	  3.5139781E-03
694.5	 -1.1972478E-02
695.5	  6.5498590E-03
1022.5	 -2.8773542E-03
1023.5	  1.2836584E-02
1201.5	 -1.9601705E-03
1204.5	  2.6610482E-03
1588.5	 -3.0553208E-03
1589.5	  6.5489579E-03
