-976.5	  2.8167036E-03
-974.5	 -3.6035464E-03
-682.5	  2.2844013E-03
-678.5	 -1.2004351E-03
-592.5	  4.4548060E-03
-590.5	 -5.4431893E-03
-524.5	  2.6666031E-03
-520.5	 -1.0653073E-03
-511.5	  3.6168105E-03
-508.5	 -2.8214827E-03
-341.5	  4.8839231E-03
-337.5	 -1.8986872E-03
-308.5	  1.4714942E-02
-306.5	 -1.7651102E-02
-166.5	  1.0046936E-02
-160.5	 -1.2314043E-03
-86.5	  7.0990637E-02
-79.5	 -3.0057201E-02
-68.5	  7.1687913E-03
-62.5	 -2.9263266E-03
-55.5	  1.3938563E-02
-50.5	 -3.0186232E-03
-16.5	  0.2969272    
-1.5	 -2.6312848E-03
11.5	  0.1876102    
61.5	 -2.1493414E-03
68.5	  1.0675897E-02
167.5	 -3.9661368E-03
170.5	  1.1728257E-02
179.5	 -1.3661211E-03
185.5	  5.6199739E-03
193.5	 -3.0762965E-03
199.5	  7.3911487E-03
253.5	 -4.7221635E-03
255.5	  1.7452810E-02
273.5	 -3.7379919E-03
278.5	  6.0334248E-03
457.5	 -1.2602695E-03
462.5	  3.1062164E-03
494.5	 -3.5949755E-03
497.5	  4.8666815E-03
657.5	 -8.5754246E-03
658.5	  9.2938086E-03
680.5	 -2.4983683E-03
682.5	  3.4282217E-03
822.5	 -3.5560492E-03
824.5	  4.0498441E-03
989.5	 -9.7664259E-03
990.5	  5.3933556E-03
