-723.5	  2.5525347E-03
-718.5	 -2.6201522E-03
-481.5	  5.2806675E-03
-479.5	 -5.2849771E-03
-404.5	  4.2787450E-03
-400.5	 -3.8437175E-03
-368.5	  4.0696431E-03
-363.5	 -1.7920589E-03
-358.5	  2.6904568E-03
-354.5	 -3.7354880E-03
-143.5	  6.6351355E-03
-138.5	 -2.9283687E-03
-116.5	  2.7888797E-02
-111.5	 -4.1836216E-03
-93.5	  2.3954827E-02
-86.5	 -5.2873031E-03
-79.5	  6.4643556E-03
-73.5	 -1.2079560E-03
-32.5	  3.1432465E-02
-24.5	 -5.0187958E-03
-22.5	  8.2631074E-03
-21.5	 -2.0369798E-02
-11.5	  7.9160459E-02
1.5	 -5.2741361E-03
16.5	  0.2919146    
207.5	 -2.8489057E-03
212.5	  5.4563787E-03
278.5	 -2.2169589E-03
282.5	  5.7803383E-03
339.5	 -2.5674617E-03
343.5	  4.1255169E-03
428.5	 -3.7289143E-03
432.5	  4.1704550E-03
513.5	 -5.1838909E-03
515.5	  5.9042294E-03
538.5	 -3.1234892E-03
541.5	  4.4530360E-03
662.5	 -4.4576880E-03
665.5	  4.2349375E-03
1407.5	 -8.3068339E-04
1411.5	  1.5000853E-03
