-1049.5	  9.0264911E-03
-714.5	  3.0817429E-03
-711.5	 -1.6364389E-03
-490.5	  3.8603898E-03
-485.5	 -1.8070068E-03
-481.5	  3.9246869E-03
-480.5	 -1.1112920E-02
-199.5	  4.5958469E-03
-192.5	 -5.4317266E-03
-133.5	  6.6151740E-03
-127.5	 -3.3658743E-03
-99.5	  2.9433640E-02
-94.5	 -4.5962306E-03
-45.5	  0.1150123    
-36.5	 -2.3047488E-02
1.5	  0.7826964    
2.5	  0.8273911    
46.5	 -3.7847760E-03
53.5	  5.5947110E-02
70.5	 -3.0638133E-03
76.5	  9.1873165E-03
218.5	 -1.6871213E-03
228.5	  4.4855694E-03
330.5	 -3.3374887E-03
334.5	  5.4218573E-03
421.5	 -1.2207654E-03
426.5	  3.4009560E-03
552.5	 -4.2539048E-03
554.5	  4.2647207E-03
603.5	 -6.9392500E-03
606.5	  4.3758149E-03
1018.5	 -4.0533547E-03
1019.5	  5.0088442E-03
