-1370.5	  1.4865733E-03
-1367.5	 -7.5156323E-04
-1149.5	  3.4084464E-03
-1147.5	 -2.0215141E-03
-824.5	  5.9147584E-03
-822.5	 -4.6354504E-03
-641.5	  2.9309818E-03
-637.5	 -1.4771016E-03
-569.5	  5.8250534E-03
-567.5	 -3.6478571E-03
-531.5	  4.2341868E-03
-528.5	 -2.6110108E-03
-277.5	  6.3138092E-03
-272.5	 -1.3773188E-03
-221.5	  8.7442277E-03
-215.5	 -1.0731672E-03
-91.5	  1.6988888E-02
-79.5	 -3.7643944E-03
-62.5	  9.4892792E-03
-59.5	 -5.2850931E-03
-1.5	 -0.3577971    
-0.5	  -2.679154    
0.5	  -2.506298    
1.5	  0.3912854    
106.5	 -3.9654151E-03
113.5	  2.3301989E-02
128.5	 -7.0905953E-04
134.5	  6.1075804E-03
174.5	 -4.4802632E-03
180.5	  5.7534389E-03
274.5	 -1.1355818E-03
279.5	  3.4595530E-03
490.5	 -3.0763175E-03
493.5	  6.4021205E-03
536.5	 -3.0599292E-03
540.5	  3.4389051E-03
763.5	 -2.1045688E-03
765.5	  3.3319760E-03
969.5	 -5.1858211E-03
970.5	  1.0034075E-02
992.5	 -4.2816838E-03
993.5	  3.2599784E-02
