-1233.5	  2.1979625E-03
-1231.5	 -2.9130839E-03
-1190.5	  2.3985140E-03
-1188.5	 -2.0430486E-03
-890.5	  1.4066311E-03
-886.5	 -9.0791204E-04
-834.5	  2.9089462E-03
-831.5	 -1.7715190E-03
-742.5	  3.8346495E-03
-740.5	 -3.6251219E-03
-635.5	  2.6259790E-03
-631.5	 -1.3498336E-03
-554.5	  9.8311119E-03
-552.5	 -7.9068318E-03
-526.5	  3.2508548E-03
-522.5	 -1.3282637E-03
-457.5	  3.3517617E-03
-453.5	 -1.2950026E-03
-419.5	  4.2325812E-03
-415.5	 -1.9161855E-03
-360.5	  9.5627764E-03
-357.5	 -4.3826797E-03
-102.5	  9.5451958E-03
-96.5	 -4.9075284E-03
-69.5	  5.4038726E-02
-58.5	 -1.8933581E-03
0.5	  0.9182312    
1.5	  0.9182313    
61.5	 -1.6415308E-03
69.5	  1.2374435E-02
163.5	 -1.0667250E-02
165.5	  9.2150969E-03
173.5	 -5.6892131E-03
176.5	  1.2635306E-02
190.5	 -3.2869764E-03
198.5	  5.9506511E-03
305.5	 -2.0834478E-03
309.5	  4.8716250E-03
310.5	  4.8716250E-03
355.5	 -3.0779890E-03
359.5	  4.5011891E-03
706.5	 -4.6444437E-04
711.5	  1.5287003E-03
796.5	 -3.8317258E-03
799.5	  3.0541967E-03
1297.5	 -2.7177266E-03
1299.5	  2.7914532E-03
1454.5	 -2.1420734E-03
1457.5	  1.7245659E-03
