-914.5	  2.1953108E-03
-912.5	 -1.3403685E-03
-757.5	  3.1715280E-03
-755.5	 -2.4661252E-03
-588.5	  2.9060589E-03
-583.5	 -2.0080595E-03
-431.5	  4.7093318E-03
-427.5	 -1.7892073E-03
-380.5	  3.9551281E-03
-376.5	 -2.5377534E-03
-367.5	  3.3936643E-03
-362.5	 -1.0278410E-03
-250.5	  5.4430682E-03
-244.5	 -1.1619753E-03
-197.5	  2.6338294E-02
-193.5	 -1.4532809E-02
-164.5	  6.6036074E-03
-158.5	 -1.5233471E-03
-9.5	  0.6204181    
16.5	 -3.8892548E-03
29.5	  0.1589414    
107.5	 -4.8468672E-03
110.5	  1.0616955E-02
113.5	 -8.9108953E-03
121.5	  1.0463133E-02
170.5	 -2.0009477E-02
171.5	  2.7027739E-02
184.5	 -2.6001413E-03
190.5	  5.9117107E-03
480.5	 -6.2090331E-03
482.5	  7.5463909E-03
504.5	 -4.2231395E-03
506.5	  8.2517304E-03
606.5	 -2.2393600E-03
609.5	  3.3599650E-03
689.5	 -5.2776332E-03
690.5	  1.9648993E-02
786.5	 -2.0670197E-03
788.5	  3.8816992E-03
851.5	 -1.7249634E-03
853.5	  2.6003968E-03
1016.5	 -9.4762078E-04
1020.5	  1.7619152E-03
1152.5	 -4.6815118E-03
1153.5	  6.4316662E-03
1231.5	 -2.0510827E-03
1232.5	  1.0926018E-02
