-1321.5	  1.8006698E-03
-1318.5	 -1.0121582E-03
-1126.5	  3.4613390E-03
-1125.5	 -6.0738078E-03
-667.5	 -5.6421617E-04
-494.5	  8.0689015E-03
-491.5	 -3.8729161E-03
-334.5	  5.1555899E-03
-330.5	 -3.3546134E-03
-305.5	  8.3159236E-03
-301.5	 -2.1773081E-03
-220.5	  1.1602602E-02
-216.5	 -5.3846915E-03
-132.5	  9.0708528E-03
-125.5	 -3.2819724E-03
-49.5	  7.7198207E-02
-39.5	 -2.6709216E-03
6.5	  0.6041283    
139.5	 -1.3142241E-03
146.5	  5.4450165E-03
278.5	 -2.1388319E-03
281.5	  5.3294054E-03
303.5	 -2.7066516E-03
308.5	  5.0086468E-03
437.5	 -1.3550625E-03
441.5	  3.5709420E-03
485.5	 -3.1339233E-03
488.5	  4.2894217E-03
810.5	 -1.6335868E-03
814.5	  2.3759452E-03
869.5	 -7.0959339E-03
871.5	  6.6092769E-03
1035.5	 -2.4425585E-03
1038.5	  2.7065601E-03
1157.5	 -3.2508192E-03
1158.5	  5.9800684E-03
