-1423.5	  2.6821643E-03
-1421.5	 -1.8387617E-03
-1013.5	  2.4885242E-03
-1011.5	 -1.8896275E-03
-983.5	  2.4376931E-03
-980.5	 -1.8387733E-03
-816.5	  5.8041373E-03
-814.5	 -3.7238325E-03
-696.5	  3.6470583E-03
-693.5	 -1.7909002E-03
-541.5	  2.6798146E-03
-537.5	 -1.6986729E-03
-489.5	  3.1036935E-03
-485.5	 -1.6517275E-03
-415.5	  4.0348545E-03
-411.5	 -2.6262167E-03
-400.5	  7.0746080E-03
-397.5	 -2.5086724E-03
-285.5	  5.5533634E-03
-280.5	 -1.3458277E-03
-223.5	  5.1017008E-03
-219.5	 -1.9303490E-03
-114.5	  2.0486811E-02
-108.5	 -2.3712211E-03
-27.5	  0.1196559    
-17.5	 -9.4888092E-04
5.5	  0.5681556    
6.5	  0.5642651    
188.5	 -2.3143832E-03
193.5	  1.1523518E-02
257.5	 -7.5484050E-04
263.5	  4.4403537E-03
335.5	 -1.1786432E-03
340.5	  4.0928731E-03
517.5	 -1.1765037E-03
521.5	  2.3326685E-03
704.5	 -2.0398507E-03
708.5	  2.7821306E-03
782.5	 -3.6551747E-03
784.5	  3.1705007E-03
956.5	 -5.2592722E-03
959.5	  4.0669842E-03
