-1599.5	  4.6008490E-03
-1598.5	 -2.0384020E-03
-800.5	  4.1292468E-03
-798.5	 -2.1743770E-03
-663.5	  2.8054859E-03
-659.5	 -2.4137280E-03
-569.5	  5.8582826E-03
-567.5	 -5.6040189E-03
-389.5	  4.5754998E-03
-385.5	 -1.8402297E-03
-363.5	  4.0719630E-03
-357.5	 -9.9528115E-03
-356.5	  4.5098606E-03
-352.5	 -1.7309051E-03
-203.5	  5.9084999E-03
-197.5	 -3.6297929E-03
-141.5	  3.2293607E-02
-137.5	 -1.9969966E-02
-127.5	  1.3250710E-02
-122.5	 -4.7693569E-03
-55.5	  4.3815803E-02
-47.5	 -1.4231344E-03
-41.5	  5.2628331E-03
-36.5	 -4.1864095E-03
-2.5	  0.5145810    
20.5	 -4.3624407E-03
31.5	  0.1408010    
179.5	 -3.5030732E-03
183.5	  1.1306359E-02
193.5	 -2.7831097E-03
198.5	  5.9256600E-03
229.5	 -1.3254411E-03
234.5	  7.5670592E-03
278.5	 -5.0629843E-03
281.5	  1.1722215E-02
416.5	 -3.5937198E-03
419.5	  1.1094318E-02
434.5	 -2.8367713E-03
438.5	  4.2979657E-03
566.5	 -2.1970370E-03
569.5	  3.5644760E-03
620.5	 -1.6973693E-03
623.5	  3.1823651E-03
810.5	 -7.9162850E-04
814.5	  2.0293370E-03
