-1028.5	  1.9854442E-03
-1026.5	 -8.8891003E-04
-826.5	  5.1716678E-03
-825.5	 -1.0116652E-02
-666.5	  6.8412609E-02
-665.5	 -2.7852578E-02
-664.5	  1.6519992E-02
-661.5	 -4.0965243E-03
-649.5	  4.0483549E-03
-648.5	 -7.0332931E-03
-504.5	  3.8314192E-03
-501.5	 -3.1549216E-03
-485.5	  3.2771088E-03
-481.5	 -1.5515604E-03
-407.5	  4.3553640E-03
-402.5	 -2.7002546E-03
-348.5	  4.3129637E-03
-343.5	 -3.8766805E-03
-340.5	  4.1238316E-03
-337.5	 -2.4754091E-03
-99.5	  1.0382066E-02
-93.5	 -2.6584542E-03
-86.5	  1.2597496E-02
-80.5	 -5.2764737E-03
0.5	   1.013588    
1.5	  0.9628301    
73.5	 -2.0993047E-03
81.5	  1.8091554E-02
89.5	 -3.3082974E-03
96.5	  1.3218852E-02
244.5	 -5.6167217E-03
246.5	  1.2002086E-02
272.5	 -1.9924156E-03
277.5	  3.5502871E-03
342.5	 -2.4721252E-03
347.5	  3.3981991E-03
753.5	 -4.6113716E-03
754.5	  1.3196600E-02
817.5	 -7.4319760E-03
819.5	  3.6818944E-03
1078.5	 -4.1139447E-03
1079.5	  1.3632747E-02
1200.5	 -1.1846313E-03
1202.5	  2.0885800E-03
