-932.5	  6.4063175E-03
-909.5	  2.0149185E-03
-904.5	 -9.8971149E-04
-766.5	  4.6047047E-03
-764.5	 -5.0472068E-03
-484.5	  3.7557015E-03
-480.5	 -3.3282249E-03
-437.5	  4.0424922E-03
-432.5	 -2.8378621E-03
-335.5	  4.7029727E-03
-330.5	 -2.6031602E-03
-59.5	  2.3765972E-02
-51.5	 -9.8378805E-04
-45.5	  8.6794375E-03
-42.5	 -5.8259359E-03
-35.5	  7.6288250E-03
-30.5	 -9.5748911E-03
2.5	  0.7470773    
3.5	  0.7687868    
59.5	 -1.7124692E-03
67.5	  1.6641410E-02
78.5	 -1.3337336E-03
85.5	  7.4593723E-03
117.5	 -3.5446999E-03
121.5	  5.3366753E-03
124.5	 -4.5739659E-03
131.5	  1.0824053E-02
210.5	 -1.2460217E-03
215.5	  4.6997285E-03
323.5	 -1.5501888E-03
328.5	  4.0199459E-03
497.5	 -5.5084787E-03
498.5	  1.1518819E-02
615.5	 -2.4690584E-03
617.5	  7.3978682E-03
634.5	 -3.2710952E-03
636.5	  4.9694986E-03
654.5	 -3.7839524E-03
656.5	  4.1783424E-03
736.5	 -4.3319436E-03
738.5	  5.0167548E-03
960.5	 -1.0090345E-03
964.5	  2.0738216E-03
1112.5	 -2.7696074E-03
1114.5	  2.7741797E-03
