-1169.5	  9.4074951E-03
-1168.5	 -3.8166975E-03
-1137.5	  3.5420454E-03
-1136.5	 -7.9374455E-02
-840.5	  5.4291748E-03
-839.5	 -1.1688329E-02
-679.5	  1.8979922E-02
-677.5	 -7.5794719E-03
-571.5	  3.7958911E-03
-568.5	 -3.0646042E-03
-531.5	  3.4718218E-03
-526.5	 -6.4825309E-03
-524.5	  5.9499368E-03
-432.5	  3.0141426E-03
-427.5	 -7.8011857E-04
-303.5	  5.6058997E-03
-299.5	 -3.1251858E-03
-174.5	  5.6326697E-03
-168.5	 -2.1051203E-03
-145.5	  5.6142984E-03
-139.5	 -1.3331971E-03
-58.5	  1.4611845E-02
-52.5	 -3.6450911E-03
-24.5	  0.1180829    
-13.5	 -2.2394543E-03
-2.5	  8.5579373E-02
7.5	 -5.0332458E-03
15.5	  6.2027361E-02
125.5	 -4.1907532E-03
129.5	  1.5352381E-02
141.5	 -2.6816216E-03
144.5	  2.3798139E-03
148.5	 -2.0488913E-03
154.5	  8.9596743E-03
270.5	 -2.5991842E-03
274.5	  3.7993258E-03
382.5	 -3.0129522E-03
387.5	  3.8217092E-03
576.5	 -1.3023375E-03
580.5	  2.9552444E-03
768.5	 -7.8813639E-03
770.5	  6.9206138E-03
910.5	 -1.3303184E-03
913.5	  2.3846049E-03
