-1080.5	  2.4202503E-03
-1077.5	 -1.8861286E-03
-926.5	  2.2723591E-03
-923.5	 -1.3236557E-03
-621.5	  2.8794082E-03
-618.5	 -2.4582883E-03
-518.5	  6.1616730E-03
-516.5	 -3.5833421E-03
-459.5	  1.5552708E-02
-457.5	 -9.7590731E-03
-450.5	  3.1724307E-03
-446.5	 -3.0543685E-03
-321.5	  6.1224028E-03
-318.5	 -5.0676917E-03
-180.5	  1.1594359E-02
-169.5	 -1.8290434E-03
-136.5	  6.9541098E-03
-130.5	 -1.9512175E-03
-92.5	  7.6668225E-02
-91.5	  7.6668225E-02
-84.5	 -2.5932420E-02
-1.5	   1.244936    
-0.5	   3.282501    
0.5	   9.041050    
79.5	 -1.6123096E-02
86.5	  4.9952440E-02
107.5	 -7.4712569E-03
110.5	  5.4977797E-03
117.5	 -1.8001088E-03
128.5	  1.8859627E-02
226.5	 -1.4403930E-03
232.5	  7.8520533E-03
275.5	 -2.2355639E-03
281.5	  4.2274613E-03
408.5	 -1.5902504E-03
413.5	  3.4482211E-03
487.5	 -3.9372463E-03
489.5	  5.0567277E-03
513.5	 -3.3565243E-03
516.5	  4.7092373E-03
670.5	 -3.0961859E-03
672.5	  6.5911165E-03
1167.5	 -2.2715626E-03
1168.5	  5.1224842E-03
