-1319.5	  3.4435773E-03
-1101.5	  5.3112861E-03
-1100.5	 -3.8211092E-03
-903.5	  1.0156098E-02
-902.5	 -4.5222142E-03
-767.5	  3.7896291E-03
-765.5	 -2.6652922E-03
-739.5	  2.9433563E-03
-736.5	 -1.9339273E-03
-619.5	  3.8716835E-03
-616.5	 -3.6998596E-03
-493.5	  4.2771166E-03
-490.5	 -3.3455989E-03
-460.5	  3.5376449E-03
-455.5	 -1.0667606E-03
-292.5	  3.8979526E-03
-286.5	 -2.9152941E-03
-224.5	  9.1194166E-03
-218.5	 -2.5653488E-03
-166.5	  6.6443644E-03
-161.5	 -3.5842792E-03
-141.5	  1.3219940E-02
-135.5	 -3.6695735E-03
-85.5	  3.8484570E-02
-79.5	 -4.7037047E-03
-61.5	  3.4802556E-02
-53.5	 -1.5607289E-03
-35.5	  8.5907392E-02
-25.5	 -8.1482437E-03
1.5	  0.5784933    
191.5	 -2.6988722E-03
196.5	  9.6512893E-03
378.5	 -1.0383705E-03
383.5	  2.8873598E-03
398.5	 -1.6876872E-03
403.5	  2.7733052E-03
560.5	 -1.7955967E-03
565.5	  2.7971808E-03
590.5	 -2.9306374E-03
593.5	  3.1191173E-03
601.5	 -1.4810903E-03
604.5	  2.6305623E-03
1190.5	 -1.4419621E-03
1192.5	  2.1191067E-03
1304.5	 -2.1245116E-02
