-1125.5	  9.4294897E-04
-1050.5	  3.1926082E-03
-1048.5	 -4.3119374E-03
-857.5	  2.4760915E-03
-854.5	 -2.2376229E-03
-587.5	  3.2290004E-03
-584.5	 -2.8380726E-03
-548.5	  3.6112734E-03
-544.5	 -1.4607433E-03
-439.5	  4.9055521E-03
-436.5	 -3.7288873E-03
-357.5	  4.7276188E-03
-352.5	 -2.7516508E-03
-349.5	  2.6907255E-03
-345.5	 -1.5357125E-03
-128.5	  7.5597097E-03
-122.5	 -3.9871004E-03
-119.5	  5.7691466E-03
-118.5	 -7.5401119E-03
-65.5	  9.9010579E-03
-58.5	 -2.9146553E-03
-35.5	  0.1277192    
-21.5	 -1.4255068E-03
-0.5	  0.2459875    
9.5	 -3.9377650E-03
12.5	  7.6883221E-03
16.5	 -3.3849226E-03
24.5	  4.8564035E-02
168.5	 -9.4596380E-03
172.5	  1.8499492E-02
189.5	 -5.0354921E-03
191.5	  1.7211543E-02
205.5	 -2.2987330E-03
211.5	  6.1744782E-03
376.5	 -1.3271485E-03
381.5	  4.5932014E-03
445.5	 -1.7074535E-03
450.5	  3.2842960E-03
477.5	 -1.7350219E-03
481.5	  2.8402847E-03
588.5	 -2.0912481E-03
591.5	  3.4763562E-03
774.5	 -2.2248318E-03
777.5	  2.4383217E-03
880.5	 -4.7286572E-03
1095.5	 -1.3732432E-03
1099.5	  2.1242448E-03
