-793.5	  2.7601647E-03
-791.5	 -3.7746213E-03
-626.5	  7.6083904E-03
-624.5	 -6.1754640E-03
-408.5	  3.2902036E-03
-404.5	 -1.3202146E-03
-365.5	  4.0917760E-03
-361.5	 -2.5152413E-03
-287.5	  9.6141268E-03
-283.5	 -4.3574837E-03
-241.5	  2.9425394E-02
-240.5	 -1.1179680E-02
-147.5	  1.6960943E-02
-141.5	 -1.4286042E-03
-136.5	  1.9879981E-03
-132.5	 -3.2572590E-03
-124.5	  1.3533752E-02
-118.5	 -2.0674651E-03
-5.5	  0.9100999    
-4.5	  0.9134446    
41.5	 -1.4750431E-03
51.5	  8.6293802E-02
143.5	 -7.0177116E-03
150.5	  1.8777190E-02
323.5	 -1.6822335E-03
329.5	  3.6546367E-03
404.5	 -3.4364576E-03
407.5	  4.2386856E-03
548.5	 -6.0982057E-03
550.5	  5.2171098E-03
615.5	 -9.3471594E-03
616.5	  7.4395691E-03
742.5	 -1.3637313E-03
745.5	  2.8606488E-03
847.5	 -3.0477345E-03
849.5	  4.5066904E-03
954.5	 -1.1419880E-03
957.5	  2.0475734E-03
