-1285.5	  2.1526890E-03
-1283.5	 -3.0032585E-03
-1051.5	  8.5141771E-03
-1050.5	 -2.3780053E-03
-622.5	  3.5320804E-03
-619.5	 -2.8489949E-03
-606.5	  2.9085747E-03
-602.5	 -1.4451653E-03
-356.5	  5.1524830E-03
-351.5	 -1.1717461E-03
-333.5	  4.1446122E-03
-327.5	 -3.3033325E-03
-303.5	  8.1842821E-03
-300.5	 -3.1407238E-03
-148.5	  1.4736384E-02
-142.5	 -2.4261321E-03
-98.5	  1.7385362E-02
-91.5	 -1.0280608E-03
-81.5	  2.7968781E-02
-74.5	 -9.5621403E-03
-29.5	  0.1005289    
-19.5	 -4.1881003E-03
-2.5	  0.1849273    
13.5	 -7.4245394E-03
25.5	  0.1804882    
26.5	  0.1804882    
165.5	 -3.0399738E-03
168.5	  4.4792537E-03
171.5	 -2.9012978E-03
177.5	  5.8069411E-03
280.5	 -3.0180360E-03
285.5	  5.7778638E-03
346.5	 -1.3435261E-03
352.5	  3.1650523E-03
469.5	 -3.1757797E-03
472.5	  3.8635521E-03
554.5	 -1.9097530E-03
558.5	  3.1426104E-03
645.5	 -5.9895343E-03
647.5	  4.2738523E-03
719.5	 -4.6556778E-03
721.5	  4.6779779E-03
791.5	 -1.6731288E-03
794.5	  3.2628130E-03
874.5	 -1.9457637E-03
878.5	  6.3170880E-02
