-1886.5	  2.5279254E-03
-1885.5	 -2.6006249E-03
-1542.5	  2.0665266E-03
-1540.5	 -1.6420400E-03
-1156.5	  2.8180650E-03
-1154.5	 -2.1572404E-03
-957.5	  1.8098479E-03
-953.5	 -1.1262228E-03
-729.5	  4.3385876E-03
-727.5	 -5.0578392E-03
-722.5	  5.8060419E-03
-721.5	 -6.5990225E-03
-571.5	  3.3016077E-03
-567.5	 -2.5894633E-03
-461.5	  3.0427265E-03
-457.5	 -1.2499001E-03
-388.5	  3.5116589E-03
-383.5	 -2.6274922E-03
-345.5	  3.9486270E-03
-341.5	 -2.5101623E-03
-331.5	  2.2042016E-02
-199.5	  6.0531590E-03
-193.5	 -1.3609321E-03
-176.5	  8.7146191E-03
-170.5	 -3.2060463E-03
-163.5	  9.4663184E-03
-160.5	 -4.8771659E-03
-151.5	  5.9674117E-03
-145.5	 -1.4538928E-03
-55.5	  8.7536804E-02
-46.5	 -1.2800720E-02
3.5	  0.6999916    
4.5	  0.7143822    
95.5	 -1.7162506E-03
99.5	  5.9054210E-03
100.5	 -5.0364574E-03
106.5	  1.4023602E-02
114.5	 -2.7387824E-03
121.5	  1.1568566E-02
231.5	 -1.0698002E-03
237.5	  3.9516692E-03
251.5	 -2.4355045E-03
256.5	  5.3738984E-03
386.5	 -2.8916344E-03
391.5	  3.2558609E-03
423.5	 -1.6172694E-03
428.5	  2.7782863E-03
730.5	 -1.6006889E-03
733.5	  2.9294966E-03
830.5	 -8.4292697E-04
835.5	  1.6148537E-03
908.5	 -1.2131013E-03
911.5	  2.0180303E-03
1063.5	 -2.9636063E-03
1066.5	  2.4915615E-03
1208.5	 -1.2236377E-03
1210.5	  2.3533399E-03
