-635.5	  2.8955028E-03
-630.5	 -9.4011496E-04
-585.5	  3.0288077E-03
-579.5	 -1.7214611E-03
-530.5	  3.8993526E-03
-527.5	 -3.0633826E-03
-352.5	  5.5763377E-03
-347.5	 -1.3563134E-03
-289.5	  3.9113238E-03
-285.5	 -2.6869094E-03
-155.5	  6.8007158E-03
-146.5	 -5.7525015E-03
-79.5	  9.0419918E-02
-74.5	 -5.8782585E-02
-38.5	  0.1186524    
-30.5	 -6.5928936E-02
-13.5	  3.2162067E-02
-6.5	 -3.8946022E-03
-5.5	 -3.8946022E-03
14.5	  0.2270510    
33.5	 -3.7713055E-03
40.5	  1.2840548E-02
157.5	 -5.1909341E-03
162.5	  1.5720213E-02
241.5	 -5.0496520E-03
244.5	  1.2581282E-02
267.5	 -1.2437848E-03
272.5	  5.2801757E-03
344.5	 -1.0068929E-02
346.5	  7.5348136E-03
352.5	 -2.5117062E-03
356.5	  3.5962926E-03
607.5	 -8.0019317E-04
611.5	  2.0721813E-03
617.5	 -5.9330934E-03
620.5	  4.1084979E-03
867.5	 -1.0610177E-03
870.5	  2.3306906E-03
953.5	 -1.5219558E-03
956.5	  2.4048672E-03
1372.5	 -1.2419632E-03
1374.5	  2.1933222E-03
