-1225.5	  1.6610036E-03
-1222.5	 -9.4319897E-04
-833.5	  2.7528924E-03
-831.5	 -2.0931333E-03
-764.5	  2.6885311E-03
-761.5	 -1.9978082E-03
-691.5	  2.9767365E-03
-688.5	 -1.4948545E-03
-538.5	  3.4299500E-03
-534.5	 -2.9318060E-03
-323.5	  5.0662472E-03
-318.5	 -1.1936575E-03
-252.5	  5.1893210E-03
-248.5	 -3.1654960E-03
-220.5	  1.2864605E-02
-216.5	 -3.2647674E-03
-6.5	  0.5760829    
17.5	 -1.1778333E-03
22.5	  2.4040295E-03
27.5	 -1.1234710E-03
35.5	  6.3309968E-02
87.5	 -5.5178064E-03
91.5	  2.0622138E-02
113.5	 -3.9754212E-03
119.5	  1.1452265E-02
283.5	 -4.3975017E-03
288.5	  5.8031753E-03
419.5	 -9.8435138E-04
424.5	  3.4561900E-03
434.5	 -2.8157376E-03
437.5	  4.4582444E-03
476.5	 -3.4330045E-03
479.5	  5.0295098E-03
741.5	 -1.4305691E-03
744.5	  3.1873090E-03
880.5	 -1.0965030E-03
885.5	  2.0285719E-03
1120.5	 -1.0402751E-03
1123.5	  2.0939710E-03
