-1066.5	 -1.0049045E-03
-873.5	  7.5385091E-03
-872.5	 -5.9223529E-03
-832.5	  3.5746230E-03
-830.5	 -4.2189094E-03
-665.5	  2.4998412E-03
-661.5	 -1.2337802E-03
-644.5	  4.2007044E-03
-641.5	 -3.8411908E-03
-571.5	  4.2649298E-03
-568.5	 -2.8647243E-03
-431.5	  5.4825055E-03
-428.5	 -3.8919656E-03
-344.5	  3.6966116E-03
-339.5	 -1.0133552E-03
-199.5	  4.9393405E-03
-193.5	 -2.4283961E-03
-139.5	  2.6195288E-02
-133.5	 -2.7815336E-03
-82.5	  4.8656914E-02
-75.5	 -1.0041898E-02
-2.5	  0.4391022    
40.5	 -3.2828141E-02
48.5	  9.7637132E-02
80.5	 -2.6105468E-03
88.5	  7.7309823E-03
168.5	 -8.5316272E-03
172.5	  2.7756318E-02
242.5	 -1.0190561E-03
247.5	  3.8428709E-03
328.5	 -1.0021864E-03
334.5	  3.2611652E-03
432.5	 -9.3387242E-04
437.5	  2.8618081E-03
563.5	 -2.9051562E-03
566.5	  4.0084561E-03
719.5	 -1.2509361E-03
722.5	  2.5263685E-03
899.5	 -1.1125598E-02
900.5	  6.5238513E-03
1183.5	 -5.4604909E-03
