-895.5	  2.7291356E-03
-893.5	 -1.4409008E-03
-773.5	  2.5639741E-03
-770.5	 -1.2923044E-03
-717.5	  2.6417710E-03
-714.5	 -1.3802046E-03
-438.5	  4.2640781E-03
-434.5	 -2.9888647E-03
-417.5	  2.7601914E-03
-412.5	 -9.4448566E-04
-194.5	  4.9465210E-03
-187.5	 -9.5143763E-04
-177.5	  5.0330725E-03
-172.5	 -3.0518447E-03
-166.5	  8.9769838E-03
-164.5	 -1.0260958E-02
-11.5	  0.5168252    
-10.5	  0.5053047    
9.5	 -0.2412960    
18.5	  0.4422874    
19.5	  0.4367902    
124.5	 -5.7125353E-04
132.5	  1.7404089E-02
149.5	 -2.9741828E-03
155.5	  9.7559346E-03
224.5	 -5.6396592E-03
226.5	  1.3045707E-02
227.5	  1.3045707E-02
244.5	 -2.6129615E-03
249.5	  4.4866581E-03
316.5	 -5.3263768E-03
320.5	  9.0907672E-03
342.5	 -2.9876679E-03
346.5	  5.2122101E-03
424.5	 -4.2562168E-03
427.5	  5.0224666E-03
578.5	 -2.2389488E-03
581.5	  3.6788438E-03
682.5	 -1.3615537E-03
685.5	  2.7903400E-03
