-1338.5	  2.9790283E-03
-1336.5	 -3.1122304E-03
-998.5	  4.8651975E-03
-997.5	 -1.8769067E-03
-975.5	  2.1937983E-03
-972.5	 -2.0033866E-03
-840.5	  4.1411007E-03
-838.5	 -3.7124045E-03
-774.5	  2.7729126E-03
-771.5	 -1.6172591E-03
-725.5	  4.9126581E-03
-723.5	 -3.2362381E-03
-559.5	  6.8189045E-03
-558.5	 -5.1083593E-03
-553.5	  2.7157608E-03
-549.5	 -1.5844917E-03
-515.5	  3.9485744E-03
-512.5	 -3.3515091E-03
-487.5	  4.9301521E-03
-484.5	 -2.9415565E-03
-382.5	  1.1129588E-02
-380.5	 -6.5236646E-03
-197.5	  4.7008502E-03
-192.5	 -2.3005742E-03
-185.5	  3.9990391E-03
-180.5	 -5.3320839E-03
-165.5	  1.4984452E-02
-162.5	 -3.3825352E-03
-104.5	  1.4950952E-02
-97.5	 -2.1045147E-03
-11.5	  0.4660636    
-10.5	  0.4660636    
6.5	 -1.2719020E-03
21.5	  0.3076768    
144.5	 -9.2758453E-03
147.5	  1.1635008E-02
156.5	 -2.6497638E-03
162.5	  6.9515216E-03
181.5	 -3.0979563E-03
186.5	  9.9005476E-03
381.5	 -5.7367105E-03
383.5	  8.8717537E-03
505.5	 -4.6943352E-03
507.5	  4.5072222E-03
659.5	 -2.4196755E-03
662.5	  3.2148480E-03
764.5	 -4.2358837E-03
765.5	  2.1366607E-02
805.5	 -9.9577766E-04
808.5	  1.8685297E-03
