-1393.5	 -9.2375709E-04
-646.5	  3.5907729E-03
-643.5	 -2.3713624E-03
-442.5	  2.8933459E-03
-438.5	 -1.7453575E-03
-386.5	  3.5940968E-03
-382.5	 -1.3680137E-03
-264.5	  5.5951392E-03
-259.5	 -2.8760168E-03
-253.5	  8.4782252E-03
-251.5	 -5.8335443E-03
-173.5	  8.3645592E-03
-167.5	 -4.1758758E-03
-116.5	  3.4701575E-02
-111.5	 -1.4927684E-02
-82.5	  1.1157351E-02
-76.5	 -3.5769206E-03
-64.5	  2.7768739E-02
-58.5	 -4.8557040E-03
-50.5	  2.4988409E-02
-41.5	 -4.1330531E-03
-37.5	  4.2132116E-03
-32.5	 -1.5756257E-03
-12.5	  0.2204610    
2.5	 -2.4111066E-03
18.5	  0.3022683    
158.5	 -7.1446262E-03
160.5	  1.8115636E-02
171.5	 -2.7412642E-03
176.5	  5.1941234E-03
282.5	 -7.2519961E-03
288.5	  3.6632961E-03
578.5	 -6.1051844E-04
584.5	  2.0426526E-03
733.5	 -8.3465787E-04
738.5	  2.3936706E-03
848.5	 -1.1834963E-03
852.5	  2.2723074E-03
930.5	 -2.5713784E-03
932.5	  3.9620874E-03
1073.5	  8.6745229E-03
