-1450.5	  1.7346820E-03
-1448.5	 -1.3569663E-03
-1193.5	  3.2947813E-03
-686.5	  2.8635778E-03
-683.5	 -1.2749496E-03
-658.5	  3.6750399E-03
-655.5	 -3.5240471E-03
-591.5	  3.2875291E-03
-588.5	 -1.7126336E-03
-453.5	  5.0852709E-03
-449.5	 -1.2804001E-03
-384.5	  8.5480073E-03
-382.5	 -5.5361525E-03
-238.5	  6.0633966E-03
-233.5	 -3.1337123E-03
-220.5	  7.5400635E-03
-215.5	 -1.5715850E-03
-182.5	  9.3348566E-03
-176.5	 -1.5083855E-03
-172.5	  3.9330157E-03
-169.5	 -2.5734981E-03
-124.5	  1.1040952E-02
-118.5	 -1.4166323E-03
-19.5	  0.3238736    
-6.5	 -0.1000195    
12.5	  0.4480948    
13.5	  0.4587107    
93.5	 -4.4447868E-03
102.5	  5.7326399E-02
150.5	 -1.2032994E-03
156.5	  6.1563291E-03
194.5	 -5.7461187E-03
199.5	  1.0341384E-02
208.5	 -9.3742466E-04
214.5	  4.2926362E-03
307.5	 -7.5006979E-03
309.5	  1.2923031E-02
382.5	 -1.6406949E-03
386.5	  4.1294005E-03
605.5	 -3.3802965E-03
607.5	  3.7390797E-03
715.5	 -1.4070757E-03
718.5	  2.8623620E-03
835.5	 -1.4467526E-03
837.5	  2.6659037E-03
