-1165.5	  2.3962087E-03
-1164.5	 -3.7484237E-03
-793.5	  2.6773429E-03
-789.5	 -2.0109955E-03
-755.5	  2.9194157E-03
-752.5	 -1.7747320E-03
-648.5	  2.8126091E-03
-645.5	 -1.5549053E-03
-456.5	  4.0542334E-03
-452.5	 -1.5282783E-03
-379.5	  4.3662488E-03
-374.5	 -1.5237902E-03
-325.5	  3.3342151E-03
-319.5	 -2.1946791E-03
-206.5	  4.8788157E-03
-201.5	 -1.2876577E-03
-130.5	  1.8082729E-02
-123.5	 -1.9454273E-03
-109.5	  1.9380221E-02
-103.5	 -1.9892245E-03
-32.5	  1.5624463E-02
-24.5	 -3.3521317E-03
-20.5	  6.4611589E-03
-13.5	 -6.6690630E-04
-6.5	  1.5910070E-02
-0.5	 -4.3301573E-03
7.5	  5.3661380E-02
30.5	 -5.3865747E-03
39.5	  6.9571681E-02
60.5	 -1.1085791E-02
68.5	  5.9845638E-02
160.5	 -2.0413238E-03
166.5	  1.3262347E-02
213.5	 -1.1473350E-03
219.5	  7.3643173E-03
442.5	 -2.5667825E-03
446.5	  3.7871196E-03
496.5	 -1.1950046E-03
500.5	  2.3887665E-03
507.5	 -1.3290865E-03
511.5	  3.3712448E-03
620.5	 -2.6082592E-03
624.5	  3.4469273E-03
847.5	 -1.9802861E-03
850.5	  2.8942772E-03
979.5	 -1.6311512E-03
982.5	  2.4568536E-03
1083.5	 -2.5456173E-03
1085.5	  3.7119184E-03
