-1597.5	  1.5703940E-03
-1595.5	 -1.5561080E-03
-1535.5	  1.1903142E-03
-1532.5	 -7.7414303E-04
-776.5	  2.4438542E-03
-771.5	 -1.2037315E-03
-623.5	  2.7685561E-03
-620.5	 -1.3005651E-03
-471.5	  1.2983157E-02
-371.5	  3.4156616E-03
-366.5	 -2.1614924E-03
-345.5	  3.3115325E-03
-341.5	 -3.3419274E-03
-311.5	  3.3292503E-03
-306.5	 -1.3456333E-03
-225.5	  6.9238748E-03
-219.5	 -1.3092260E-03
-55.5	  6.0086623E-02
-45.5	 -1.1754442E-03
-0.5	  0.8369892    
0.5	  0.8739998    
53.5	 -4.9319095E-03
61.5	  5.7737753E-02
150.5	 -1.5878184E-03
156.5	  7.7181947E-03
176.5	 -5.4466710E-03
179.5	  1.5800245E-02
225.5	 -2.1267969E-03
231.5	  5.5626770E-03
264.5	 -2.8339627E-03
268.5	  2.2834449E-03
294.5	 -3.3048303E-03
298.5	  5.2259862E-03
447.5	 -9.2905440E-04
451.5	  2.5911310E-03
456.5	 -3.2073820E-03
459.5	  4.5847259E-03
504.5	 -9.1750757E-04
509.5	  3.2713774E-03
935.5	 -8.0550956E-03
991.5	 -3.5147152E-03
993.5	  4.5390772E-03
