-765.5	  4.7215489E-03
-763.5	 -3.5325752E-03
-612.5	  3.9562606E-03
-609.5	 -3.2540967E-03
-592.5	  3.5650746E-03
-588.5	 -3.0533462E-03
-463.5	  7.7999062E-03
-461.5	 -8.7530343E-03
-443.5	  4.1223648E-03
-440.5	 -1.5759191E-03
-356.5	  4.3817256E-03
-352.5	 -1.7061207E-03
-247.5	  1.3699294E-02
-244.5	 -8.1470441E-03
-26.5	  0.2142925    
-6.5	 -3.0747175E-03
10.5	  0.1835660    
38.5	 -2.9250057E-03
46.5	  2.3117375E-02
153.5	 -1.1631374E-03
159.5	  6.6052638E-03
184.5	 -2.9006610E-03
189.5	  1.1349939E-02
355.5	 -2.0668411E-03
360.5	  3.7420350E-03
439.5	 -8.6339181E-03
442.5	  6.6051143E-03
921.5	 -5.2036089E-03
922.5	  1.2289285E-02
