-1511.5	  2.3465855E-03
-1510.5	 -1.4637458E-02
-910.5	  2.9856393E-03
-908.5	 -2.4541582E-03
-869.5	  4.6862015E-03
-868.5	 -1.2031311E-02
-640.5	  4.1089533E-03
-637.5	 -2.9779561E-03
-629.5	  3.6918425E-03
-626.5	 -1.9616690E-03
-607.5	  6.5818010E-03
-606.5	 -2.4107760E-03
-528.5	  1.5965855E-02
-527.5	 -1.5295681E-02
-511.5	  3.0756269E-03
-507.5	 -1.5883159E-03
-418.5	  4.2240848E-03
-413.5	 -1.6839986E-03
-210.5	  5.8595501E-03
-205.5	 -3.4148130E-03
-183.5	  7.6021315E-03
-177.5	 -4.0369234E-03
-111.5	  2.6429513E-02
-104.5	 -3.6387153E-03
-98.5	  6.7095128E-03
-92.5	 -3.1270445E-03
-77.5	  4.6872228E-02
-73.5	 -2.0808304E-02
-9.5	  0.4815637    
5.5	 -2.2514276E-03
15.5	  0.1004543    
189.5	 -4.5710462E-03
192.5	  1.3901474E-02
209.5	 -7.0282578E-04
215.5	  2.7251013E-03
326.5	 -6.6989511E-03
330.5	  1.2276153E-02
405.5	 -2.2306207E-03
410.5	  3.2475726E-03
454.5	 -3.2124280E-03
458.5	  4.5555094E-03
802.5	 -3.0227979E-03
803.5	  1.1224932E-02
810.5	 -2.5195749E-03
812.5	  5.5282246E-03
828.5	 -2.0448917E-03
831.5	  2.5299841E-03
1662.5	 -1.9468790E-03
1664.5	  1.7556034E-03
