-1367.5	  2.1636172E-03
-1365.5	 -1.1259081E-03
-949.5	  1.7922465E-03
-946.5	 -1.1406535E-03
-833.5	  2.1510012E-03
-830.5	 -1.1344588E-03
-679.5	  3.0758907E-03
-676.5	 -2.4447150E-03
-611.5	  3.1334204E-03
-608.5	 -2.6484996E-03
-441.5	  2.3138681E-03
-436.5	 -8.8999985E-04
-422.5	  4.8748786E-03
-418.5	 -2.3161448E-03
-267.5	  5.9342729E-03
-263.5	 -3.7886952E-03
-236.5	  8.9338105E-03
-230.5	 -2.9497547E-03
-82.5	  1.8806718E-02
-75.5	 -1.3815714E-03
-3.5	  0.8590417    
31.5	 -5.5500600E-02
39.5	  0.1655953    
95.5	 -3.6069513E-03
99.5	  1.7303480E-02
111.5	 -4.4891606E-03
117.5	  2.1106657E-02
142.5	 -2.6651241E-03
148.5	  6.4405454E-03
261.5	 -4.6175211E-03
263.5	  1.1790171E-02
272.5	 -2.7299968E-03
277.5	  4.3123770E-03
368.5	 -2.4507311E-03
372.5	  3.7897881E-03
524.5	 -2.1031813E-03
528.5	  3.0407151E-03
652.5	 -2.4225463E-03
655.5	  2.6612012E-03
674.5	 -7.7286516E-03
675.5	  9.4757341E-03
