-1300.5	  2.2557294E-03
-1295.5	 -1.1913530E-03
-722.5	  5.9569473E-03
-721.5	 -1.9704053E-02
-530.5	  4.3540304E-03
-527.5	 -3.5523514E-03
-252.5	  5.6418227E-03
-248.5	 -3.6826152E-03
-221.5	  5.0134272E-03
-216.5	 -3.0392520E-03
-211.5	  6.1806822E-03
-207.5	 -2.1758231E-03
-202.5	  1.6239887E-03
-198.5	 -5.1859785E-03
-196.5	  8.3834445E-03
-194.5	 -4.3468294E-03
-2.5	   1.127547    
-1.5	   3.398113    
56.5	 -1.3230940E-03
63.5	  4.3391671E-02
64.5	  4.3391671E-02
99.5	 -2.1802891E-02
104.5	  4.7046527E-02
169.5	 -1.3449616E-02
170.5	  1.6971344E-02
185.5	 -2.2354955E-03
191.5	  3.8473334E-03
410.5	 -2.9056692E-03
414.5	  3.1823132E-03
419.5	 -5.6642611E-03
422.5	  5.9784972E-03
615.5	 -2.0801635E-03
619.5	  2.8305510E-03
770.5	 -1.5262204E-03
773.5	  3.0884142E-03
1055.5	 -1.3387458E-03
1057.5	  3.5315109E-03
1464.5	 -7.2231452E-04
1468.5	  1.2149581E-03
