-841.5	  3.2332405E-03
-839.5	 -1.7871221E-03
-602.5	  2.1577415E-03
-597.5	 -6.0933485E-04
-421.5	  4.8888605E-03
-418.5	 -1.9269336E-03
-330.5	  3.6253580E-03
-325.5	 -1.3585649E-03
-198.5	  8.1135919E-03
-192.5	 -4.2739320E-03
-163.5	  1.9673863E-02
-159.5	 -9.6418560E-03
-132.5	  1.8378798E-02
-124.5	 -6.4485008E-04
-76.5	  4.9715973E-02
-70.5	 -1.5884895E-02
-21.5	   1.886254    
-20.5	  -13.74802    
-19.5	  -107.9533    
-18.5	  -1.310825    
4.5	  0.4125601    
5.5	  0.4125601    
26.5	 -1.7804501E-03
35.5	  5.9672788E-02
172.5	 -3.4065032E-03
176.5	  1.3902370E-02
188.5	 -1.0375541E-03
194.5	  9.0343244E-03
212.5	 -3.1376251E-03
216.5	  7.4830176E-03
402.5	 -8.8696781E-04
407.5	  3.4138993E-03
463.5	 -3.7653425E-03
465.5	  6.2618000E-03
768.5	 -1.4495492E-03
771.5	  2.6030478E-03
1015.5	 -1.9494755E-03
1017.5	  2.8056216E-03
