-912.5	 -4.2483164E-04
-861.5	  2.5826751E-03
-859.5	 -1.2052873E-03
-767.5	  1.9750677E-03
-762.5	 -6.6882069E-04
-718.5	  2.2822374E-03
-715.5	 -1.4128074E-03
-595.5	  2.4313619E-03
-590.5	 -9.0914819E-04
-174.5	  8.7057240E-03
-168.5	 -1.4626273E-03
-23.5	  0.2340036    
-10.5	 -2.6192104E-02
-9.5	 -2.6192104E-02
10.5	  0.4225839    
113.5	 -1.1787573E-03
119.5	  2.0905077E-02
120.5	  2.0905077E-02
179.5	 -6.4759096E-03
181.5	  1.3918764E-02
195.5	 -1.1441079E-03
199.5	  1.4896669E-03
204.5	 -8.6469977E-04
210.5	  6.1496929E-03
301.5	 -7.9394309E-03
304.5	  1.3752673E-02
370.5	 -2.0380027E-03
374.5	  4.9796244E-03
450.5	 -4.9293870E-03
452.5	  6.2448871E-03
631.5	 -8.5388013E-04
635.5	  2.0525244E-03
792.5	 -1.2427447E-03
795.5	  2.0957522E-03
941.5	 -3.0385463E-03
943.5	  4.5243572E-03
1036.5	 -1.0893779E-03
1039.5	  2.0025657E-03
