-1008.5	  2.2086601E-03
-1005.5	 -1.4053540E-03
-841.5	  8.0480212E-03
-840.5	 -7.3291925E-03
-831.5	  2.6901283E-03
-830.5	 -4.0526367E-03
-787.5	  2.7569761E-03
-784.5	 -1.3153602E-03
-518.5	  3.1624970E-03
-514.5	 -1.8438763E-03
-300.5	  9.1148522E-03
-297.5	 -4.8278091E-03
-219.5	  5.2827178E-03
-214.5	 -2.7874375E-03
-206.5	  1.1635933E-02
-204.5	 -7.6520266E-03
-130.5	  7.9951202E-03
-125.5	 -3.2291277E-03
-99.5	  2.5165193E-02
-94.5	 -3.8715983E-03
-30.5	  1.8307904E-02
-23.5	 -3.0176423E-03
-15.5	  2.3803575E-02
-9.5	 -3.4162258E-03
-1.5	  4.1907314E-02
17.5	 -0.5132571    
18.5	  -1.032388    
20.5	  0.8587368    
112.5	 -4.8519941E-03
118.5	  2.3896653E-02
154.5	 -4.2827271E-02
155.5	  0.2491030    
235.5	 -2.3822940E-03
240.5	  8.3395094E-03
304.5	 -4.6463534E-03
307.5	  5.9436141E-03
348.5	 -1.1061196E-02
350.5	  1.0213342E-02
546.5	 -3.8242160E-04
552.5	  2.4820711E-03
661.5	 -3.0466081E-03
663.5	  5.6631649E-03
731.5	 -1.6945562E-03
736.5	  2.7770444E-03
915.5	 -3.0260743E-03
917.5	  2.8906488E-03
1185.5	 -1.2932451E-03
1188.5	  2.0605794E-03
