-1033.5	  2.6117966E-03
-1031.5	 -2.3368127E-03
-967.5	  4.5747473E-03
-966.5	 -1.2237716E-02
-753.5	  2.0055229E-02
-751.5	 -4.3258951E-03
-732.5	  2.0596285E-03
-728.5	 -9.0343517E-04
-572.5	  2.6584568E-03
-568.5	 -1.4148102E-03
-502.5	  3.7938333E-03
-497.5	 -1.4642052E-03
-364.5	  1.2840790E-02
-362.5	 -9.1633108E-03
-354.5	  5.7075690E-03
-352.5	 -4.8739105E-03
-255.5	  4.3844860E-03
-250.5	 -2.8680260E-03
-242.5	  9.7046895E-03
-238.5	 -3.5950514E-03
-234.5	  2.5740494E-03
-232.5	 -2.5646002E-03
-93.5	  3.1748369E-02
-83.5	 -3.3568570E-03
-66.5	  4.0322106E-02
-60.5	 -4.7650901E-03
-32.5	  9.7622596E-02
-22.5	 -2.9601557E-03
5.5	  0.6635684    
6.5	  0.6884612    
68.5	 -1.0099690E-02
70.5	  1.0178723E-02
76.5	 -2.1548278E-03
84.5	  3.4934722E-02
209.5	 -2.4517961E-03
215.5	  2.4110086E-03
221.5	 -1.3070286E-03
227.5	  7.9673100E-03
362.5	 -1.7028918E-03
367.5	  3.2342707E-03
496.5	 -2.5197500E-03
500.5	  3.2541007E-03
563.5	 -3.4865804E-03
565.5	  4.4138464E-03
641.5	 -3.3769077E-03
643.5	  4.0523782E-03
866.5	 -3.3547783E-03
867.5	  2.9989386E-03
995.5	 -1.6561379E-03
997.5	  3.3427088E-03
1379.5	 -1.0834087E-03
1382.5	  1.8873552E-03
