-778.5	  3.5863258E-03
-776.5	 -3.4029344E-03
-728.5	  2.9338356E-03
-725.5	 -1.5482779E-03
-533.5	  3.8649931E-03
-530.5	 -3.1830973E-03
-356.5	  4.4930312E-03
-352.5	 -3.0362783E-03
-320.5	  4.9682520E-03
-315.5	 -1.4446107E-03
-236.5	  6.5516555E-03
-231.5	 -3.2588241E-03
-225.5	  5.9661050E-03
-220.5	 -1.9106045E-03
-86.5	  1.1535331E-02
-79.5	 -1.2051355E-03
0.5	  0.9195606    
1.5	  0.9540280    
51.5	 -1.5070270E-03
58.5	  3.6840163E-02
120.5	 -5.6762514E-03
124.5	  9.8675722E-03
131.5	 -2.7500582E-03
137.5	  5.9202113E-03
170.5	 -8.1715221E-03
171.5	  1.9252645E-02
176.5	 -3.6029476E-03
182.5	  7.7576893E-03
317.5	 -1.1545424E-03
322.5	  4.0217573E-03
394.5	 -1.9551443E-03
397.5	  4.1160574E-03
405.5	 -1.4134685E-03
414.5	  3.4539190E-03
651.5	 -1.4030722E-03
655.5	  1.9646348E-03
661.5	 -3.2970412E-03
663.5	  4.9275896E-03
803.5	 -1.8746870E-03
806.5	  2.2439943E-03
979.5	 -1.8441561E-03
982.5	  2.3720840E-03
1793.5	 -1.8042939E-03
1794.5	  5.3697540E-03
