-1350.5	  2.9493289E-03
-1349.5	 -2.0286045E-03
-1216.5	  2.7865516E-03
-1215.5	 -1.4206920E-03
-1072.5	  2.4266366E-03
-1069.5	 -1.2771097E-03
-508.5	  3.2891771E-03
-505.5	 -2.1263827E-03
-484.5	  4.7346568E-03
-480.5	 -5.7427674E-03
-326.5	  5.3733960E-03
-320.5	 -8.0335338E-04
-187.5	  1.4044111E-02
-183.5	 -6.5049739E-03
-138.5	  2.3796799E-02
-132.5	 -5.1379697E-03
-109.5	  1.1182121E-02
-102.5	 -5.0171670E-03
-28.5	  0.1985410    
-19.5	 -3.0826405E-03
-13.5	  2.1470543E-02
-6.5	 -2.1923464E-03
6.5	  0.8615835    
56.5	 -2.6863562E-03
63.5	  3.6863040E-02
94.5	 -3.3074322E-03
100.5	  1.5794609E-02
278.5	 -1.6204570E-03
283.5	  3.1679370E-03
287.5	 -3.0570403E-03
291.5	  5.9397696E-03
612.5	 -1.1342465E-03
616.5	  2.7544550E-03
760.5	 -9.8677829E-04
764.5	  2.4709105E-03
1193.5	 -2.5786224E-03
1194.5	  6.9467528E-03
