-949.5	  4.1422965E-03
-947.5	 -3.7217620E-03
-776.5	  3.0381959E-03
-772.5	 -2.0509225E-03
-731.5	  3.3291203E-03
-729.5	 -3.3931837E-03
-566.5	  1.3566979E-02
-565.5	 -6.9418550E-03
-501.5	  2.5304160E-03
-496.5	 -1.1794912E-03
-323.5	  5.9947567E-03
-319.5	 -3.7828290E-03
-175.5	  4.5272713E-03
-169.5	 -2.2261585E-03
-146.5	  1.7458687E-02
-141.5	 -2.7707894E-03
-102.5	  8.4530730E-03
-96.5	 -3.2177959E-03
-92.5	  7.1663517E-03
-90.5	 -3.6255552E-03
-4.5	   22.22382    
6.5	   1.596342    
7.5	   1.215023    
36.5	 -1.4915752E-03
41.5	  9.1700805E-03
42.5	 -1.0262835E-02
50.5	  3.9951719E-02
51.5	  3.9951719E-02
227.5	 -3.6848250E-03
233.5	  4.4125519E-03
294.5	 -0.1094309    
295.5	  1.3851455E-02
296.5	  1.3851455E-02
308.5	 -3.4244482E-03
312.5	  5.1505393E-03
343.5	 -2.7717946E-03
347.5	  4.2493078E-03
399.5	 -1.9727456E-03
403.5	  4.9610897E-03
435.5	 -1.8080740E-03
440.5	  3.8184642E-03
556.5	 -1.6775555E-03
561.5	  2.7211607E-03
796.5	 -1.0122949E-03
799.5	  2.6259052E-03
1026.5	 -1.9276598E-03
1028.5	  3.3465803E-03
