-820.5	  3.6868150E-03
-818.5	 -3.1800133E-03
-507.5	  4.1801529E-03
-503.5	 -2.5789975E-03
-357.5	  1.4884235E-02
-356.5	 -6.7218393E-03
-240.5	  4.8802402E-03
-235.5	 -3.2557521E-03
-189.5	  1.5516297E-02
-183.5	 -1.9710141E-03
-96.5	  1.2900192E-02
-90.5	 -3.0968953E-03
-79.5	  2.1363931E-02
-74.5	 -3.6479675E-03
-36.5	  0.2793278    
-35.5	  0.2980752    
-30.5	 -0.1599453    
3.5	  0.7068161    
4.5	  0.6845778    
56.5	 -2.6030215E-03
63.5	  3.4062013E-02
99.5	 -5.7334825E-03
105.5	  3.5005480E-03
119.5	 -1.9562705E-03
125.5	  6.2314691E-03
260.5	 -3.4157755E-03
265.5	  5.4610963E-03
354.5	 -5.6334534E-03
357.5	  6.7274757E-03
421.5	 -1.9001705E-03
425.5	  4.7113658E-03
507.5	 -3.9275321E-03
510.5	  4.9224067E-03
651.5	 -3.6144089E-03
653.5	  5.6663807E-03
820.5	 -2.1583885E-03
823.5	  2.6388071E-03
1201.5	 -2.5065294E-03
1202.5	  5.3840471E-03
