-1143.5	  2.4930278E-03
-1141.5	 -2.5970188E-03
-918.5	  2.8130901E-03
-916.5	 -2.8543989E-03
-879.5	  2.1057050E-03
-875.5	 -1.0173365E-03
-573.5	  3.1940122E-03
-569.5	 -3.2920963E-03
-522.5	  2.4324146E-03
-517.5	 -1.0864139E-03
-435.5	  3.7656489E-03
-430.5	 -3.3156164E-03
-396.5	  3.2022223E-03
-392.5	 -1.5801920E-03
-191.5	  1.5499856E-02
-187.5	 -6.8218233E-03
-116.5	  8.8940375E-03
-107.5	 -1.0350858E-03
0.5	  0.7717736    
1.5	  0.7995120    
67.5	 -4.6809554E-02
71.5	  9.4667986E-02
88.5	 -1.0310778E-03
95.5	  1.6631814E-02
136.5	 -9.7580737E-04
142.5	  6.0861311E-03
287.5	 -4.5016678E-03
291.5	  9.0956232E-03
358.5	 -1.7481643E-03
363.5	  3.7889502E-03
410.5	 -5.4763042E-04
416.5	  2.6047959E-03
534.5	 -4.1596722E-03
536.5	  5.1400657E-03
541.5	 -8.0152713E-03
542.5	  1.6983112E-02
630.5	 -1.2859491E-03
634.5	  2.6755303E-03
