-1815.5	  1.6293084E-03
-1813.5	 -2.1916307E-03
-749.5	  2.7554075E-03
-744.5	 -1.4684214E-03
-674.5	  3.6315378E-03
-671.5	 -2.6403693E-03
-422.5	  3.8921116E-03
-415.5	 -1.8078744E-03
-281.5	  5.7981396E-03
-277.5	 -2.1365413E-03
-116.5	  9.8349601E-03
-109.5	 -5.9291343E-03
-42.5	  9.0728357E-02
-41.5	  9.0728357E-02
-31.5	 -3.3979351E-03
6.5	  0.4991627    
7.5	  0.4949549    
52.5	 -2.1844425E-03
65.5	  1.3097748E-02
104.5	 -1.2035477E-03
109.5	  2.6271373E-03
115.5	 -4.0538036E-03
118.5	  1.2053015E-02
124.5	 -3.0701726E-03
130.5	  6.2852777E-03
247.5	 -2.0823230E-03
251.5	  5.4497765E-03
298.5	 -3.0479818E-03
303.5	  5.3551635E-03
321.5	 -1.6447078E-03
326.5	  4.8014871E-03
489.5	 -2.2957854E-03
493.5	  3.8005356E-03
626.5	 -3.2857901E-03
628.5	  6.7102108E-03
1257.5	 -9.6070766E-04
1260.5	  1.5039010E-03
1281.5	 -1.2928460E-03
1283.5	  3.0843138E-03
