-1119.5	  6.1904998E-03
-1118.5	 -2.7809988E-03
-942.5	  1.8647343E-03
-939.5	 -1.2809751E-03
-869.5	  4.2396388E-03
-868.5	 -3.1432591E-03
-101.5	  1.0368990E-02
-95.5	 -3.1317403E-03
-88.5	  6.6115912E-03
-82.5	 -1.5708954E-03
-69.5	  2.4275830E-02
-63.5	 -3.9807647E-03
-36.5	  0.1218531    
-25.5	 -9.3525592E-03
3.5	  0.5145617    
14.5	 -4.2550848E-03
25.5	  0.1457366    
48.5	 -3.7365956E-03
54.5	  9.3261907E-03
69.5	 -1.4074236E-03
75.5	  7.4352408E-03
82.5	 -1.4005837E-02
89.5	  4.9051836E-02
222.5	 -7.8735771E-03
224.5	  1.3537944E-02
247.5	 -2.9400596E-03
251.5	  6.4451587E-03
345.5	 -4.3532695E-03
351.5	  3.3758923E-03
373.5	 -3.7780576E-03
377.5	  4.5014056E-03
630.5	 -7.4385419E-03
631.5	  9.4780810E-03
815.5	 -6.0447734E-03
1149.5	  4.3290380E-02
