-1437.5	  2.6107016E-03
-1436.5	 -1.3332283E-03
-1299.5	  2.3942450E-03
-1297.5	 -1.6133047E-03
-1287.5	  3.1278422E-03
-1286.5	 -2.0456517E-03
-1198.5	  2.2603082E-03
-1196.5	 -2.2206332E-03
-971.5	  1.1106802E-02
-969.5	 -4.1577467E-03
-833.5	  3.4110846E-03
-831.5	 -4.0475666E-03
-539.5	  3.6052726E-03
-535.5	 -2.3559025E-03
-376.5	  4.4844802E-03
-370.5	 -1.0873091E-03
-195.5	  1.6577493E-02
-192.5	 -6.2975856E-03
-111.5	  1.5103217E-02
-104.5	 -1.4977591E-03
-42.5	  0.1901932    
-32.5	 -0.1392280    
-23.5	  0.1669180    
-18.5	 -9.0292856E-02
8.5	  0.5768405    
9.5	  0.5768405    
69.5	 -2.1588528E-03
77.5	  4.1683629E-02
92.5	 -3.2771330E-03
98.5	  8.5916268E-03
115.5	 -3.3977039E-03
121.5	  2.0108914E-02
236.5	 -1.0245969E-03
241.5	  4.0762839E-03
292.5	 -1.2732827E-03
297.5	  1.0247788E-02
461.5	 -1.7259426E-03
466.5	  3.3568782E-03
572.5	 -4.0062987E-03
574.5	  6.7542526E-03
802.5	 -5.9034359E-03
1297.5	 -3.4292133E-03
1298.5	  1.0468313E-02
