-639.5	  5.5639613E-03
-626.5	  2.4834673E-03
-623.5	 -1.2998240E-03
-572.5	  3.9041834E-03
-569.5	 -3.7252689E-03
-494.5	  4.4011632E-03
-491.5	 -3.1669594E-03
-443.5	  3.1467117E-03
-439.5	 -1.4575258E-03
-376.5	  4.0310831E-03
-371.5	 -3.6095483E-03
-226.5	  6.6688075E-03
-221.5	 -1.4038541E-03
-175.5	  5.0007794E-03
-169.5	 -2.5307916E-03
-152.5	  1.4985329E-02
-149.5	 -3.4242966E-03
-106.5	  3.0515470E-02
-97.5	 -1.5474695E-03
-55.5	  3.0108845E-02
-47.5	 -3.7303239E-03
0.5	  0.2180275    
91.5	 -2.8292960E-03
99.5	  1.4449119E-02
207.5	 -2.7642895E-03
212.5	  5.1883203E-03
377.5	 -4.0763640E-03
380.5	  5.1238975E-03
655.5	 -3.2832772E-03
658.5	  3.4428269E-03
706.5	 -5.2831024E-03
709.5	  4.8495927E-03
1018.5	 -4.3551209E-03
1021.5	  3.3186751E-03
1766.5	 -4.1825487E-04
1770.5	  8.8717055E-04
