-653.5	  2.4524338E-03
-646.5	 -2.5652717E-03
-464.5	  8.9839231E-03
-461.5	 -6.3429233E-03
-435.5	  3.4578284E-03
-431.5	 -1.6840091E-03
-356.5	  4.3164291E-03
-351.5	 -1.0071306E-03
-138.5	  1.5256996E-02
-130.5	 -1.2887765E-03
-96.5	  6.6711999E-02
-92.5	 -4.3635044E-02
-9.5	  0.4863195    
9.5	 -1.3291180E-03
21.5	  0.2165849    
189.5	 -1.7810013E-02
191.5	  3.9240103E-02
211.5	 -4.4603772E-03
218.5	  8.4301773E-03
228.5	 -5.4103606E-03
231.5	  1.4495163E-02
270.5	 -2.5228681E-03
275.5	  5.6065503E-03
389.5	 -2.4114687E-03
393.5	  3.8180284E-03
411.5	 -3.7839420E-03
414.5	  7.3340349E-03
440.5	 -2.6248905E-03
444.5	  3.7758609E-03
490.5	 -2.4764941E-03
494.5	  3.8892908E-03
703.5	 -3.9453320E-03
705.5	  5.1767728E-03
1200.5	 -1.9116515E-03
1202.5	  2.7290839E-03
