-1127.5	  2.0747797E-03
-1125.5	 -2.2937926E-03
-796.5	  4.6506119E-03
-795.5	 -5.4984290E-02
-469.5	  6.1272183E-03
-466.5	 -3.9980165E-03
-427.5	  3.6604118E-03
-423.5	 -2.4975534E-03
-417.5	  4.6062013E-03
-415.5	 -4.1692876E-03
-192.5	  4.8400131E-03
-191.5	  4.8400131E-03
-185.5	 -1.1260301E-03
-124.5	  9.8510608E-03
-118.5	 -1.3613717E-03
-89.5	  9.3366820E-03
-88.5	  9.3366820E-03
-82.5	 -4.1046278E-03
-69.5	  3.1139189E-02
-63.5	 -3.9858664E-03
-0.5	   6.288820    
0.5	  -2.932260    
1.5	  0.4723383    
63.5	 -5.9274863E-03
68.5	  1.2520404E-02
76.5	 -9.9258323E-04
85.5	  1.4232216E-02
200.5	 -4.4333227E-03
206.5	  7.3809852E-03
228.5	 -1.2139613E-03
234.5	  7.4116760E-03
274.5	 -3.8177152E-03
278.5	  6.4771436E-03
394.5	 -1.2207545E-03
399.5	  4.1676736E-03
431.5	 -9.1950307E-03
432.5	  1.8286286E-02
522.5	 -4.3557324E-02
523.5	 -4.3557324E-02
524.5	  9.8314183E-03
589.5	 -1.4578069E-03
593.5	  2.5644540E-03
755.5	 -1.5558904E-03
760.5	  2.5348314E-03
857.5	 -1.4706147E-03
860.5	  2.3464381E-03
