-802.5	  2.4271139E-03
-798.5	 -1.8395414E-03
-690.5	  3.3914540E-03
-688.5	 -2.7523886E-03
-549.5	  5.1459195E-03
-546.5	 -3.9191260E-03
-517.5	  3.9646472E-03
-514.5	 -3.1116628E-03
-357.5	  4.9842782E-03
-353.5	 -4.0622023E-03
-274.5	  5.3299395E-03
-269.5	 -1.2043907E-03
-136.5	  1.0664903E-02
-129.5	 -3.0967663E-03
-118.5	  4.4319918E-03
-113.5	 -2.7535448E-03
-38.5	  0.1312106    
-27.5	 -5.2474407E-03
4.5	  0.5602421    
143.5	 -4.6056006E-03
150.5	  8.0724712E-03
189.5	 -1.4192171E-03
193.5	  2.4305461E-03
199.5	 -1.3191397E-03
205.5	  8.9111179E-03
256.5	 -1.1688850E-03
261.5	  5.3248783E-03
464.5	 -9.0300217E-03
465.5	  2.2464823E-02
482.5	 -1.6757724E-03
486.5	  3.4205385E-03
535.5	 -5.5426178E-03
536.5	  2.8339647E-02
680.5	 -1.2079617E-03
683.5	  1.9323452E-03
689.5	 -2.7368611E-03
692.5	  3.3515873E-03
752.5	 -1.8195566E-03
756.5	  2.3693379E-03
1287.5	 -9.3335868E-04
1290.5	  1.6581194E-03
