-477.5	  3.1540180E-03
-473.5	 -1.9422208E-03
-254.5	  6.3257487E-03
-248.5	 -1.3988116E-03
-92.5	  8.9891925E-03
-86.5	 -2.8870362E-03
-70.5	  4.9249116E-02
-62.5	 -2.7829376E-03
-33.5	  0.1302499    
-23.5	 -1.5974820E-03
2.5	  0.6013764    
3.5	  0.6417297    
58.5	 -6.6691195E-04
66.5	  1.7896349E-02
121.5	 -5.5132979E-03
127.5	  2.2494370E-02
278.5	 -4.6889614E-03
280.5	  1.1381951E-02
305.5	 -1.5457945E-03
310.5	  3.4155122E-03
406.5	 -3.1979089E-03
409.5	  5.0042914E-03
536.5	 -2.1042174E-03
539.5	  4.0028263E-03
596.5	 -1.3662315E-03
599.5	  2.7663659E-03
845.5	 -7.4026282E-03
846.5	  5.6870524E-03
997.5	 -2.3770088E-03
1000.5	  2.6754776E-03
1172.5	 -1.8122498E-03
1174.5	  2.3910401E-03
1334.5	 -1.8007942E-03
1335.5	  1.0587974E-02
