-1422.5	  1.6117522E-03
-1419.5	 -1.0979973E-03
-1034.5	  2.8694384E-03
-1032.5	 -2.4993075E-03
-709.5	  4.9226717E-03
-707.5	 -4.6779672E-03
-581.5	  2.2155370E-03
-577.5	 -1.0820475E-03
-480.5	  4.9593481E-03
-476.5	 -1.6230807E-03
-446.5	  3.4376993E-03
-441.5	 -1.7630140E-03
-380.5	  4.7763465E-03
-377.5	 -3.9530308E-03
-168.5	  2.0482406E-02
-164.5	 -9.3844328E-03
-50.5	  0.1103426    
-49.5	  0.1103426    
-42.5	 -4.4689324E-02
-18.5	  0.1908311    
-7.5	 -6.4759918E-02
12.5	  0.4190013    
202.5	 -1.1805246E-03
206.5	  2.1947890E-03
214.5	 -5.9735589E-04
221.5	  7.0640114E-03
404.5	 -3.3629923E-03
409.5	  4.6208380E-03
