-1328.5	  3.7979309E-03
-1327.5	 -5.3469511E-03
-762.5	  3.0084089E-03
-760.5	 -1.3537677E-03
-631.5	 -3.1850252E-03
-496.5	  4.2376779E-03
-493.5	 -1.8029748E-03
-392.5	  4.0091104E-03
-388.5	 -1.5559684E-03
-381.5	  2.3686774E-03
-376.5	 -2.0004394E-03
-317.5	  8.7691406E-03
-314.5	 -6.3202465E-03
-237.5	  2.4241062E-02
-235.5	 -1.5442530E-02
-165.5	  4.6714689E-03
-159.5	 -1.3844012E-03
-69.5	  0.1522196    
-62.5	 -0.2185353    
-33.5	  2.0401148E-02
-26.5	 -3.7854598E-03
-9.5	  0.1740572    
4.5	 -3.5214508E-03
12.5	  5.1902108E-02
69.5	 -4.0661260E-03
75.5	  3.6684923E-02
104.5	 -4.8881578E-03
108.5	  2.8571766E-03
113.5	 -3.8976562E-03
118.5	  2.5500471E-02
161.5	 -4.1844510E-03
166.5	  6.8502342E-03
429.5	 -1.8177606E-03
433.5	  6.0896468E-03
446.5	 -3.3083723E-03
449.5	  4.7820634E-03
524.5	 -2.1415001E-03
528.5	  3.9937906E-03
543.5	 -5.6302757E-03
545.5	  5.3699282E-03
730.5	 -1.6243616E-03
733.5	  2.8292821E-03
1184.5	 -2.1352884E-03
1187.5	  1.9607171E-03
1331.5	 -1.1242685E-03
1333.5	  2.3102907E-03
