-1890.5	  1.6320716E-03
-1888.5	 -1.6576821E-03
-1194.5	  1.4335174E-03
-1190.5	 -6.9870235E-04
-907.5	  2.5063369E-03
-904.5	 -2.3735377E-03
-731.5	  2.5722350E-03
-728.5	 -1.7202054E-03
-496.5	  4.0960368E-03
-492.5	 -1.5791971E-03
-422.5	  3.8711529E-03
-418.5	 -2.4714554E-03
-299.5	  5.5214209E-03
-294.5	 -1.0805004E-03
-187.5	  7.4232449E-03
-181.5	 -1.0463629E-03
-146.5	  7.9753846E-03
-140.5	 -1.1928573E-03
-9.5	  0.8014172    
-8.5	  0.8497925    
49.5	 -1.0836049E-03
56.5	  5.0650757E-02
57.5	  5.0650757E-02
233.5	 -2.7546543E-03
237.5	  4.2092563E-03
244.5	 -5.0275557E-02
245.5	 -5.0275557E-02
246.5	  1.9029567E-02
266.5	 -3.7065190E-03
270.5	  5.5936035E-03
289.5	 -3.6709285E-03
292.5	  1.1787999E-02
311.5	 -2.3913053E-03
315.5	  3.3745219E-03
709.5	 -1.8713963E-03
713.5	  2.4093969E-03
