-988.5	  2.4626150E-03
-878.5	  2.3790337E-03
-874.5	 -1.5393762E-03
-767.5	  5.8319247E-03
-765.5	 -3.4361435E-03
-616.5	  3.2057459E-03
-612.5	 -2.3874445E-03
-536.5	  3.6392938E-03
-533.5	 -2.6932289E-03
-477.5	  3.4706334E-03
-473.5	 -1.2131465E-03
-463.5	  3.2966458E-03
-459.5	 -2.3907064E-03
-282.5	  5.3597693E-03
-277.5	 -3.3506621E-03
-157.5	  2.5008243E-02
-153.5	 -1.2959749E-02
-100.5	  1.9262014E-02
-94.5	 -1.6064123E-03
3.5	  0.5402981    
39.5	 -3.8324646E-03
52.5	  0.1130485    
128.5	 -1.1586167E-03
134.5	  7.8459540E-03
297.5	 -2.7085864E-03
302.5	  5.1348573E-03
321.5	 -3.4148642E-03
324.5	  5.9243357E-03
589.5	 -4.5894533E-03
591.5	  4.8191468E-03
644.5	 -1.4608838E-03
647.5	  2.3762027E-03
872.5	 -1.4070156E-03
876.5	  2.3605076E-03
1061.5	 -2.7673873E-03
1068.5	 -1.4983520E-03
1071.5	  2.2611949E-03
