-487.5	  5.3322641E-03
-484.5	 -3.8467282E-03
-428.5	  3.4008890E-03
-423.5	 -2.5343522E-03
-347.5	  5.5771940E-03
-342.5	 -1.1935303E-03
-277.5	  5.2132718E-03
-271.5	 -1.7258772E-03
-263.5	  2.6537203E-03
-258.5	 -1.4298511E-03
-136.5	  5.9431000E-03
-130.5	 -2.7143625E-03
-113.5	  2.4973782E-02
-109.5	 -3.0708676E-03
-35.5	  0.1315704    
-25.5	 -1.2978272E-03
0.5	  0.5337340    
1.5	  0.5248086    
26.5	 -1.3285303E-03
34.5	  5.7060666E-02
77.5	 -1.7901441E-03
84.5	  1.0429968E-02
99.5	 -2.4216883E-03
106.5	  3.8104806E-02
161.5	 -3.7981877E-03
166.5	  6.8369564E-03
215.5	 -2.8368400E-02
216.5	  2.2414174E-02
236.5	 -3.6816257E-03
240.5	  5.8516674E-03
315.5	 -3.5111632E-03
319.5	  5.4363427E-03
459.5	 -1.6927046E-03
464.5	  3.0091787E-03
633.5	 -2.0039922E-03
642.5	  3.2358165E-03
1032.5	 -1.4012415E-03
1035.5	  1.8861595E-03
