-1734.5	  1.7408105E-03
-1732.5	 -1.2930958E-03
-954.5	  1.6869389E-03
-950.5	 -6.8150600E-04
-846.5	  2.5516783E-03
-843.5	 -1.2982353E-03
-506.5	  3.6382959E-03
-502.5	 -1.4135485E-03
-474.5	  3.5899295E-03
-469.5	 -1.8550372E-03
-458.5	  1.7627431E-03
-455.5	 -2.5874202E-03
-391.5	  3.8089897E-03
-386.5	 -2.0238273E-03
-272.5	  3.4811280E-03
-266.5	 -1.1898489E-03
-177.5	  1.1439910E-02
-172.5	 -3.6771239E-03
-3.5	  0.7495881    
-2.5	  0.7463557    
34.5	 -0.1106623    
40.5	  0.2281767    
92.5	 -1.3660241E-03
98.5	  1.3646055E-02
134.5	 -9.6440688E-03
137.5	  2.0559357E-02
209.5	 -2.8567724E-03
214.5	  6.6764057E-03
329.5	 -3.7781133E-03
332.5	  8.5853282E-03
399.5	 -1.9659945E-03
406.5	  4.6810010E-03
602.5	 -4.0988941E-03
604.5	  6.1362721E-03
684.5	 -4.4154110E-03
686.5	  4.3906146E-03
798.5	 -2.3970290E-03
801.5	  3.1810577E-03
899.5	 -2.6170919E-03
901.5	  4.6856706E-03
