-1491.5	  2.3625880E-03
-1490.5	 -9.4296399E-04
-461.5	  4.0473109E-03
-458.5	 -3.2441509E-03
-434.5	  5.9264251E-03
-432.5	 -8.0164867E-03
-412.5	  8.8436157E-03
-410.5	 -5.1358184E-03
-275.5	  4.7856309E-03
-270.5	 -2.7751429E-03
-185.5	  8.1684990E-03
-179.5	 -2.8463125E-03
-130.5	  6.9589298E-03
-124.5	 -8.5957237E-03
-0.5	   1.389590    
0.5	   1.280068    
23.5	 -4.3166452E-03
30.5	  5.6630123E-02
42.5	 -1.2803489E-03
48.5	  4.4314377E-03
54.5	 -3.0578186E-03
61.5	  1.6421046E-02
126.5	 -2.2684126E-03
132.5	  1.2741737E-02
208.5	 -1.1143776E-03
213.5	  3.9014784E-03
330.5	 -3.5728023E-03
333.5	  4.7229272E-03
379.5	 -2.0944893E-03
387.5	  3.9222110E-03
484.5	 -4.9757045E-03
486.5	  5.5714720E-03
684.5	 -1.0427268E-03
688.5	  2.5347781E-03
961.5	 -1.0159214E-03
965.5	  1.9985836E-03
