-1409.5	  1.7108779E-03
-1407.5	 -1.3565124E-03
-893.5	  2.9066436E-03
-891.5	 -2.6778192E-03
-835.5	  2.7154412E-03
-833.5	 -1.2893534E-03
-652.5	  2.3575646E-03
-648.5	 -1.1186061E-03
-570.5	  2.7508421E-03
-566.5	 -1.3649730E-03
-459.5	  3.3149496E-03
-455.5	 -1.2717068E-03
-268.5	  5.7324232E-03
-261.5	 -9.7941794E-04
-255.5	  1.3844474E-03
-251.5	 -1.0619680E-03
-204.5	  1.4028526E-02
-199.5	 -4.2870883E-03
-66.5	  1.0787109E-02
-58.5	 -7.7711456E-03
-5.5	  0.6947696    
-4.5	  0.6674271    
171.5	 -3.5503595E-03
176.5	  1.8727995E-02
191.5	 -2.7479937E-03
196.5	  5.8867065E-03
262.5	 -1.7148983E-03
267.5	  3.3949462E-03
410.5	 -1.5432483E-03
415.5	  2.4870951E-03
492.5	 -1.9214061E-03
495.5	  3.8737548E-03
611.5	 -1.3174663E-03
614.5	  2.9948833E-03
749.5	 -2.9820148E-03
751.5	  4.9806749E-03
774.5	 -1.7955541E-03
777.5	  2.8202524E-03
1153.5	 -5.9467712E-03
