-635.5	  3.2007264E-03
-631.5	 -6.9204853E-03
-603.5	  4.5352578E-03
-600.5	 -2.3638329E-03
-361.5	  5.3729303E-03
-358.5	 -3.7939979E-03
-309.5	  5.3850180E-03
-304.5	 -3.1027743E-03
-264.5	  6.7127454E-03
-259.5	 -1.1045951E-03
-162.5	  6.9501549E-03
-156.5	 -2.6124299E-03
-137.5	  1.9990727E-02
-132.5	 -3.2591198E-03
-111.5	  9.0360381E-03
-105.5	 -3.4636369E-03
-99.5	  1.2866019E-02
-94.5	 -3.0459962E-03
-47.5	  0.1004224    
-36.5	 -1.6233290E-02
-30.5	  1.3264291E-02
-23.5	 -2.9249433E-03
-6.5	  6.8781629E-02
2.5	 -1.9251358E-03
6.5	  4.9647279E-03
9.5	 -4.3327776E-03
18.5	  4.5069676E-02
81.5	 -1.7561024E-03
88.5	  2.1866353E-02
153.5	 -1.5666133E-03
159.5	  7.7851331E-03
245.5	 -2.9495358E-03
250.5	  9.8013999E-03
282.5	 -2.5645713E-03
287.5	  4.3596206E-03
315.5	 -2.4389792E-03
320.5	  3.6063164E-03
371.5	 -3.1166251E-03
376.5	  4.2067426E-03
527.5	 -3.5823924E-03
530.5	  4.4931225E-03
560.5	 -1.4658155E-03
564.5	  3.2928400E-03
716.5	 -1.8455754E-03
720.5	  3.3267722E-03
926.5	 -2.4356046E-03
929.5	  2.4549665E-03
1162.5	 -2.3315754E-03
1163.5	  1.2964323E-02
