-1089.5	  2.3622543E-03
-1087.5	 -1.3813496E-03
-868.5	  9.9247163E-03
-867.5	 -1.0910680E-02
-683.5	  2.4540606E-03
-679.5	 -1.3482482E-03
-634.5	  3.9530480E-03
-631.5	 -4.2449995E-03
-629.5	  2.4906811E-03
-625.5	 -1.9177430E-03
-317.5	  4.2654900E-03
-312.5	 -1.1848307E-03
-301.5	  4.1476693E-03
-296.5	 -9.4031339E-04
-150.5	  1.2686457E-02
-144.5	 -2.0632234E-03
-14.5	  0.3614782    
3.5	 -0.1236099    
4.5	 -0.1236099    
16.5	  0.3109310    
17.5	  0.3213242    
50.5	 -2.7927666E-03
62.5	  9.1038406E-02
76.5	 -3.3501524E-03
82.5	  8.4176734E-03
140.5	 -1.0494706E-03
146.5	  7.2748233E-03
181.5	 -2.3351740E-02
183.5	  2.9349385E-02
348.5	 -9.1610560E-03
350.5	  1.1199917E-02
426.5	 -1.4704436E-03
430.5	  3.7938328E-03
513.5	 -3.0959235E-03
518.5	  7.0773768E-03
668.5	 -4.0034754E-03
670.5	  4.0506572E-03
959.5	 -3.7310270E-03
961.5	  3.6939103E-03
