-839.5	  2.0144058E-03
-836.5	 -1.2649425E-03
-715.5	  4.6165558E-03
-713.5	 -4.5579229E-03
-541.5	  4.4691605E-03
-538.5	 -3.1365175E-03
-403.5	  4.2850240E-03
-400.5	 -3.5322341E-03
-212.5	  5.3286450E-03
-206.5	 -3.0029502E-03
-193.5	  9.3422560E-03
-189.5	 -4.0431321E-03
-143.5	  8.4464755E-03
-137.5	 -1.5696879E-03
0.5	  0.8249512    
1.5	  0.7906001    
46.5	 -6.3575335E-02
51.5	  0.1300070    
94.5	 -2.6813336E-03
105.5	  6.2746606E-03
185.5	 -8.2790796E-03
189.5	  1.8651415E-02
291.5	 -4.5639588E-03
294.5	  7.2332821E-03
388.5	 -2.0047014E-03
391.5	  5.2293986E-03
409.5	 -6.0708281E-03
410.5	  1.0525991E-02
411.5	  1.0525991E-02
424.5	 -3.1296322E-03
427.5	  4.7952197E-03
642.5	 -1.0846274E-03
646.5	  2.0147436E-03
731.5	 -4.1779717E-03
732.5	  3.5345538E-03
765.5	 -1.6557891E-03
768.5	  3.0064646E-03
903.5	 -2.8339822E-03
906.5	  3.1964590E-03
1130.5	 -2.5641636E-03
1132.5	  3.0900335E-03
1468.5	 -1.9289783E-03
1470.5	  2.3379528E-03
