-857.5	  1.3495784E-03
-852.5	 -4.7810006E-04
-609.5	  1.8900572E-03
-604.5	 -6.6070823E-04
-548.5	  3.8401480E-03
-545.5	 -2.7815900E-03
-367.5	  4.7391704E-03
-363.5	 -3.3166555E-03
-334.5	  7.1459166E-03
-330.5	 -3.2488599E-03
-323.5	  3.2210499E-03
-319.5	 -2.9024552E-03
-309.5	  2.8511291E-02
-148.5	  1.4310445E-02
-142.5	 -2.6142390E-03
-88.5	  1.5987214E-02
-80.5	 -7.4075679E-03
-26.5	  6.3468084E-02
-16.5	 -8.5511124E-03
3.5	  0.6164401    
4.5	  0.6494886    
34.5	 -1.4867405E-02
36.5	  1.4361498E-02
38.5	 -1.3015488E-02
46.5	  1.8685428E-02
61.5	 -1.9750944E-03
69.5	  4.1841496E-02
100.5	 -8.5171331E-03
101.5	  1.9527916E-02
105.5	 -4.0919613E-03
112.5	  1.0904043E-02
139.5	 -6.8848897E-03
146.5	  9.7202603E-03
242.5	 -3.0501382E-03
246.5	  6.5927240E-03
261.5	 -1.4884120E-03
266.5	  3.5840678E-03
408.5	 -6.5171663E-03
409.5	  5.9681572E-03
417.5	 -2.2217860E-03
421.5	  3.3886041E-03
532.5	 -1.8163926E-03
535.5	  3.0164367E-03
666.5	 -2.9012670E-03
668.5	  3.5720419E-03
915.5	 -2.9960354E-03
916.5	  8.6898040E-03
1143.5	 -2.5759256E-03
1144.5	  3.6534078E-03
