-1548.5	  2.0732270E-03
-1546.5	 -1.0060945E-03
-860.5	  5.8482578E-03
-859.5	 -1.1621804E-02
-784.5	  3.1602609E-03
-782.5	 -2.8533612E-03
-734.5	  4.6085408E-03
-732.5	 -2.9900691E-03
-603.5	  3.0654462E-03
-599.5	 -1.7926637E-03
-461.5	  4.4058836E-03
-458.5	 -3.8867325E-03
-260.5	  4.0414315E-03
-255.5	 -1.0125301E-03
-49.5	  1.9330168E-02
-42.5	 -3.4286680E-03
-12.5	  0.1773583    
-2.5	 -0.3167236    
1.5	  0.3000293    
14.5	 -2.7950860E-03
21.5	  2.0288602E-02
177.5	 -2.6002948E-03
182.5	  6.9904053E-03
279.5	 -2.8458000E-03
284.5	  4.3417979E-03
332.5	 -2.9709318E-03
337.5	  4.8172409E-03
613.5	 -3.2789719E-03
616.5	  3.6062736E-03
684.5	 -6.6062491E-03
685.5	  9.6317660E-03
767.5	 -7.8128278E-03
768.5	  7.1800696E-03
1121.5	 -1.7026239E-03
