-987.5	  4.4058668E-03
-986.5	 -5.4080961E-03
-543.5	  3.7243217E-03
-540.5	 -2.4485057E-03
-534.5	  2.4947377E-03
-530.5	 -1.4475667E-03
-382.5	  4.5703636E-03
-379.5	 -3.3865988E-03
-364.5	  4.5181336E-03
-359.5	 -1.3339047E-03
-264.5	  1.2429391E-02
-261.5	 -6.7413663E-03
-176.5	  6.8578357E-03
-171.5	 -1.5789883E-03
-130.5	  1.1874761E-02
-123.5	 -2.0835304E-03
-116.5	  7.3264129E-03
-113.5	 -4.0858951E-03
-70.5	  1.7663838E-02
-64.5	 -4.0702010E-03
-42.5	  1.2478351E-02
-34.5	 -2.0767569E-03
-0.5	  0.5893387    
22.5	 -5.1755728E-03
29.5	  2.6305839E-02
173.5	 -3.7931264E-03
179.5	  1.6967546E-02
233.5	 -1.6438669E-03
238.5	  4.6920604E-03
252.5	 -2.2369593E-03
257.5	  3.8251029E-03
335.5	 -1.1917598E-03
340.5	  3.6160983E-03
362.5	 -1.1451058E-03
367.5	  5.4387329E-03
486.5	 -2.1877163E-03
489.5	  3.7118546E-03
738.5	 -3.1236154E-03
740.5	  6.0195504E-03
905.5	 -4.2021764E-03
906.5	  4.8559024E-03
1003.5	 -1.9680178E-03
1006.5	  2.4500510E-03
1175.5	 -1.2998454E-03
1177.5	  3.0723994E-03
