-1560.5	  1.3647811E-03
-1558.5	 -6.5779983E-04
-1352.5	  2.1696156E-03
-1350.5	 -1.9029070E-03
-1084.5	  2.3081524E-03
-1081.5	 -1.4223357E-03
-712.5	  1.0295414E-02
-711.5	 -6.4100553E-03
-400.5	  5.1819389E-03
-396.5	 -1.9804528E-03
-351.5	  3.7075162E-03
-346.5	 -9.4208005E-04
-240.5	  5.6219841E-03
-234.5	 -2.0006017E-03
-221.5	  1.2084307E-02
-219.5	 -6.3319025E-03
-115.5	  0.1311748    
-114.5	  0.1311748    
-106.5	 -1.2653903E-03
0.5	  0.8156003    
1.5	  0.7912109    
66.5	 -9.9657231E-04
74.5	  3.7601784E-02
230.5	 -4.8617646E-03
235.5	 -3.0827448E-03
244.5	  4.7204932E-03
399.5	 -1.8416884E-03
402.5	  2.2955781E-03
420.5	 -6.7732143E-03
422.5	  9.2738708E-03
523.5	 -3.4780481E-03
526.5	  4.1779545E-03
744.5	 -2.1576134E-03
748.5	  2.9223077E-03
849.5	 -5.2185920E-03
850.5	  7.9160621E-03
1009.5	 -4.3662116E-03
1011.5	  3.7239715E-03
1133.5	 -6.4863171E-03
1609.5	 -2.9367732E-03
1610.5	  1.0270865E-02
