-1284.5	  4.1605681E-03
-1283.5	 -6.8497043E-03
-926.5	  2.6525704E-03
-922.5	 -1.3679398E-03
-865.5	  5.4638283E-03
-863.5	 -3.3145729E-03
-599.5	  7.2143343E-03
-597.5	 -3.7956820E-03
-512.5	  4.1504162E-03
-509.5	 -2.1730203E-03
-499.5	  2.7421967E-03
-494.5	 -7.4573763E-04
-357.5	  5.5456865E-03
-354.5	 -3.5831600E-03
-232.5	  6.8741613E-03
-226.5	 -1.0846342E-03
-176.5	  1.1455565E-02
-171.5	 -2.9717013E-03
-148.5	  3.5807170E-02
-145.5	 -2.6874347E-02
-59.5	  2.6061906E-02
-45.5	 -9.7071548E-04
-10.5	  0.8763595    
-9.5	   1.039990    
1.5	  -2.195765    
2.5	  -2.704327    
3.5	  0.7000926    
4.5	   36.06635    
5.5	   5.591799    
6.5	   2.282824    
7.5	   1.473249    
254.5	 -1.2189430E-03
259.5	  6.8948944E-03
362.5	 -9.8233379E-04
368.5	  4.5028231E-03
450.5	 -3.5511230E-03
453.5	  4.4794888E-03
470.5	 -2.1873752E-03
473.5	  5.6783129E-03
488.5	 -2.7808405E-03
491.5	  4.7260337E-03
546.5	 -1.3740862E-03
551.5	  3.1994446E-03
654.5	 -2.0254436E-03
657.5	  3.5534948E-03
1012.5	 -4.3066693E-03
1014.5	  4.0522516E-03
1037.5	 -1.7848319E-03
1039.5	  3.6831866E-03
