-1049.5	  3.0262405E-03
-1047.5	 -1.7094088E-03
-1031.5	  2.5192031E-03
-1029.5	 -1.8055373E-03
-1012.5	  1.8427351E-03
-1008.5	 -9.2261896E-04
-802.5	  2.6093991E-03
-799.5	 -1.4728070E-03
-605.5	  5.2287965E-03
-603.5	 -4.4147349E-03
-537.5	  2.8722484E-03
-533.5	 -2.1937976E-03
-457.5	  4.5897015E-03
-454.5	 -3.6641997E-03
-299.5	  4.3576155E-03
-295.5	 -2.9054035E-03
-223.5	  5.4147206E-03
-218.5	 -3.5035557E-03
-213.5	  3.7363330E-03
-209.5	 -3.2634772E-03
-193.5	  1.7284524E-02
-191.5	 -7.8892577E-03
-107.5	  7.1307858E-03
-100.5	 -1.5998700E-03
-12.5	  2.7462102E-02
-5.5	 -4.3104808E-03
10.5	  0.3028242    
32.5	 -5.5531152E-03
35.5	  8.9886850E-03
40.5	 -4.0853862E-03
47.5	  2.0519294E-02
56.5	 -3.2151968E-03
63.5	  1.8453505E-02
134.5	 -2.5892390E-03
140.5	  1.5718495E-02
187.5	 -6.0971254E-03
190.5	  5.9054722E-03
194.5	 -3.3089044E-03
200.5	  5.9248563E-03
362.5	 -1.3551812E-03
367.5	  4.2456766E-03
462.5	 -5.4967031E-03
464.5	  6.9325143E-03
610.5	 -2.4200114E-03
614.5	  3.1594357E-03
710.5	 -6.8499334E-03
711.5	  1.4747339E-02
1606.5	 -1.8451016E-03
1607.5	  4.3940130E-03
