-1045.5	  2.9627711E-03
-1043.5	 -3.1814431E-03
-851.5	  2.6533103E-03
-850.5	 -1.5482965E-03
-638.5	  9.3460921E-03
-637.5	 -7.5221867E-03
-536.5	  4.9731159E-03
-534.5	 -4.0614051E-03
-500.5	  4.2440440E-03
-497.5	 -3.1932890E-03
-429.5	  4.5298636E-03
-425.5	 -2.9899927E-03
-326.5	  3.6595259E-03
-322.5	 -2.0607291E-03
-312.5	  3.8509667E-03
-307.5	 -2.8962756E-03
-255.5	  4.3377848E-03
-250.5	 -1.4277633E-03
-125.5	  1.2812342E-02
-118.5	 -1.0016800E-03
-113.5	  2.1992323E-03
-109.5	 -5.7399748E-03
-73.5	  1.2277663E-02
-66.5	 -1.4703216E-03
-10.5	  0.5566541    
10.5	 -0.6917500    
11.5	 -0.9290615    
15.5	  0.9844597    
16.5	  0.8191181    
74.5	 -5.6132963E-03
81.5	  9.2965193E-02
126.5	 -2.1407411E-03
132.5	  5.8576944E-03
164.5	 -1.7017239E-03
170.5	  8.2306014E-03
321.5	 -3.1014585E-03
325.5	  4.9771303E-03
366.5	 -2.4614572E-03
371.5	  4.5096786E-03
487.5	 -1.4180075E-02
488.5	  9.8106256E-03
528.5	 -3.8371170E-03
532.5	  3.8701752E-03
782.5	 -1.9242314E-03
784.5	  4.2022257E-03
