-957.5	  3.4175238E-03
-955.5	 -3.2319380E-03
-835.5	  2.4000481E-03
-832.5	 -2.6064501E-03
-626.5	  2.8680030E-03
-622.5	 -2.0121969E-03
-614.5	  1.3516691E-03
-610.5	 -6.6402764E-04
-599.5	  2.9591848E-03
-596.5	 -1.8315952E-03
-515.5	  3.3356536E-03
-511.5	 -1.3323202E-03
-449.5	  4.6473518E-03
-445.5	 -3.5642001E-03
-443.5	  3.2527607E-03
-440.5	 -1.6883382E-03
-433.5	  2.1375052E-03
-429.5	 -1.1413095E-03
-322.5	  4.8420024E-03
-318.5	 -3.1204051E-03
-247.5	  7.6367902E-03
-242.5	 -1.8481435E-03
-227.5	  7.4490365E-03
-223.5	 -4.7928323E-03
-179.5	  2.6670488E-02
-177.5	 -6.7410329E-03
-139.5	  4.6467040E-02
-136.5	 -2.2997541E-02
-124.5	  8.9760441E-03
-116.5	 -6.6068987E-03
-16.5	  0.2406286    
-4.5	 -1.3233052E-03
11.5	  0.4692296    
12.5	  0.4998246    
87.5	 -1.0695467E-03
95.5	  9.0382816E-03
158.5	 -1.3622519E-03
164.5	  9.3744136E-03
197.5	 -3.2234099E-03
202.5	  6.0333847E-03
436.5	 -4.3165362E-03
438.5	  5.1660016E-03
503.5	 -2.5960789E-03
506.5	  3.9403560E-03
598.5	 -4.8986250E-03
600.5	  5.1322645E-03
907.5	 -2.4489786E-03
911.5	  3.9687175E-03
