-881.5	  5.2426383E-03
-879.5	 -4.1742716E-03
-774.5	  4.0720138E-03
-772.5	 -3.5705257E-03
-642.5	  2.8233205E-03
-639.5	 -1.7560105E-03
-261.5	  4.6030912E-03
-256.5	 -1.0916839E-03
-95.5	  3.7121203E-02
-87.5	 -6.2217941E-03
-46.5	  1.6365351E-02
-39.5	 -2.1676994E-03
-28.5	  3.1064427E-02
-22.5	 -4.2697219E-03
0.5	  0.7851067    
41.5	 -7.4790861E-03
50.5	  6.7910701E-02
158.5	 -8.6653717E-03
161.5	  1.7432382E-02
178.5	 -3.2816411E-03
183.5	  7.6283291E-03
227.5	 -1.8404886E-03
233.5	  4.1730148E-03
345.5	 -2.3030746E-03
348.5	  5.9800246E-03
528.5	 -5.8314023E-03
530.5	  6.4217839E-03
543.5	 -1.6665554E-03
547.5	  2.8874706E-03
589.5	 -3.1732921E-03
591.5	  5.4372642E-03
627.5	 -3.6667679E-03
629.5	  3.9104661E-03
869.5	 -5.2280440E-03
870.5	  4.0174820E-03
1021.5	 -4.1509671E-03
1022.5	  7.8339791E-03
