-671.5	  3.8768696E-03
-669.5	 -3.9589950E-03
-603.5	  3.4786239E-03
-600.5	 -2.3373780E-03
-478.5	  3.8282385E-03
-475.5	 -3.1189607E-03
-329.5	  3.6323343E-03
-328.5	  3.6323343E-03
-323.5	 -1.4126193E-03
-235.5	  5.9990720E-03
-231.5	 -3.9198799E-03
-227.5	  3.0339549E-03
-222.5	 -1.6995638E-03
-196.5	  2.0467924E-02
-194.5	 -8.6343186E-03
-177.5	  8.1921332E-03
-172.5	 -4.3930137E-03
-143.5	  1.9640280E-02
-140.5	 -7.3687355E-03
-99.5	  9.6554020E-03
-92.5	 -5.7568839E-03
-25.5	  0.3472639    
-24.5	  0.3458802    
-4.5	 -9.8369981E-04
11.5	  0.4227799    
12.5	  0.4529721    
36.5	 -4.8757317E-03
41.5	  3.7441101E-02
42.5	  3.7441101E-02
52.5	 -1.6804130E-03
58.5	  1.4604344E-02
74.5	 -2.7849168E-02
76.5	  4.0140331E-02
96.5	 -2.8917505E-03
103.5	  1.3721242E-02
191.5	 -5.5131605E-03
195.5	  1.3240089E-02
389.5	 -3.4759734E-03
392.5	  7.1787424E-03
452.5	 -1.0358449E-02
453.5	  1.3825961E-02
636.5	 -5.8092657E-03
639.5	  4.0705125E-03
679.5	 -4.4020382E-03
681.5	  6.4254906E-03
808.5	 -2.2711798E-03
810.5	  3.0278221E-03
1031.5	 -2.5879040E-03
1033.5	  3.7323497E-03
