-1197.5	  7.8111594E-03
-1196.5	 -2.4743038E-03
-1183.5	  2.5861345E-03
-1181.5	 -1.4401451E-03
-428.5	  3.3185675E-03
-423.5	 -2.4645599E-03
-317.5	  1.3455073E-02
-315.5	 -2.1421866E-02
-270.5	  6.9932393E-03
-265.5	 -2.8428512E-03
-120.5	  1.4781066E-02
-114.5	 -1.8406060E-03
-20.5	  0.2651004    
-5.5	 -1.0040655E-02
12.5	  0.3755946    
83.5	 -3.7167941E-03
89.5	  3.6296614E-02
120.5	 -2.9433616E-03
126.5	  6.1633647E-03
150.5	 -1.4873208E-02
153.5	  3.1261452E-02
233.5	 -7.2765388E-03
236.5	  1.5880248E-02
254.5	 -1.4240270E-03
259.5	  6.7676301E-03
362.5	 -4.7306689E-03
365.5	  5.7032788E-03
456.5	 -2.1173418E-03
459.5	  3.8382949E-03
472.5	 -2.1155737E-03
477.5	  3.4980529E-03
701.5	 -2.9450802E-03
703.5	  2.8278015E-03
725.5	 -6.8152570E-03
726.5	  8.9948438E-03
862.5	 -1.2191884E-03
869.5	  2.2584558E-03
1516.5	 -1.9986492E-03
1518.5	  2.3194728E-03
