-979.5	  2.1915170E-03
-977.5	 -2.1202692E-03
-649.5	  4.5395554E-03
-647.5	 -5.8829272E-03
-544.5	  6.2086000E-03
-542.5	 -5.1346077E-03
-463.5	  5.3299051E-03
-459.5	 -2.3787180E-03
-447.5	  5.6167906E-03
-444.5	 -3.6578090E-03
-152.5	  5.4127197E-03
-146.5	 -2.8341508E-03
-122.5	  7.5972909E-03
-116.5	 -1.1440273E-03
-38.5	  0.1189871    
-27.5	 -4.3863878E-03
-1.5	  0.4485027    
-0.5	  0.4390375    
31.5	 -3.4071296E-02
42.5	  0.1276907    
75.5	 -1.4702609E-02
84.5	  2.1560336E-02
124.5	 -9.3402211E-03
129.5	  2.7461987E-02
226.5	 -4.3047280E-03
231.5	  4.5934059E-03
252.5	 -1.1318219E-03
257.5	  5.1116901E-03
397.5	 -3.4294261E-03
400.5	  6.3215289E-03
479.5	 -3.1512999E-03
481.5	  5.0976630E-03
502.5	 -1.4965198E-03
507.5	  2.8006493E-03
1673.5	 -1.2823498E-03
1675.5	  1.8965281E-03
