-1957.5	  6.6089560E-03
-1955.5	 -1.4137281E-03
-1069.5	  2.2751689E-03
-1067.5	 -2.3411305E-03
-827.5	  3.4151762E-03
-825.5	 -3.5863132E-03
-760.5	  1.9820654E-03
-757.5	 -1.1440880E-03
-709.5	  1.8935174E-02
-708.5	 -5.0718552E-03
-568.5	  3.4049018E-03
-564.5	 -2.8189272E-03
-507.5	  2.9867040E-03
-504.5	 -1.2169961E-03
-416.5	  4.1513508E-03
-411.5	 -2.7965077E-03
-386.5	  3.7899914E-03
-382.5	 -2.2354443E-03
-337.5	  4.3180240E-03
-330.5	 -9.4680942E-04
-168.5	  6.9001475E-03
-163.5	 -1.3609483E-03
-151.5	  1.6315248E-02
-143.5	 -8.3702122E-04
-20.5	  0.4652166    
-10.5	 -0.2655386    
12.5	  0.4966795    
77.5	 -8.9587859E-04
85.5	  2.0921228E-02
173.5	 -1.8752603E-03
180.5	  1.8402206E-02
196.5	 -1.7365718E-02
197.5	  5.8216220E-03
202.5	 -5.2128406E-03
205.5	  1.5047648E-02
227.5	 -2.6008759E-03
232.5	  4.6589011E-03
353.5	 -2.5253382E-03
357.5	  6.6253818E-03
378.5	 -7.6243798E-03
380.5	  1.1338126E-02
475.5	 -2.9194520E-03
478.5	  3.9093336E-03
540.5	 -1.0105470E-03
544.5	  2.6110217E-03
769.5	 -2.6494728E-03
771.5	  5.5110874E-03
