-1123.5	  1.9717447E-03
-1121.5	 -9.2358171E-04
-816.5	  4.9945340E-03
-814.5	 -1.8787576E-03
-667.5	  3.2700624E-03
-663.5	 -2.8247554E-03
-541.5	  3.7893339E-03
-538.5	 -3.4030136E-03
-413.5	  2.9453710E-03
-408.5	 -1.8650821E-03
-392.5	  4.6793246E-03
-389.5	 -2.0258613E-03
-338.5	  1.2479358E-02
-336.5	 -7.4314773E-03
-250.5	  5.1872521E-03
-245.5	 -2.5926135E-03
-36.5	  2.6997143E-02
-29.5	 -3.6269294E-03
-17.5	  0.1031270    
-0.5	 -3.2129295E-03
13.5	  0.3613234    
14.5	  0.3793427    
63.5	 -1.6967815E-03
71.5	  1.9101849E-02
99.5	 -5.1641013E-03
106.5	  7.9274373E-03
194.5	 -1.1046445E-02
196.5	  1.9360479E-02
234.5	 -3.0004929E-03
238.5	  6.7987661E-03
265.5	 -3.0706949E-03
270.5	  7.8287385E-03
342.5	 -1.3194010E-03
347.5	  4.6539078E-03
528.5	 -2.6695118E-03
532.5	  3.3517771E-03
773.5	 -6.7104194E-03
774.5	  6.0890536E-03
