-1440.5	  5.4608309E-03
-1439.5	 -2.2607276E-03
-904.5	  9.5755942E-03
-809.5	  5.8407234E-03
-808.5	 -2.6108380E-03
-637.5	  4.7423602E-03
-634.5	 -3.2549656E-03
-528.5	  5.1589143E-03
-526.5	 -5.8713621E-03
-409.5	  3.5673382E-03
-405.5	 -2.2912431E-03
-332.5	  4.1441130E-03
-327.5	 -1.8172525E-03
-277.5	  6.1347946E-03
-271.5	 -1.2947390E-03
-62.5	  1.1278744E-02
-55.5	 -3.3209848E-03
-36.5	  7.0136987E-02
-35.5	  7.0136987E-02
-28.5	 -3.8223465E-03
-20.5	  1.9904777E-02
-9.5	 -3.4089698E-03
16.5	  0.3355659    
79.5	 -2.1580269E-03
86.5	  3.6059197E-02
111.5	 -8.2902731E-03
114.5	  1.6479516E-02
126.5	 -2.6809387E-03
132.5	  7.8663016E-03
249.5	 -1.8663363E-03
255.5	  8.2510030E-03
289.5	 -3.3678338E-03
294.5	  4.2697042E-03
377.5	 -3.0160493E-03
380.5	  4.7868709E-03
406.5	 -1.3690040E-03
412.5	  4.6804366E-03
660.5	 -2.2772940E-02
826.5	 -1.3032632E-03
830.5	  2.2102788E-03
