-939.5	  3.0076467E-03
-937.5	 -1.6523192E-03
-802.5	  3.4559974E-03
-800.5	 -3.1512443E-03
-567.5	  2.9539743E-03
-562.5	 -1.2260411E-03
-426.5	  7.3445099E-03
-424.5	 -5.7218210E-03
-346.5	  3.9341678E-03
-341.5	 -1.8759492E-03
-236.5	  7.3222388E-03
-230.5	 -1.1046588E-03
-109.5	  8.3572175E-03
-102.5	 -2.1538353E-03
-93.5	  2.2569172E-02
-91.5	 -2.2694217E-02
-8.5	  0.6061077    
18.5	 -8.1909187E-03
32.5	  0.1958239    
152.5	 -1.6310596E-03
157.5	  6.1510047E-03
175.5	 -7.0497487E-04
182.5	  1.1301952E-02
351.5	 -6.2452354E-03
353.5	  1.2646328E-02
437.5	 -1.6509457E-03
440.5	  5.5849468E-03
884.5	 -1.7936097E-03
886.5	  3.8378399E-03
1029.5	 -1.2203079E-03
1032.5	  2.2124366E-03
