-972.5	  3.5787397E-03
-970.5	 -3.3284631E-03
-779.5	  4.9179802E-03
-778.5	 -4.0274527E-02
-601.5	  7.2143152E-03
-599.5	 -4.3690992E-03
-369.5	  3.5805181E-03
-363.5	 -3.1899170E-03
-348.5	  1.4185527E-03
-345.5	 -1.1046286E-03
-164.5	  7.8666192E-03
-157.5	 -1.0684240E-03
-47.5	  1.3108783E-02
-39.5	 -4.0188264E-03
-32.5	  2.4680793E-02
-26.5	 -3.7846344E-03
2.5	  0.7229882    
124.5	 -1.0828373E-02
130.5	  2.6150675E-02
193.5	 -7.9074485E-04
200.5	  9.0668015E-03
230.5	 -2.7164973E-03
235.5	  5.3541083E-03
361.5	 -1.1461133E-03
365.5	  4.4723991E-03
420.5	 -9.5198583E-03
421.5	  2.9444430E-02
505.5	 -3.3950510E-03
507.5	  6.7001013E-03
629.5	 -1.8817631E-03
632.5	  3.8198461E-03
671.5	 -2.4442496E-03
673.5	  4.0622465E-03
990.5	 -2.2635288E-03
992.5	  3.2417874E-03
1063.5	 -1.8805983E-03
1065.5	  3.6694387E-03
1920.5	 -1.6928921E-03
1921.5	  2.0192736E-03
