-1437.5	  3.2481099E-03
-1436.5	 -5.1220166E-03
-1048.5	  5.9812386E-03
-1047.5	 -6.2439498E-03
-897.5	  1.9689833E-03
-894.5	 -1.0569880E-03
-854.5	  2.4869572E-03
-851.5	 -1.7410968E-03
-776.5	  2.9428764E-03
-774.5	 -1.4936858E-03
-756.5	  2.2517370E-02
-755.5	 -4.8684478E-03
-629.5	  5.7077757E-03
-626.5	 -3.6530658E-03
-537.5	  3.6363006E-03
-533.5	 -2.5132380E-03
-372.5	  4.5251655E-03
-369.5	 -1.9410169E-03
-345.5	  3.5417560E-03
-341.5	 -2.6367509E-03
-186.5	  2.0720199E-02
-182.5	 -1.1623617E-02
-76.5	  2.7973222E-02
-69.5	 -1.0224235E-03
-1.5	  0.8021935    
102.5	  8.6732015E-02
171.5	 -4.6997969E-03
175.5	  9.6977502E-03
187.5	 -3.0292675E-03
193.5	  1.4188721E-02
252.5	 -1.4597863E-02
254.5	  2.3975158E-02
283.5	 -3.8013146E-03
288.5	  5.1205484E-03
381.5	 -1.6416280E-03
386.5	  3.7676026E-03
439.5	 -1.1825416E-03
444.5	  2.9069090E-03
626.5	 -6.0762535E-04
632.5	  2.4185693E-03
716.5	 -2.0429029E-03
719.5	  3.3864616E-03
1070.5	 -1.3538275E-03
1073.5	  2.0385056E-03
