-807.5	  3.1521088E-03
-804.5	 -1.7799363E-03
-672.5	  2.7108165E-03
-669.5	 -1.8359001E-03
-575.5	  3.6119611E-03
-572.5	 -2.0934178E-03
-538.5	  3.3481005E-03
-534.5	 -2.0917673E-03
-243.5	  6.1222552E-03
-238.5	 -3.3237659E-03
-218.5	  1.1974752E-02
-213.5	 -2.2346028E-03
-159.5	  1.1680731E-02
-153.5	 -1.2246870E-03
-60.5	  1.0553743E-02
-53.5	 -2.9459784E-03
-30.5	  7.9603530E-02
-21.5	 -1.2824045E-03
-14.5	  1.8225828E-02
-7.5	 -2.8234022E-03
1.5	  0.2752071    
2.5	  0.4183113    
213.5	 -2.6939996E-03
218.5	  8.7614041E-03
356.5	 -9.7885751E-04
361.5	  4.6231761E-03
403.5	 -3.5037894E-03
406.5	  6.4798184E-03
578.5	 -2.9743947E-03
581.5	  3.5775299E-03
663.5	 -1.1212161E-03
667.5	  3.0069591E-03
828.5	 -2.0770601E-03
831.5	  2.6830346E-03
863.5	 -2.4630867E-03
867.5	  2.5314742E-03
