-1293.5	  3.1667391E-03
-1292.5	 -1.7508164E-02
-766.5	  2.5291350E-03
-764.5	 -2.3716001E-03
-723.5	  4.2000348E-03
-719.5	 -4.6362900E-03
-619.5	  4.4619851E-03
-617.5	 -2.3254915E-03
-545.5	  3.4470309E-03
-542.5	 -3.7916724E-03
-483.5	  7.1038282E-03
-481.5	 -1.0612113E-02
-358.5	  4.9444954E-03
-354.5	 -1.9540139E-03
-176.5	  1.0592943E-02
-170.5	 -1.0261888E-03
-18.5	  0.7777092    
-17.5	  0.7777092    
7.5	 -9.4922036E-03
22.5	  0.2124812    
46.5	 -2.8984644E-03
49.5	  5.8582239E-03
56.5	 -8.5806166E-04
64.5	  1.4042750E-02
347.5	 -1.9728141E-03
355.5	  3.8498777E-03
467.5	 -2.7778908E-03
470.5	  4.1121356E-03
870.5	 -2.5259145E-03
871.5	  3.5268813E-03
1596.5	 -1.9295088E-03
