-1334.5	  1.7935886E-03
-1039.5	  2.1987159E-03
-1036.5	 -1.6900911E-03
-751.5	  5.9542325E-03
-750.5	 -2.8967794E-03
-619.5	  3.4483888E-03
-616.5	 -1.6181639E-03
-533.5	  5.0900262E-03
-531.5	 -5.7800938E-03
-477.5	  4.2527919E-03
-474.5	 -3.3921157E-03
-295.5	  4.4720527E-03
-290.5	 -2.4755721E-03
-213.5	  6.6723027E-03
-207.5	 -3.0270063E-03
-153.5	  8.5394708E-03
-147.5	 -2.7717289E-03
-137.5	  2.3002060E-02
-132.5	 -2.6322722E-03
-79.5	  0.1163438    
-77.5	 -8.2768373E-02
-9.5	  0.1292343    
-0.5	 -3.8121263E-03
6.5	  3.4107186E-02
14.5	 -3.1711007E-03
22.5	  5.6048740E-02
110.5	 -1.0162145E-02
113.5	  2.2420494E-02
178.5	 -1.0556994E-03
184.5	  5.9989314E-03
268.5	 -2.5955706E-03
273.5	  5.7244119E-03
407.5	 -1.2208149E-03
411.5	  2.9907022E-03
750.5	 -1.6907133E-03
753.5	  2.2513615E-03
877.5	 -4.9514226E-03
878.5	  3.4477781E-03
