-1088.5	  2.6621751E-03
-1086.5	 -2.0404118E-03
-944.5	  2.0941338E-03
-942.5	 -9.1285451E-04
-431.5	  3.5142568E-03
-427.5	 -1.3353433E-03
-317.5	  2.1307308E-02
-316.5	 -1.2846004E-02
-271.5	  1.0660850E-02
-267.5	 -5.0957380E-03
-161.5	  8.8334586E-03
-154.5	 -3.0319495E-03
-90.5	  3.2646425E-02
-82.5	 -2.4925091E-03
-23.5	  0.2029657    
-11.5	 -1.8558827E-03
-7.5	  1.9032449E-03
-3.5	 -1.2738623E-03
12.5	  0.3882878    
93.5	 -5.7276059E-03
97.5	  9.5121982E-03
105.5	 -7.2402542E-04
113.5	  2.3421776E-02
153.5	 -8.1312275E-03
158.5	  2.4176102E-02
280.5	 -2.2021423E-03
284.5	  5.5026915E-03
402.5	 -1.1794646E-03
406.5	  3.1968644E-03
491.5	 -2.0327251E-03
494.5	  3.3965630E-03
508.5	 -1.5443141E-03
511.5	  2.9379656E-03
520.5	 -3.1063671E-03
523.5	  4.0940498E-03
605.5	 -2.1582885E-02
606.5	  6.9186175E-03
635.5	 -1.3440269E-03
639.5	  2.6538826E-03
901.5	 -3.3369234E-03
905.5	  2.8454363E-03
