-743.5	  1.2470809E-02
-681.5	  3.0703531E-03
-679.5	 -1.4053927E-03
-592.5	  2.9794681E-03
-589.5	 -1.9889916E-03
-463.5	  5.2948454E-03
-459.5	 -3.1716239E-03
-332.5	  3.6570963E-03
-328.5	 -1.4295157E-03
-238.5	  5.0101448E-03
-233.5	 -1.3515271E-03
-185.5	  8.6666895E-03
-180.5	 -3.5630031E-03
-153.5	  1.8622963E-02
-146.5	 -2.7684730E-03
-45.5	  1.5742464E-02
-36.5	 -3.0897118E-03
-4.5	  0.6654495    
-3.5	  0.6782580    
107.5	 -7.7549610E-03
108.5	  1.1243543E-02
114.5	 -9.5140096E-04
121.5	  1.6019586E-02
286.5	 -2.9568584E-03
291.5	  4.0611713E-03
324.5	 -1.2545137E-03
329.5	  3.5772286E-03
453.5	 -2.7155646E-03
456.5	  3.9465697E-03
477.5	 -4.5943544E-03
480.5	  5.1379912E-03
576.5	 -1.1852764E-03
580.5	  2.8257074E-03
678.5	 -9.3162642E-04
684.5	  9.0809120E-03
933.5	 -1.1964692E-03
936.5	  2.3751012E-03
