-1040.5	  5.4156464E-03
-917.5	  4.3166704E-03
-916.5	 -2.3369924E-03
-698.5	  2.5462082E-03
-694.5	 -1.3632629E-03
-653.5	  1.9912310E-03
-649.5	 -8.3943817E-04
-549.5	  3.4110209E-03
-545.5	 -1.6186862E-03
-428.5	  5.6290352E-03
-425.5	 -3.6748741E-03
-326.5	  4.9264696E-03
-321.5	 -1.2523466E-03
-272.5	  4.4124955E-03
-267.5	 -2.2160162E-03
-107.5	  2.8122066E-02
-100.5	 -4.2363810E-03
-16.5	  0.3685193    
4.5	 -0.1171474    
6.5	  4.2110458E-02
15.5	 -2.5096287E-03
25.5	  0.1184050    
26.5	  0.1651846    
183.5	 -9.7544567E-04
189.5	  9.4027333E-03
265.5	 -2.7755189E-03
270.5	  5.2684802E-03
330.5	 -3.1849116E-03
333.5	  7.3381742E-03
347.5	 -2.5659965E-03
351.5	  4.0869433E-03
376.5	 -2.4389182E-03
380.5	  3.7627604E-03
584.5	 -4.4806260E-03
586.5	  5.3277696E-03
595.5	 -1.5353061E-03
599.5	  3.2587426E-03
718.5	 -1.4011237E-03
721.5	  2.6638268E-03
