-751.5	  2.6477233E-03
-748.5	 -1.8860366E-03
-596.5	  2.4665671E-03
-592.5	 -1.3496468E-03
-566.5	  4.7115539E-03
-564.5	 -5.5918163E-03
-536.5	  2.7963691E-03
-533.5	 -1.7455881E-03
-357.5	  4.7480054E-03
-354.5	 -3.0991377E-03
-331.5	  1.1900784E-02
-329.5	 -5.8558034E-03
-268.5	  5.1657367E-03
-264.5	 -3.0453168E-03
-222.5	  9.6236365E-03
-217.5	 -2.1995618E-03
-175.5	  5.6618145E-03
-169.5	 -2.3680928E-03
-164.5	  1.5759901E-03
-161.5	 -1.2164828E-03
-82.5	  1.2250975E-02
-76.5	 -3.6029159E-03
-72.5	  9.0825632E-03
-70.5	 -1.1217892E-02
-43.5	  2.1272756E-02
-36.5	 -4.1670310E-03
-30.5	  2.4180885E-02
-23.5	 -3.1518820E-03
-1.5	  0.6557617    
-0.5	  0.7706310    
42.5	 -5.7529688E-02
48.5	  0.1307842    
170.5	 -3.5940856E-03
174.5	  7.8365495E-03
179.5	 -2.8243386E-03
184.5	  4.6291114E-03
381.5	 -3.9490825E-03
384.5	  5.1694633E-03
440.5	 -1.1769059E-03
443.5	  2.1680538E-03
446.5	 -2.7465676E-03
450.5	  3.2218713E-03
640.5	 -2.6100709E-03
643.5	  3.0153620E-03
724.5	 -2.5831710E-03
726.5	  3.3552451E-03
1092.5	  1.8473531E-03
1231.5	 -3.8650553E-03
1233.5	  4.8683607E-03
