-690.5	  5.0524049E-03
-688.5	 -4.2672046E-03
-564.5	  4.2478875E-03
-561.5	 -3.5807388E-03
-274.5	  4.5199734E-03
-265.5	 -1.7770111E-03
-203.5	  1.1807488E-02
-198.5	 -2.8441404E-03
-142.5	  2.2847900E-02
-135.5	 -2.2041094E-03
-104.5	  3.1781211E-02
-95.5	 -8.8928444E-03
-9.5	  0.6622516    
-8.5	  0.6713378    
15.5	 -0.7589417    
16.5	  -1.246690    
19.5	  0.9382114    
55.5	 -1.4167893E-03
62.5	  1.9423114E-02
78.5	 -5.3212978E-03
81.5	  9.6374201E-03
86.5	 -3.6025546E-03
92.5	  9.4457157E-03
212.5	 -1.4149363E-02
215.5	  2.0207303E-02
226.5	 -2.6027006E-03
232.5	  6.3274223E-03
513.5	 -1.8886289E-03
516.5	  3.8148423E-03
544.5	 -1.4190874E-03
547.5	  2.7677948E-03
640.5	 -8.7161624E-04
646.5	  1.9913714E-03
944.5	 -3.8928660E-03
946.5	  3.4877278E-03
1418.5	 -6.2384815E-03
1419.5	  4.2988993E-03
