-635.5	  3.3621087E-03
-632.5	 -2.7052804E-03
-472.5	  3.9849514E-03
-467.5	 -1.3544820E-03
-347.5	  5.1274062E-03
-342.5	 -1.2172703E-03
-225.5	  5.2411859E-03
-220.5	 -2.5854327E-03
-217.5	  2.5688014E-03
-211.5	 -4.4572647E-04
-187.5	  4.7635385E-03
-181.5	 -2.3606464E-03
-165.5	  1.6034260E-02
-163.5	 -1.1480207E-02
-52.5	  1.6728353E-02
-45.5	 -4.0328340E-03
-41.5	  6.9643636E-03
-37.5	 -1.9266960E-03
-1.5	   3.969050    
-0.5	   8.176240    
0.5	   9.801579    
1.5	  0.4429125    
94.5	 -3.5121897E-03
102.5	  3.4378782E-02
157.5	 -1.3189468E-03
162.5	  5.6467284E-03
201.5	 -8.1591681E-03
202.5	  7.8263521E-02
210.5	 -3.6887543E-03
215.5	  5.7617789E-03
458.5	 -5.8327597E-03
460.5	  7.1590804E-03
549.5	 -3.2144068E-03
552.5	  3.6090815E-03
599.5	 -3.0338718E-03
602.5	  4.1055605E-03
703.5	 -1.5465970E-03
706.5	  3.0573679E-03
762.5	 -2.0085324E-03
764.5	  3.2174634E-03
796.5	 -1.1223012E-03
799.5	  2.7993647E-03
954.5	 -1.2430691E-03
957.5	  1.6008397E-03
971.5	 -3.7374208E-03
972.5	  3.6241277E-03
