-1282.5	  1.8712936E-03
-1280.5	 -1.6863392E-03
-640.5	  3.1427613E-03
-636.5	 -1.7406942E-03
-587.5	  3.1859605E-03
-584.5	 -2.4325526E-03
-382.5	  3.4112439E-03
-377.5	 -2.4556327E-03
-173.5	  8.0258716E-03
-167.5	 -8.7768200E-04
-103.5	  1.3081894E-02
-97.5	 -1.1445555E-03
-17.5	  0.2744848    
-2.5	 -5.4454254E-03
8.5	  2.9763710E-02
16.5	 -5.0443909E-03
25.5	  0.1050580    
42.5	 -4.0504285E-03
49.5	  1.5666416E-02
193.5	 -5.6132656E-03
195.5	  1.5303739E-02
210.5	 -2.6719254E-03
216.5	  6.3404073E-03
304.5	 -4.4687521E-03
308.5	  1.0285913E-02
356.5	 -1.6008092E-03
362.5	  2.9798702E-03
517.5	 -1.7496094E-03
523.5	  3.0837571E-03
589.5	 -2.8295927E-02
941.5	 -2.9912135E-03
943.5	  3.3617816E-03
