-904.5	  4.6425699E-03
-902.5	 -3.0041835E-03
-692.5	  2.8951333E-03
-689.5	 -1.6775740E-03
-622.5	  5.6971540E-03
-620.5	 -4.4109747E-03
-527.5	  4.4119176E-03
-524.5	 -3.2345210E-03
-438.5	  3.0816800E-03
-434.5	 -2.8217488E-03
-412.5	  4.5715370E-03
-409.5	 -3.5412703E-03
-392.5	  7.9008080E-03
-389.5	 -2.9729330E-03
-243.5	  7.3040435E-03
-237.5	 -2.7033361E-03
-190.5	  8.6105140E-03
-185.5	 -1.9861560E-03
-98.5	  9.9445293E-03
-90.5	 -1.4251458E-03
0.5	  0.9129357    
1.5	  0.9129357    
43.5	 -1.5255052E-03
56.5	  2.6609823E-02
126.5	 -6.0769347E-03
128.5	  9.3499972E-03
133.5	 -3.4321786E-03
138.5	  6.6281911E-03
227.5	 -2.5935080E-03
231.5	  6.6940296E-03
348.5	 -3.0739049E-03
352.5	  3.7428201E-03
450.5	 -4.4414564E-03
454.5	  4.6191942E-03
623.5	 -1.9761424E-03
626.5	  3.2149872E-03
687.5	 -4.0351041E-03
699.5	 -4.9117655E-03
701.5	  4.3564965E-03
