-896.5	  2.1819198E-03
-893.5	 -1.6022970E-03
-832.5	  4.5801620E-03
-831.5	 -1.9059007E-03
-746.5	  3.4740062E-03
-743.5	 -2.8792697E-03
-551.5	  2.2950429E-03
-547.5	 -1.1731031E-03
-447.5	  4.2666998E-03
-444.5	 -2.9665423E-03
-354.5	  1.2800500E-02
-352.5	 -8.3281742E-03
-276.5	  4.8711631E-03
-269.5	 -3.3499819E-04
-205.5	  6.5850001E-03
-200.5	 -1.4130345E-03
-22.5	  0.2389952    
-9.5	 -1.2346319E-03
8.5	  0.4786405    
9.5	  0.5087330    
62.5	 -2.3024406E-03
69.5	  2.2295404E-02
76.5	 -4.3544541E-03
82.5	  6.0542482E-03
94.5	 -4.4731293E-03
106.5	  3.1941231E-02
333.5	 -2.2480974E-03
337.5	  4.8353495E-03
456.5	 -1.3261389E-03
460.5	  3.6573324E-03
467.5	 -2.4844313E-03
471.5	  3.7089277E-03
624.5	 -2.0069587E-03
626.5	  3.8541737E-03
728.5	 -6.6341790E-03
768.5	 -5.0373250E-03
769.5	  7.7167340E-03
812.5	 -3.1298953E-03
814.5	  4.7804588E-03
