-681.5	  1.0164137E-02
-679.5	 -6.7133564E-03
-670.5	  3.2052512E-03
-667.5	 -1.6388864E-03
-528.5	  5.6191953E-03
-526.5	 -4.4458071E-03
-330.5	  4.6985461E-03
-326.5	 -3.0139254E-03
-309.5	  9.3608303E-03
-305.5	 -2.3785522E-03
-298.5	  2.3633023E-03
-295.5	 -1.3553740E-03
-188.5	  9.0212217E-03
-182.5	 -3.6107576E-03
-177.5	  8.7559726E-03
-175.5	 -8.3113508E-03
-67.5	  1.7043924E-02
-59.5	 -1.3537327E-03
-1.5	  0.3177781    
7.5	 -2.6394848E-03
15.5	  4.1501176E-02
27.5	 -7.9221707E-03
34.5	  2.4488235E-02
44.5	 -3.6368477E-03
53.5	  7.4797079E-02
105.5	 -1.2036827E-03
111.5	  9.5638810E-03
375.5	 -2.9933292E-03
379.5	  4.7333259E-03
462.5	 -3.8237276E-03
464.5	  4.6238522E-03
539.5	 -3.0571041E-03
542.5	  3.7952086E-03
643.5	 -7.3543005E-03
644.5	  4.4418802E-03
923.5	 -1.6676479E-03
925.5	  2.4897433E-03
