-1232.5	  2.6893916E-03
-1230.5	 -2.2690007E-03
-1086.5	  1.4504988E-03
-1081.5	 -3.8303627E-04
-929.5	  4.3951091E-03
-927.5	 -2.3351763E-03
-701.5	  1.9555865E-03
-696.5	 -5.4052914E-04
-492.5	  4.3404438E-03
-489.5	 -3.0778248E-03
-423.5	  5.5874493E-03
-420.5	 -2.5170373E-03
-387.5	  4.1636755E-03
-383.5	 -3.0635933E-03
-209.5	  4.7058458E-03
-204.5	 -2.5741060E-03
-198.5	  2.8381476E-02
-72.5	  7.9780985E-03
-66.5	 -2.2108837E-03
-60.5	  7.7687139E-03
-57.5	 -4.3882676E-03
-0.5	  0.9752452    
0.5	   1.072392    
58.5	 -3.3836446E-03
64.5	  6.0733082E-03
74.5	 -7.1173632E-03
81.5	  5.7768370E-03
86.5	 -2.2909878E-02
93.5	  5.5719741E-02
193.5	 -1.5019716E-03
198.5	  5.9579392E-03
492.5	 -1.3493677E-03
496.5	  3.6207414E-03
557.5	 -1.4799071E-02
603.5	 -4.6264189E-03
604.5	  2.1538906E-02
720.5	 -3.7954708E-03
722.5	  4.5214603E-03
802.5	 -1.0034636E-03
805.5	  1.9562934E-03
1919.5	 -2.7827334E-03
1920.5	  2.5279941E-03
