-1271.5	  2.3901179E-03
-1269.5	 -1.8563368E-03
-830.5	  3.2179069E-03
-828.5	 -2.3919868E-03
-644.5	  2.4875537E-03
-640.5	 -1.1751406E-03
-361.5	  4.4194446E-03
-357.5	 -3.7302999E-03
-278.5	  3.7371283E-03
-273.5	 -1.6659223E-03
-190.5	  4.1494868E-03
-182.5	 -9.9680026E-04
-14.5	  3.0481407E-02
-7.5	 -4.8813042E-03
-0.5	  3.0211614E-02
7.5	 -3.4953728E-03
15.5	  3.1221595E-02
65.5	 -5.0857915E-03
71.5	  4.8416931E-02
136.5	 -3.0768628E-03
142.5	  7.5709792E-03
238.5	 -3.1519573E-02
239.5	  1.8429613E-02
259.5	 -2.9316824E-03
263.5	  6.0807015E-03
350.5	 -2.8449898E-03
356.5	  4.4655218E-03
372.5	 -4.9030199E-03
375.5	  5.3877826E-03
551.5	 -3.4077761E-03
553.5	  6.4644422E-03
685.5	 -5.6761885E-03
686.5	  7.4684969E-03
933.5	 -1.3651594E-03
936.5	  2.1965241E-03
1040.5	 -3.9750626E-03
1042.5	  3.0152388E-03
