-1233.5	 -5.5568991E-05
-780.5	  1.9576228E-03
-776.5	 -9.6088840E-04
-688.5	  1.0060952E-02
-687.5	 -6.6842474E-03
-665.5	  2.2984964E-03
-661.5	 -9.3267608E-04
-593.5	  3.3628386E-03
-589.5	 -1.5774134E-03
-493.5	  3.5260203E-03
-488.5	 -2.1165903E-03
-412.5	  3.8815234E-03
-407.5	 -2.7065815E-03
-349.5	  4.6452540E-03
-344.5	 -2.2096455E-03
-228.5	  6.5070200E-03
-222.5	 -8.4445218E-04
-166.5	  8.3597470E-03
-161.5	 -1.9007992E-03
-74.5	  1.6808085E-02
-67.5	 -2.8191698E-03
-62.5	  8.6456733E-03
-59.5	 -3.4572606E-03
2.5	  0.9073566    
66.5	 -3.9910045E-03
69.5	  7.1569853E-03
74.5	 -2.8505574E-03
80.5	  7.8475401E-03
104.5	 -6.6095963E-02
106.5	  8.9199573E-02
210.5	 -4.7258032E-03
215.5	  1.5184964E-02
216.5	  1.5184964E-02
287.5	 -1.2901681E-03
292.5	  5.7223723E-03
405.5	 -2.7910557E-03
409.5	  4.3814378E-03
463.5	 -3.9272201E-03
465.5	  6.0970029E-03
596.5	 -2.1374836E-03
600.5	  2.5823445E-03
