-1159.5	  1.9720125E-03
-1156.5	 -1.2865259E-03
-847.5	  1.7775842E-03
-843.5	 -1.1506659E-03
-666.5	  2.6710366E-03
-661.5	 -8.8341621E-04
-647.5	  3.0181429E-03
-643.5	 -2.0664555E-03
-470.5	  4.5020822E-03
-467.5	 -4.3588239E-03
-138.5	  2.6724603E-02
-132.5	 -9.2893923E-03
-129.5	  5.2924068E-03
-125.5	 -3.3296752E-03
-117.5	  1.0873028E-02
-111.5	 -1.5114357E-03
-26.5	  0.1977645    
-11.5	 -3.1068195E-03
9.5	  0.3791459    
10.5	  0.3949379    
85.5	 -3.4140616E-03
89.5	  1.0328359E-02
95.5	 -2.9871557E-03
101.5	  7.5115166E-03
392.5	 -1.3990360E-03
396.5	  3.2062591E-03
484.5	 -2.1695651E-03
489.5	  3.5761665E-03
609.5	 -2.5054226E-03
611.5	  3.1776819E-03
619.5	 -6.6210181E-03
620.5	  4.6250122E-03
1031.5	 -3.5099175E-03
1032.5	  2.4285428E-03
1717.5	 -7.2870014E-04
1721.5	  1.3981235E-03
