-951.5	  3.3206458E-03
-949.5	 -1.4109493E-03
-658.5	  5.2243848E-03
-656.5	 -3.2590681E-03
-643.5	  2.2340212E-03
-638.5	 -1.0061647E-03
-468.5	  5.0378982E-03
-465.5	 -3.5750193E-03
-419.5	  3.7474923E-03
-414.5	 -1.1337479E-03
-62.5	  3.1351179E-02
-53.5	 -3.0495862E-03
-8.5	  0.4813685    
12.5	 -9.3080412E-04
23.5	  0.2665062    
24.5	  0.2665062    
123.5	 -4.6423068E-03
126.5	  1.6676098E-02
141.5	 -1.0341064E-03
147.5	  6.1532082E-03
236.5	 -1.7078180E-03
242.5	  4.5496779E-03
301.5	 -2.1583817E-03
305.5	  5.6481785E-03
360.5	 -1.4043244E-03
365.5	  3.3638664E-03
542.5	 -2.7471127E-03
546.5	  7.5827134E-03
568.5	 -5.4909335E-03
570.5	  4.9920096E-03
685.5	 -3.8929698E-03
688.5	  3.5489611E-03
