-1086.5	  2.7177888E-03
-1084.5	 -2.0448875E-03
-797.5	  2.8192201E-03
-795.5	 -1.4233846E-03
-764.5	  2.0897693E-03
-759.5	 -1.1987460E-03
-603.5	  2.7829860E-03
-598.5	 -3.1626415E-03
-508.5	  2.6165436E-03
-504.5	 -1.0489611E-03
-460.5	  5.1534618E-03
-457.5	 -2.1636789E-03
-432.5	  4.7138096E-03
-429.5	 -3.7686236E-03
-398.5	  4.3908735E-03
-394.5	 -3.0341865E-03
-371.5	  4.3269144E-03
-366.5	 -1.2989303E-03
-215.5	  5.1168720E-03
-209.5	 -4.5714234E-03
-33.5	  0.1251490    
-23.5	 -1.7182714E-03
2.5	  0.6466271    
3.5	  0.6417045    
75.5	 -3.5912027E-03
80.5	  1.9796811E-02
90.5	 -1.4378467E-03
96.5	  5.3351182E-03
105.5	 -2.5271736E-03
111.5	  8.6992681E-03
228.5	 -2.7875928E-03
234.5	  4.9988790E-03
385.5	 -2.6967202E-03
391.5	  3.9691674E-03
480.5	 -1.9960653E-03
484.5	  2.8937175E-03
515.5	 -2.6888002E-03
518.5	  4.9365158E-03
552.5	 -2.8559812E-03
555.5	  3.9482098E-03
695.5	 -2.0498880E-03
699.5	  2.8510315E-03
913.5	 -9.3356980E-04
917.5	  1.7940914E-03
1106.5	 -1.5052990E-03
1109.5	  2.7480370E-03
