-1280.5	  1.8690743E-03
-1277.5	 -1.3736014E-03
-1099.5	  1.1348901E-02
-1098.5	 -3.8784500E-03
-920.5	  3.1183660E-03
-918.5	 -1.9675167E-03
-814.5	  3.9912574E-03
-812.5	 -3.6246246E-03
-735.5	  9.4267540E-03
-734.5	 -7.7353730E-03
-558.5	  2.0085638E-03
-553.5	 -1.2870749E-03
-496.5	  4.7940300E-03
-491.5	 -2.3821543E-03
-438.5	  7.2092908E-03
-436.5	 -6.7299851E-03
-404.5	  3.5899703E-03
-402.5	 -2.9326498E-03
-346.5	  5.3917198E-03
-343.5	 -4.1670566E-03
-126.5	  9.1134217E-03
-120.5	 -1.2207814E-03
-77.5	  1.2018956E-02
-70.5	 -8.4477192E-04
-9.5	  7.1888342E-02
-8.5	  7.1888342E-02
-0.5	 -2.7014425E-03
8.5	  5.0209615E-02
18.5	 -2.6776178E-03
26.5	  4.8931707E-02
150.5	 -5.9180744E-03
153.5	  1.9486805E-02
185.5	 -1.5416510E-03
194.5	  4.9943933E-03
244.5	 -1.5387326E-03
249.5	  7.6756799E-03
346.5	 -1.5362204E-03
352.5	  3.9484324E-03
470.5	 -2.7807818E-03
473.5	  4.1318079E-03
652.5	 -3.8724141E-03
654.5	  6.0185110E-03
736.5	 -1.8122852E-03
739.5	  2.5488930E-03
851.5	 -3.0014252E-03
853.5	  5.0361203E-03
1074.5	 -3.2847123E-03
1075.5	  2.4374810E-03
1138.5	 -3.0203036E-03
1139.5	  6.2295394E-03
