-1132.5	  1.5620424E-03
-1128.5	 -7.5623632E-04
-850.5	  2.8396654E-03
-847.5	 -2.2276451E-03
-821.5	  2.3263344E-03
-818.5	 -1.6198873E-03
-690.5	  2.6534260E-03
-687.5	 -2.0591638E-03
-540.5	  3.1209006E-03
-536.5	 -2.5234509E-03
-502.5	  2.6850863E-03
-497.5	 -1.3319381E-03
-482.5	  3.7215508E-03
-479.5	 -3.2310304E-03
-374.5	  3.7350715E-03
-370.5	 -2.3921600E-03
-318.5	  4.6001552E-03
-313.5	 -3.6346694E-03
-204.5	  7.8286342E-03
-199.5	 -1.6394776E-03
-51.5	  1.4610973E-02
-44.5	 -3.1527746E-03
-39.5	  5.8662281E-03
-33.5	 -9.0831151E-04
-27.5	  5.2977595E-03
-26.5	 -2.3729658E-02
-0.5	   1.240772    
0.5	   1.551322    
1.5	   1.911785    
6.5	  -2.128637    
7.5	  -1.854455    
8.5	  -1.692387    
17.5	  0.9836358    
18.5	  0.9222109    
88.5	 -1.6852847E-03
95.5	  1.7409913E-02
118.5	 -3.2460818E-03
122.5	  3.9431611E-03
128.5	 -3.6581652E-03
132.5	  1.3936333E-02
152.5	 -3.8953207E-03
158.5	  6.9172685E-03
292.5	 -1.3394279E-03
297.5	  4.7222944E-03
432.5	 -2.1802739E-03
435.5	  3.8168097E-03
554.5	 -3.1166279E-03
557.5	  4.5363554E-03
583.5	 -6.9849385E-04
587.5	  1.7762064E-03
699.5	 -1.7563072E-03
702.5	  2.6208295E-03
852.5	 -1.5950305E-03
854.5	  2.6966012E-03
873.5	 -1.1117686E-02
874.5	  6.5598758E-03
1136.5	 -2.0094092E-03
1138.5	  3.5205791E-03
