-1172.5	  2.4209591E-03
-1168.5	 -1.1023792E-03
-950.5	  2.3130097E-03
-947.5	 -1.6230993E-03
-883.5	  3.9183986E-03
-881.5	 -2.7581898E-03
-717.5	  6.4730495E-03
-716.5	 -3.3056010E-03
-640.5	  1.3817811E-02
-639.5	 -4.0571047E-03
-523.5	  3.0731070E-03
-519.5	 -1.6079561E-03
-492.5	  2.9149873E-03
-488.5	 -1.1819670E-03
-441.5	  3.3154683E-03
-435.5	 -2.0492233E-03
-164.5	  5.2161780E-03
-157.5	 -3.3825911E-03
-105.5	  8.7325582E-03
-98.5	 -1.2131099E-03
2.5	  0.6682982    
91.5	 -1.8104283E-03
99.5	  2.1340335E-02
114.5	 -1.2113304E-03
120.5	  7.2688521E-03
255.5	 -2.5061520E-03
259.5	  9.9402517E-03
272.5	 -3.0510991E-03
276.5	  4.7279387E-03
293.5	 -4.0770662E-03
300.5	  6.4047733E-03
321.5	 -8.9405448E-04
327.5	  4.4910568E-03
805.5	 -1.5680665E-03
807.5	  2.5375593E-03
984.5	 -2.4451760E-03
986.5	  3.0604023E-03
1061.5	 -2.5774005E-03
1064.5	  2.4551894E-03
