-796.5	  3.2970039E-03
-793.5	 -2.2406511E-03
-751.5	  4.3827617E-03
-749.5	 -4.0568756E-03
-665.5	  3.2188548E-03
-662.5	 -2.4558697E-03
-565.5	  3.0926503E-03
-562.5	 -2.3413941E-03
-406.5	  5.0131050E-03
-403.5	 -3.7467554E-03
-396.5	  3.2553822E-03
-392.5	 -2.3587323E-03
-167.5	  9.0670269E-03
-161.5	 -1.0647329E-03
-121.5	  3.2894447E-02
-117.5	 -1.7863218E-02
-66.5	  1.0634386E-02
-60.5	 -3.3873329E-03
-41.5	  7.4378066E-02
-34.5	 -5.8960277E-03
-12.5	  0.1155724    
-3.5	 -2.6138152E-03
4.5	  3.2539442E-02
15.5	 -1.3560749E-03
27.5	  0.1651114    
90.5	 -3.6765134E-03
95.5	  1.9730536E-02
104.5	 -3.3382315E-03
110.5	  1.1430014E-02
164.5	 -1.3161497E-03
170.5	  5.8560926E-03
308.5	 -2.5147656E-03
313.5	  3.9629526E-03
381.5	 -2.8322011E-03
385.5	  3.9314786E-03
693.5	 -1.0497886E-03
697.5	  2.3820011E-03
713.5	 -6.3648345E-03
716.5	  3.8943051E-03
921.5	 -2.0776545E-03
924.5	  3.1827139E-03
1037.5	 -2.5495959E-03
1040.5	  2.5732855E-03
1062.5	 -2.4338358E-03
1063.5	  1.2109888E-02
1268.5	 -2.7849963E-03
1269.5	  1.0592190E-02
1597.5	 -1.5005829E-03
1600.5	  1.5480011E-03
