-843.5	  2.0800384E-03
-840.5	 -8.7231450E-04
-658.5	  3.8457061E-03
-656.5	 -3.4879670E-03
-466.5	  4.2302501E-03
-463.5	 -3.4782900E-03
-438.5	  3.7684657E-03
-434.5	 -1.0928360E-03
-355.5	  4.7818315E-03
-351.5	 -2.8000595E-03
-341.5	  4.3974919E-03
-336.5	 -2.8203637E-03
-264.5	  5.1692259E-03
-259.5	 -2.3770973E-03
-208.5	  1.5249413E-02
-206.5	 -4.6823467E-03
-151.5	  6.0472228E-03
-145.5	 -4.1168560E-03
-139.5	  1.2981457E-02
-136.5	 -7.0512970E-03
-46.5	  1.2325130E-02
-38.5	 -2.2514919E-03
-28.5	  1.5079113E-02
-23.5	 -4.0648594E-03
2.5	  0.8656188    
100.5	 -4.7494755E-03
104.5	  2.2125591E-02
135.5	 -1.4206831E-03
141.5	  3.8759809E-03
352.5	 -2.9517275E-03
354.5	  5.5820546E-03
358.5	 -2.4894187E-03
363.5	  3.1726630E-03
443.5	 -4.2648893E-03
445.5	  4.9158894E-03
679.5	 -1.7103725E-03
682.5	  3.2957969E-03
1000.5	 -2.0052344E-03
1002.5	  2.8580339E-03
