-707.5	  3.3495994E-03
-704.5	 -2.8228359E-03
-583.5	  6.8173609E-03
-580.5	 -3.3534931E-03
-539.5	  4.3797158E-03
-537.5	 -1.9637991E-03
-437.5	  3.1516431E-03
-433.5	 -1.6800697E-03
-162.5	  6.9700377E-03
-157.5	 -3.1664136E-03
-144.5	  2.3173319E-02
-138.5	 -1.0745044E-02
-133.5	  2.8194804E-02
-132.5	 -7.3757810E-03
-79.5	  1.3105700E-02
-68.5	 -1.9263654E-03
-43.5	  6.1949849E-02
-36.5	 -4.5109978E-03
-4.5	   2.327826    
-0.5	  0.1328258    
2.5	 -0.2056205    
3.5	  0.1374373    
4.5	  0.1374373    
116.5	 -1.2195557E-02
117.5	  1.8331379E-02
122.5	 -3.1145068E-03
128.5	  6.3751196E-03
153.5	 -3.5871926E-03
158.5	  5.1266262E-03
163.5	 -2.8301012E-03
169.5	  9.1346325E-03
189.5	 -6.5250671E-03
191.5	  1.8948400E-02
204.5	 -3.5460223E-03
208.5	  5.5987216E-03
259.5	 -7.5365882E-03
261.5	  9.6650282E-03
270.5	 -2.0542964E-02
272.5	  1.9354807E-02
314.5	 -1.6543039E-03
319.5	  3.0683798E-03
438.5	 -3.5368793E-03
441.5	  4.3591475E-03
551.5	 -5.1504518E-03
553.5	  5.5185719E-03
599.5	 -7.4157892E-03
600.5	  1.1884607E-02
805.5	 -1.9385797E-03
807.5	  3.5225106E-03
934.5	 -1.5601373E-03
937.5	  2.4538524E-03
