-981.5	  5.2705300E-03
-967.5	  2.4032819E-03
-964.5	 -1.4020760E-03
-771.5	  3.9322944E-03
-768.5	 -1.8352027E-03
-711.5	  2.7731524E-03
-707.5	 -1.6143156E-03
-552.5	  3.1937796E-03
-548.5	 -1.4145023E-03
-523.5	  9.2443377E-03
-522.5	 -1.5365426E-02
-418.5	  3.7850847E-03
-414.5	 -2.7012303E-03
-281.5	  4.8512639E-03
-277.5	 -1.8469152E-03
-217.5	  4.7798762E-03
-211.5	 -2.0893931E-03
-191.5	  1.6034229E-02
-187.5	 -4.9384683E-03
-55.5	  6.2283553E-02
-47.5	 -1.5307484E-03
-6.5	  0.5922472    
-5.5	  0.5761407    
23.5	 -9.5976755E-02
31.5	  0.2452181    
58.5	 -2.3670828E-03
61.5	  3.3306011E-03
66.5	 -1.1761673E-03
74.5	  2.3653056E-02
202.5	 -3.3244623E-03
207.5	  2.7410643E-02
267.5	 -3.7089386E-03
271.5	  5.8671040E-03
423.5	 -5.0567337E-03
425.5	  9.2016198E-03
458.5	 -4.1245003E-03
465.5	  4.2345799E-03
565.5	 -8.3144923E-04
570.5	  2.1787286E-03
587.5	 -1.9423231E-03
590.5	  3.3200548E-03
1071.5	 -2.9062815E-03
1072.5	  8.5821170E-03
