-728.5	  2.6929528E-03
-725.5	 -1.1966259E-03
-640.5	  2.6704089E-03
-637.5	 -1.4691820E-03
-562.5	  3.0853690E-03
-558.5	 -1.2294748E-03
-338.5	  4.4480595E-03
-333.5	 -3.3005003E-03
-209.5	  4.3442789E-03
-203.5	 -2.5558546E-03
-172.5	  1.5879046E-02
-169.5	 -6.2462636E-03
-75.5	  1.3443150E-02
-68.5	 -5.7544983E-03
-7.5	  0.6107107    
-6.5	  0.5847356    
8.5	 -4.0889098E-03
11.5	  6.6103539E-03
19.5	 -1.1592694E-03
31.5	  8.7496124E-02
49.5	 -2.3223353E-03
56.5	  2.0182323E-02
165.5	 -4.7320104E-03
167.5	  8.1808902E-03
176.5	 -8.1071341E-03
178.5	  9.6532283E-03
186.5	 -1.3776133E-03
192.5	  3.9963792E-03
364.5	 -4.2959736E-03
367.5	  5.2036815E-03
472.5	 -2.1591315E-03
476.5	  2.9025939E-03
526.5	 -4.1410881E-03
527.5	  2.9604745E-03
531.5	 -2.4355147E-03
535.5	  3.5048958E-03
