-621.5	  4.7239377E-03
-619.5	 -4.4620824E-03
-245.5	  4.8719305E-03
-239.5	 -1.8744416E-03
-132.5	  2.0914285E-02
-126.5	 -4.7865398E-03
-60.5	  2.8005593E-02
-52.5	 -1.1362816E-03
-8.5	  0.6716130    
-7.5	  0.6716130    
99.5	 -3.2534120E-03
104.5	  1.8710371E-02
116.5	 -2.0849546E-03
122.5	  8.3115296E-03
159.5	 -2.6168512E-02
161.5	  5.2276906E-02
293.5	 -1.5518055E-03
298.5	  6.5232539E-03
435.5	 -3.9137937E-03
439.5	  4.2387429E-03
490.5	 -2.0913002E-03
494.5	  3.4168398E-03
556.5	 -2.7652506E-03
561.5	  3.1501330E-03
842.5	 -1.7035860E-03
846.5	  3.5752691E-03
