-1054.5	 -2.6127085E-02
-683.5	  1.8121940E-03
-636.5	  3.3922633E-03
-632.5	 -2.3004282E-03
-599.5	  4.1323844E-03
-597.5	 -2.7370767E-03
-510.5	  3.9882455E-03
-506.5	 -3.3889834E-03
-178.5	  7.1239751E-03
-172.5	 -4.1396860E-03
-109.5	  1.5402882E-02
-103.5	 -1.6661061E-03
-95.5	  6.4120428E-03
-90.5	 -1.3243217E-03
-4.5	  0.7562830    
-3.5	  0.7702324    
24.5	 -3.3914582E-03
33.5	  2.4489809E-02
112.5	 -4.0624323E-03
116.5	  1.6278127E-02
128.5	 -1.8697424E-03
134.5	  5.4609273E-03
189.5	 -5.3036935E-03
192.5	  1.6115610E-02
227.5	 -3.8741759E-03
231.5	  6.1597070E-03
297.5	 -3.5804729E-03
300.5	  4.0536956E-03
305.5	 -5.8119446E-03
306.5	 -5.8119446E-03
309.5	  6.5113413E-03
545.5	 -2.5033369E-03
548.5	  3.9133783E-03
708.5	 -2.9290179E-03
711.5	  3.3928389E-03
