-1315.5	  3.0197939E-03
-1313.5	 -4.0131835E-03
-1169.5	 -8.3323009E-04
-1024.5	  3.3032643E-03
-1021.5	 -1.3901243E-03
-901.5	  2.5893643E-03
-898.5	 -2.0635081E-03
-793.5	  6.0542417E-03
-792.5	 -5.4561682E-03
-584.5	  4.7227028E-03
-580.5	 -1.8141039E-03
-533.5	  5.2566198E-03
-531.5	 -3.5568892E-03
-387.5	  4.4798134E-03
-384.5	 -3.3199971E-03
-165.5	  2.1803237E-02
-161.5	 -9.8009659E-03
-148.5	  6.0817529E-03
-142.5	 -3.3079237E-03
-137.5	  7.8564659E-03
-135.5	 -5.7428558E-03
-46.5	  0.1581070    
-37.5	 -3.2492075E-02
-18.5	  0.1120856    
-7.5	 -6.9877174E-04
13.5	  0.4171398    
244.5	 -1.0026064E-03
250.5	  4.7920202E-03
314.5	 -1.5923392E-03
320.5	  4.1958098E-03
418.5	 -2.3586876E-03
422.5	  3.6800974E-03
455.5	 -1.5838037E-03
459.5	  4.2962548E-03
618.5	 -2.9985777E-03
621.5	  3.5576825E-03
764.5	 -1.1070839E-03
768.5	  2.2963041E-03
1082.5	 -4.1654464E-04
1086.5	  1.1630505E-03
1491.5	 -4.3276595E-03
1492.5	  8.7622283E-03
