-891.5	  3.0153033E-03
-889.5	 -4.0096361E-03
-786.5	  2.2770436E-03
-782.5	 -1.7128687E-03
-749.5	  4.2503206E-03
-747.5	 -2.4995850E-03
-576.5	  2.8876460E-03
-573.5	 -1.2244381E-03
-378.5	  4.6325368E-03
-374.5	 -4.0649157E-03
-302.5	  7.6497295E-03
-298.5	 -2.4197784E-03
-191.5	  5.7867509E-03
-190.5	  5.7867509E-03
-185.5	 -1.3816963E-03
-165.5	  1.0158402E-02
-159.5	 -1.4372192E-03
-148.5	  5.4470673E-03
-143.5	 -2.6268905E-03
-132.5	  1.3824013E-02
-128.5	 -3.4448567E-03
-91.5	  5.7100836E-02
-82.5	 -7.0085018E-03
-43.5	  0.1256249    
-33.5	 -2.5723068E-02
0.5	  0.6078314    
1.5	  0.6127150    
12.5	 -1.8676894E-03
21.5	  3.6901563E-02
30.5	 -3.4616403E-03
37.5	  1.2743787E-02
74.5	 -6.6413828E-03
83.5	  5.0319258E-02
178.5	 -4.8769102E-03
183.5	  1.4179291E-02
285.5	 -7.1268240E-03
288.5	  1.1401500E-02
347.5	 -1.0675841E-03
352.5	  3.8702940E-03
508.5	 -1.0060718E-02
509.5	  1.0195700E-02
517.5	 -2.6622727E-03
521.5	  3.8793341E-03
550.5	 -6.0728408E-04
555.5	  1.8369734E-03
741.5	 -1.5620448E-03
744.5	  2.4125127E-03
753.5	 -1.4471274E-02
755.5	  5.6306394E-03
998.5	 -1.8162790E-03
1000.5	  2.2347739E-03
