-1027.5	  2.3210407E-03
-1024.5	 -1.6204673E-03
-614.5	  3.2739816E-03
-613.5	  3.2739816E-03
-610.5	 -2.3738954E-03
-463.5	  4.4151489E-03
-460.5	 -3.1610769E-03
-414.5	  1.2894716E-03
-410.5	 -1.2235477E-03
-263.5	  1.3919165E-02
-260.5	 -1.0304506E-02
-209.5	  4.5321039E-03
-203.5	 -1.4265751E-03
-47.5	  8.6036414E-02
-38.5	 -1.9286510E-03
-9.5	  0.3448247    
11.5	 -4.2296527E-03
26.5	  0.1950867    
27.5	  0.2127019    
94.5	 -3.5337184E-03
99.5	  2.2736482E-02
121.5	 -2.2465070E-03
127.5	  7.8171184E-03
424.5	 -2.7127748E-03
428.5	  3.9268490E-03
444.5	 -9.9763263E-04
449.5	  2.3462987E-03
671.5	 -5.0768186E-03
672.5	  4.5015514E-03
737.5	 -3.2450170E-03
739.5	  5.5086380E-03
1241.5	 -1.3522526E-03
1244.5	  1.8517362E-03
