-1229.5	  2.5212513E-03
-1227.5	 -1.8084124E-03
-1153.5	  4.3427320E-03
-1152.5	 -1.0949939E-02
-764.5	  4.0036850E-03
-762.5	 -4.2990712E-03
-705.5	  3.0787848E-03
-701.5	 -9.6640876E-04
-602.5	  3.6994587E-03
-599.5	 -2.4273586E-03
-585.5	  7.1130497E-03
-584.5	 -3.3017825E-03
-522.5	  4.2361910E-03
-519.5	 -3.5809076E-03
-468.5	  4.8403013E-03
-465.5	 -4.1811364E-03
-393.5	  4.3505356E-03
-389.5	 -2.8855861E-03
-235.5	  4.8951050E-03
-230.5	 -2.6717423E-03
-223.5	  7.1367589E-03
-217.5	 -1.2707821E-03
-55.5	  1.5928602E-02
-48.5	 -3.0642992E-03
-36.5	  6.5777011E-02
-24.5	 -2.2665497E-03
1.5	  0.4340017    
25.5	 -1.7641302E-03
35.5	  0.1182986    
77.5	 -2.3057414E-03
84.5	  2.4413761E-02
138.5	 -5.0510220E-02
140.5	  0.1419708    
246.5	 -1.7974767E-03
249.5	  4.5382525E-03
251.5	 -5.8825975E-03
257.5	  6.3915760E-03
348.5	 -4.6124049E-03
353.5	  4.1561900E-03
411.5	 -6.6649634E-03
414.5	  7.7765309E-03
439.5	 -2.8650691E-03
443.5	  4.5141280E-03
536.5	 -1.2040450E-03
540.5	  3.0662513E-03
612.5	 -3.1259991E-03
615.5	  4.0658941E-03
961.5	 -1.0523302E-03
964.5	  2.0821388E-03
1016.5	 -1.9454218E-03
1019.5	  4.7549140E-03
