-1358.5	 -1.5793368E-04
-807.5	  2.7589134E-03
-804.5	 -1.4826623E-03
-741.5	  2.8193744E-03
-738.5	 -1.5849933E-03
-608.5	  2.4995897E-03
-605.5	 -1.4354971E-03
-388.5	  3.0922589E-03
-383.5	 -1.3770354E-03
-127.5	  7.7413041E-03
-120.5	 -1.7671884E-03
-115.5	  1.6457803E-03
-110.5	 -1.1430696E-03
-4.5	  0.6289409    
18.5	 -1.1261255E-02
36.5	  9.7613640E-02
56.5	 -1.0320989E-03
63.5	  1.9321712E-02
81.5	 -2.7184607E-02
86.5	  6.2904820E-02
287.5	 -3.3145379E-03
292.5	  9.9052759E-03
394.5	 -1.1735010E-03
399.5	  2.4552438E-03
416.5	 -1.0550708E-03
421.5	  3.2735416E-03
504.5	 -2.0190966E-03
508.5	  2.8972698E-03
623.5	 -4.2435969E-03
625.5	  4.1590268E-03
689.5	 -5.2043227E-03
692.5	  4.0535480E-03
1122.5	 -1.2958605E-03
1125.5	  1.9411314E-03
