-966.5	  3.0192407E-03
-964.5	 -2.6362874E-03
-943.5	  4.6009338E-03
-942.5	 -1.6082613E-02
-714.5	  9.5717106E-03
-579.5	  3.9758058E-03
-576.5	 -2.9051665E-03
-458.5	  3.4695466E-03
-454.5	 -2.5120049E-03
-315.5	  2.2324123E-03
-308.5	 -7.8038906E-04
-302.5	  1.6490582E-03
-299.5	 -1.4251517E-03
-21.5	  4.0864784E-02
-13.5	 -3.2216150E-03
-6.5	  2.3550246E-02
2.5	 -1.0879925E-03
10.5	  4.3408222E-02
244.5	 -1.8056271E-03
249.5	  6.8979803E-03
280.5	 -1.5090336E-03
284.5	  4.2699846E-03
285.5	 -1.0224101E-02
291.5	  4.1111484E-03
383.5	 -5.4666838E-03
385.5	  9.9009899E-03
487.5	 -7.2102710E-03
489.5	  5.4193493E-03
545.5	 -5.5642650E-03
546.5	  5.8724163E-03
632.5	 -3.3513391E-03
635.5	  4.2992006E-03
734.5	 -1.8034343E-03
737.5	  2.9661804E-03
1140.5	 -2.9151053E-03
1143.5	  2.5019930E-03
1373.5	 -1.7775926E-03
1376.5	  1.6170319E-03
