-1335.5	  2.5090091E-03
-1333.5	 -2.4193309E-03
-1176.5	  2.7374099E-03
-1173.5	 -1.2913632E-03
-866.5	  2.9879392E-03
-863.5	 -2.8762994E-03
-771.5	  2.3762023E-03
-768.5	 -1.2352783E-03
-747.5	  3.4761694E-03
-744.5	 -2.9249601E-03
-674.5	  3.5814862E-03
-671.5	 -2.9710052E-03
-546.5	  3.9851721E-03
-542.5	 -2.7069070E-03
-449.5	  9.9693323E-03
-447.5	 -6.0365880E-03
-382.5	  3.3481477E-03
-378.5	 -1.2895589E-03
-301.5	  6.8718088E-03
-296.5	 -1.4135680E-03
-271.5	  6.4125066E-03
-266.5	 -5.0186669E-03
-82.5	  3.1833060E-02
-75.5	 -1.8543762E-03
-0.5	   1.119852    
0.5	   1.113156    
1.5	   1.093068    
53.5	 -1.6057492E-03
59.5	  9.2567904E-03
68.5	 -3.5258427E-03
76.5	  1.3507263E-02
163.5	 -2.8840175E-03
168.5	  1.2756429E-02
253.5	 -2.5456648E-03
259.5	  5.9651542E-03
341.5	 -2.4571528E-03
345.5	  6.2149786E-03
445.5	 -1.7509166E-03
449.5	  3.3782027E-03
457.5	 -3.0576861E-03
460.5	  3.9133690E-03
496.5	 -1.2822881E-03
500.5	  3.4717924E-03
689.5	 -3.1694199E-03
691.5	  4.2611025E-03
862.5	 -1.0242929E-03
867.5	  1.6913372E-03
