-1395.5	  2.8531943E-03
-1393.5	 -1.6690437E-03
-902.5	  5.4595741E-03
-624.5	  3.9353869E-03
-622.5	 -4.1287243E-03
-528.5	  2.1863875E-03
-524.5	 -1.1065120E-03
-409.5	  3.6637753E-03
-405.5	 -1.4267910E-03
-348.5	  8.3424980E-03
-344.5	 -3.5565866E-03
-176.5	  5.6442888E-03
-170.5	 -9.9575787E-04
-27.5	  0.1456692    
-16.5	 -1.8083294E-03
19.5	  0.3746232    
117.5	 -8.2409838E-03
124.5	  2.4389952E-02
183.5	 -1.0669667E-02
190.5	  5.1999688E-03
266.5	 -2.1151998E-03
270.5	  5.5748560E-03
507.5	 -4.4635562E-03
509.5	  4.9848575E-03
673.5	 -6.7284750E-03
674.5	  7.7494155E-03
682.5	 -3.1188917E-03
684.5	  3.3339644E-03
752.5	 -1.2878600E-03
755.5	  2.8158128E-03
1281.5	 -2.8825360E-03
1282.5	  4.6405392E-03
