-1154.5	  1.7382019E-03
-1151.5	 -8.7108155E-04
-936.5	  2.6826307E-03
-934.5	 -3.3768157E-03
-695.5	  4.5341658E-03
-692.5	 -3.4994758E-03
-660.5	  8.9005744E-03
-659.5	 -9.1047911E-03
-527.5	  3.3426222E-03
-522.5	 -2.2035793E-03
-510.5	  1.9427623E-03
-506.5	 -1.2331711E-03
-246.5	  6.0662893E-03
-242.5	 -3.4594829E-03
-227.5	  1.4692545E-05
-194.5	  8.4570134E-03
-187.5	 -7.5148186E-04
-48.5	  3.0924264E-02
-41.5	 -4.9362779E-03
-35.5	  1.2120423E-02
-32.5	 -4.3059043E-03
-24.5	  1.8928086E-02
-16.5	 -6.8600983E-03
4.5	  0.4182046    
34.5	 -6.5624826E-03
45.5	  0.1080889    
180.5	 -2.6495156E-03
185.5	  8.2046930E-03
206.5	 -2.5819922E-03
215.5	  4.4267373E-03
292.5	 -6.0270038E-03
295.5	  6.8693305E-03
510.5	 -3.6880863E-03
514.5	  3.8096635E-03
567.5	 -4.4531757E-03
569.5	  5.9780502E-03
791.5	 -4.8952526E-03
793.5	  4.6297554E-03
950.5	 -5.1407944E-03
951.5	  4.7662104E-03
