-692.5	  3.0669668E-03
-689.5	 -2.2611097E-03
-675.5	  4.2410614E-03
-673.5	 -5.6419978E-03
-510.5	  4.5938143E-03
-507.5	 -3.5573929E-03
-463.5	  2.6901141E-03
-458.5	 -2.3709850E-03
-456.5	  3.0379356E-03
-453.5	 -1.2511852E-03
-276.5	  4.4954214E-03
-271.5	 -2.6096187E-03
-213.5	  5.4962295E-03
-209.5	 -3.4097417E-03
-171.5	  1.2506145E-02
-166.5	 -8.4259724E-03
-1.5	   1.224939    
-0.5	   1.280851    
55.5	 -1.3083795E-02
63.5	  1.7676277E-02
164.5	 -2.8226685E-03
170.5	  7.7763908E-03
349.5	 -3.6891198E-03
354.5	  3.5038223E-03
362.5	 -1.2527572E-03
366.5	  1.8372412E-03
390.5	 -2.9051211E-03
394.5	  4.5298319E-03
457.5	 -2.1125094E-03
460.5	  3.7700140E-03
589.5	 -1.3299889E-03
592.5	  3.3428464E-03
665.5	 -4.2354595E-03
759.5	 -8.1078534E-04
763.5	  2.1209985E-03
