-1095.5	  3.6507996E-03
-1094.5	 -1.3004877E-03
-777.5	  2.5938340E-03
-774.5	 -1.6698703E-03
-537.5	  4.2214813E-03
-534.5	 -2.9436515E-03
-366.5	  5.1162248E-03
-363.5	 -4.4611907E-03
-331.5	  6.2480266E-03
-326.5	 -4.9441010E-03
-319.5	  5.0753248E-03
-317.5	 -3.1010050E-03
-199.5	  8.4443688E-03
-193.5	 -1.5637407E-03
-110.5	  1.0859407E-02
-104.5	 -2.8357303E-03
-97.5	  1.2529097E-02
-91.5	 -1.9298198E-03
5.5	  0.7471775    
6.5	  0.7140554    
52.5	 -6.9834092E-03
57.5	  1.9098867E-02
66.5	 -2.7230475E-03
72.5	  9.8461630E-03
123.5	 -9.0784067E-03
128.5	  2.4983378E-02
189.5	 -1.4212589E-03
194.5	  7.8502772E-03
195.5	  7.8502772E-03
215.5	 -4.7050011E-03
219.5	  1.1026491E-02
283.5	 -1.0318140E-03
288.5	  5.0220052E-03
387.5	 -3.3024773E-03
390.5	  4.5854561E-03
536.5	 -4.1291681E-03
539.5	  4.5157177E-03
665.5	 -3.9345236E-03
667.5	  4.6648425E-03
872.5	 -2.2402932E-03
875.5	  2.0707932E-03
