-1000.5	  2.6871043E-03
-998.5	 -2.6391072E-03
-986.5	  3.6603259E-03
-985.5	 -2.4511240E-02
-748.5	  2.9142757E-03
-745.5	 -1.2670499E-03
-720.5	  1.0149869E-02
-719.5	 -8.4876586E-03
-650.5	  2.9299355E-03
-646.5	 -2.5577366E-03
-483.5	  4.0508611E-03
-480.5	 -2.3277197E-03
-424.5	  3.2877482E-03
-419.5	 -1.4412305E-03
-383.5	  3.4007633E-03
-378.5	 -2.3723417E-03
-352.5	  6.2415903E-03
-346.5	 -7.0073153E-03
-225.5	  1.0109300E-02
-221.5	 -3.1963340E-03
-138.5	  8.2599465E-03
-132.5	 -3.1372379E-03
-95.5	  3.7416644E-02
-89.5	 -3.5177276E-03
-26.5	  0.1641250    
-13.5	 -1.1320359E-02
10.5	  0.5759829    
160.5	 -3.8229818E-03
166.5	  6.5163681E-03
202.5	 -1.4556749E-02
204.5	  2.6386410E-02
288.5	 -1.3248897E-03
293.5	  4.3685962E-03
305.5	 -4.0367008E-03
308.5	  7.0213331E-03
323.5	 -1.5826636E-03
329.5	  3.0858894E-03
422.5	 -2.1065765E-03
427.5	  3.7060974E-03
454.5	 -3.7812870E-03
457.5	  4.7172187E-03
578.5	 -9.5421243E-03
580.5	  7.3218169E-03
924.5	 -1.0774807E-02
925.5	  8.4096417E-02
1041.5	 -2.0432321E-03
1043.5	  2.4773914E-03
1289.5	 -1.3887635E-03
1292.5	  1.7792868E-03
1350.5	 -1.3060524E-03
1353.5	  1.7260658E-03
1668.5	 -2.1891219E-03
1670.5	  3.6495861E-03
