-1282.5	  6.6440762E-03
-1011.5	  4.8917448E-03
-1010.5	 -4.6922700E-03
-785.5	  2.1450757E-03
-782.5	 -1.1921740E-03
-450.5	  4.5129675E-03
-447.5	 -3.4277125E-03
-373.5	  3.5413455E-03
-369.5	 -2.3368578E-03
-125.5	  1.1041971E-02
-118.5	 -4.5328536E-03
-70.5	  2.1153884E-02
-60.5	 -3.3836027E-03
-43.5	  4.8962418E-02
-33.5	 -4.3972512E-03
-1.5	   1.060750    
-0.5	   1.080393    
40.5	 -3.3411398E-03
49.5	  7.0631340E-02
251.5	 -3.6318898E-03
255.5	  5.6772279E-03
266.5	 -8.1540993E-04
271.5	  3.6688733E-03
297.5	 -5.8004423E-03
300.5	  6.5379399E-03
352.5	 -3.3248127E-03
356.5	  4.5235404E-03
472.5	 -3.2433188E-03
475.5	  4.3814201E-03
524.5	 -1.1560987E-02
525.5	  1.0008492E-02
724.5	 -1.4522752E-03
728.5	  2.8143814E-03
742.5	  2.7983221E-03
1490.5	 -1.7313953E-03
1492.5	  2.2683586E-03
