-879.5	  2.0940898E-03
-875.5	 -1.1078576E-03
-580.5	  2.6029595E-03
-576.5	 -1.8369543E-03
-522.5	  3.2178785E-03
-517.5	 -1.5232009E-03
-450.5	  3.0777454E-03
-446.5	 -1.9549662E-03
-268.5	  4.3635326E-03
-263.5	 -2.8395364E-03
-206.5	  1.4041655E-02
-202.5	 -6.7124101E-03
-192.5	  4.5416923E-03
-187.5	 -1.2373081E-03
-98.5	  1.3680077E-02
-92.5	 -3.3190206E-03
-37.5	  0.1295260    
-28.5	 -3.4361696E-03
-4.5	  0.8137547    
-3.5	  0.7888490    
89.5	 -4.4711665E-03
95.5	  3.0590106E-02
172.5	 -1.1757837E-03
178.5	  6.9035292E-03
220.5	 -1.5609119E-03
225.5	  5.7727559E-03
258.5	 -2.1937715E-03
263.5	  4.2366134E-03
390.5	 -1.6518140E-03
395.5	  2.8221989E-03
504.5	 -2.1663040E-03
507.5	  4.5524258E-03
639.5	 -2.2647814E-03
642.5	  2.9726895E-03
836.5	 -1.0800344E-03
839.5	  2.4057396E-03
887.5	 -2.2748213E-03
890.5	  2.9527147E-03
1206.5	 -1.1127079E-03
1209.5	  1.8874530E-03
