-1119.5	  2.8974556E-03
-1117.5	 -1.1924392E-03
-796.5	  3.4891719E-03
-794.5	 -2.5599792E-03
-628.5	  3.2495672E-03
-624.5	 -1.5983605E-03
-482.5	  4.8971446E-03
-479.5	 -4.4567515E-03
-477.5	  3.7003942E-03
-472.5	 -1.2346751E-03
-380.5	  5.6848899E-03
-377.5	 -3.6871620E-03
-351.5	  1.2302480E-02
-349.5	 -8.5226260E-03
-175.5	  6.7686317E-03
-167.5	 -3.9478149E-03
-65.5	  0.1372861    
-64.5	  0.1372861    
-62.5	 -6.9829687E-02
-22.5	  0.1901093    
-9.5	 -6.7439186E-03
9.5	  0.3802707    
41.5	 -4.8333979E-03
49.5	  1.8144617E-02
155.5	 -2.6576745E-03
162.5	  6.6992226E-03
198.5	 -1.0924262E-03
204.5	  7.5399415E-03
439.5	 -3.0175068E-03
442.5	  4.5577525E-03
511.5	 -1.8748209E-03
516.5	  3.3004393E-03
586.5	 -1.5189701E-03
589.5	  2.4124857E-03
599.5	 -1.3617845E-03
603.5	  3.0382071E-03
734.5	 -3.1277870E-03
736.5	  5.0284415E-03
800.5	 -1.2461817E-02
801.5	  5.5833403E-03
997.5	 -1.5822931E-03
1000.5	  2.0046930E-03
