-816.5	  1.7547302E-03
-812.5	 -7.4207736E-04
-620.5	  4.5726127E-03
-617.5	 -2.3951326E-03
-546.5	  6.1155506E-03
-544.5	 -5.2163922E-03
-343.5	  4.2321580E-03
-338.5	 -1.1367295E-03
-264.5	  4.2563747E-03
-260.5	 -1.2960811E-03
-197.5	  1.0501742E-02
-192.5	 -2.8933766E-03
-133.5	  2.1728549E-02
-126.5	 -2.2153019E-03
-35.5	  3.9098620E-02
-26.5	 -4.0593199E-03
-14.5	  5.5046365E-02
-3.5	 -2.7125736E-03
24.5	  0.2510265    
101.5	 -2.7020429E-03
105.5	  7.9736179E-03
110.5	 -2.4485614E-03
117.5	  9.7093191E-03
145.5	 -5.1031341E-03
149.5	  1.6132399E-02
158.5	 -3.3890198E-03
163.5	  5.1917396E-03
169.5	 -3.8036336E-03
173.5	  7.7518420E-03
317.5	 -1.3982663E-03
321.5	  3.5283919E-03
408.5	 -3.0060688E-03
412.5	  4.7195125E-03
503.5	 -2.3172689E-03
507.5	  3.8787078E-03
582.5	 -3.8122716E-03
585.5	  3.8106863E-03
616.5	 -3.6254877E-03
618.5	  5.8810436E-03
665.5	 -1.8616362E-03
669.5	  2.8252611E-03
860.5	 -6.1186198E-03
861.5	  7.6259272E-03
1316.5	 -1.1471848E-03
1318.5	  2.4837819E-03
