-823.5	  2.2312042E-03
-819.5	 -1.5840763E-03
-406.5	  5.2617672E-03
-403.5	 -4.7915201E-03
-328.5	  4.8966454E-03
-324.5	 -3.5241470E-03
-268.5	  4.6427590E-03
-259.5	 -3.4835027E-03
-157.5	  1.0638651E-02
-152.5	 -2.1771046E-03
-48.5	  2.9463837E-02
-40.5	 -1.6023021E-03
-33.5	  1.1237682E-02
-26.5	 -1.2724884E-02
-24.5	  3.5346605E-02
-23.5	 -1.7170548E-02
0.5	  0.8566291    
1.5	  0.7502003    
29.5	 -2.8611023E-03
36.5	  2.7530583E-02
43.5	 -4.4235936E-03
50.5	  1.5793610E-02
72.5	 -2.4927170E-03
77.5	  1.0541351E-02
83.5	 -2.9580202E-03
89.5	  9.2240777E-03
163.5	 -6.9071231E-03
165.5	  1.7402610E-02
182.5	 -3.2459837E-03
187.5	  8.4579429E-03
208.5	 -4.1179280E-03
211.5	  1.4390259E-02
237.5	 -3.6153307E-03
241.5	  5.8469516E-03
377.5	 -9.7792782E-04
382.5	  3.8521383E-03
721.5	 -2.0022525E-03
723.5	  3.1048274E-03
741.5	 -1.5150955E-02
742.5	  5.9074908E-03
1304.5	 -1.2291250E-03
1307.5	  1.6107219E-03
