-1681.5	  4.3000504E-03
-1680.5	 -2.2839122E-03
-1290.5	  2.1213146E-03
-1288.5	 -1.3300393E-03
-749.5	  1.5203843E-03
-722.5	  4.7944677E-03
-720.5	 -3.4711510E-03
-540.5	  3.6893622E-03
-537.5	 -3.6413872E-03
-439.5	  6.7210672E-03
-437.5	 -5.4934514E-03
-415.5	  2.6979104E-03
-410.5	 -1.1494918E-03
-248.5	  6.8159853E-03
-242.5	 -1.0777614E-03
-218.5	  7.2156885E-03
-212.5	 -1.2697185E-03
-199.5	  1.0125156E-02
-193.5	 -1.8861704E-03
-20.5	  8.4557123E-02
-11.5	 -4.3735639E-03
-8.5	  7.2456202E-03
-4.5	 -3.3972473E-03
6.5	  0.5748167    
7.5	  0.5748167    
76.5	 -1.5685073E-03
83.5	  1.2391946E-02
109.5	 -9.1869254E-03
114.5	  3.2568872E-02
184.5	 -1.1815202E-03
189.5	  4.5525907E-03
201.5	 -9.9762036E-03
204.5	  1.7378429E-02
369.5	 -3.0384674E-03
373.5	  4.7248490E-03
392.5	 -1.3546887E-03
396.5	  3.5165513E-03
516.5	 -2.5020984E-03
520.5	  3.6663052E-03
583.5	 -4.8700911E-03
585.5	  4.9304161E-03
731.5	 -3.3520933E-03
733.5	  4.2695305E-03
