-977.5	  3.1969131E-03
-975.5	 -2.2799419E-03
-687.5	  3.1088488E-03
-681.5	 -2.5321869E-03
-408.5	  4.0984745E-03
-404.5	 -2.5732119E-03
-394.5	  4.2372225E-03
-390.5	 -9.0269337E-04
-174.5	  7.1398932E-03
-169.5	 -3.0072273E-03
-156.5	  1.3778211E-02
-152.5	 -3.4555078E-03
-99.5	  8.3209034E-03
-93.5	 -1.9465255E-03
-85.5	  1.1678100E-02
-83.5	 -4.8164153E-03
-9.5	  0.5362412    
-8.5	  0.5149853    
12.5	 -5.3955507E-03
24.5	  0.1663435    
69.5	 -7.9564942E-04
77.5	  1.7840615E-02
251.5	 -1.4554405E-03
256.5	  4.3143677E-03
272.5	 -2.8754778E-03
276.5	  6.7777229E-03
348.5	 -2.0705629E-03
352.5	  5.2562486E-03
370.5	 -2.9948351E-03
377.5	  3.5719844E-03
636.5	 -7.1870615E-03
637.5	  4.5866976E-03
692.5	 -2.4139429E-03
694.5	  3.5169153E-03
951.5	 -1.6105796E-03
953.5	  2.4751599E-03
985.5	 -1.9811012E-03
987.5	  3.6476182E-03
1930.5	 -6.3192868E-04
1933.5	  1.3059946E-03
