-1177.5	  7.8513762E-03
-1175.5	 -3.1890450E-03
-1116.5	  1.8033899E-03
-1113.5	 -1.3121669E-03
-837.5	  3.7951823E-03
-835.5	 -3.4668061E-03
-828.5	  2.7546319E-03
-826.5	 -1.8371585E-03
-671.5	  2.8639031E-03
-667.5	 -1.6490900E-03
-620.5	  3.1825579E-03
-616.5	 -1.6561332E-03
-554.5	  2.9015227E-03
-551.5	 -1.5935474E-03
-449.5	  3.8021065E-03
-446.5	 -2.1930176E-03
-387.5	  3.4031097E-03
-381.5	 -1.7439346E-03
-291.5	  5.0035943E-03
-287.5	 -3.2708889E-03
-150.5	  8.6289942E-03
-143.5	 -4.9251961E-03
-142.5	  1.5826894E-02
-137.5	 -1.8359711E-03
-99.5	  1.4956246E-02
-93.5	 -1.4110806E-03
2.5	  0.8693275    
3.5	  0.8028815    
39.5	 -1.5810154E-03
47.5	  1.8351933E-02
202.5	 -9.8829495E-04
208.5	  5.9698271E-03
302.5	 -1.0190459E-03
306.5	  5.4253596E-03
416.5	 -1.3146602E-03
420.5	  3.4313896E-03
580.5	 -2.9847592E-03
583.5	  3.7464770E-03
726.5	 -2.6375607E-03
729.5	  2.8963780E-03
952.5	  7.9539535E-04
