-1036.5	  3.2278961E-03
-1035.5	 -3.2337727E-03
-821.5	  4.1178698E-03
-819.5	 -4.0440261E-03
-744.5	  2.4840494E-03
-741.5	 -1.3583000E-03
-671.5	  4.5786058E-03
-669.5	 -3.9181998E-03
-615.5	  5.5901338E-03
-613.5	 -6.8398444E-03
-495.5	  4.1828551E-03
-491.5	 -3.1239297E-03
-361.5	  5.6785177E-03
-357.5	 -2.2175985E-03
-294.5	  4.5167734E-03
-289.5	 -1.1105376E-03
-192.5	  1.8927254E-02
-188.5	 -8.1774443E-03
-136.5	  1.4836252E-02
-129.5	 -3.1234701E-03
-114.5	  9.2237191E-03
-108.5	 -2.8130417E-03
-102.5	  9.6475212E-03
-99.5	 -4.3792967E-03
-16.5	  0.2235320    
-6.5	 -1.6247418E-03
9.5	  0.4739679    
85.5	 -2.4619852E-03
92.5	  4.3289863E-02
109.5	 -3.4188004E-03
115.5	  6.4182370E-03
175.5	 -1.2946784E-02
176.5	  1.1741638E-02
186.5	 -2.4663911E-03
191.5	  5.6500407E-03
262.5	 -1.0630970E-03
267.5	  4.0310374E-03
381.5	 -3.2511393E-03
386.5	  4.5350380E-03
497.5	 -5.7212058E-03
498.5	  4.3170795E-02
596.5	 -3.2677627E-03
598.5	  5.2968790E-03
653.5	 -3.4371326E-03
655.5	  3.8699340E-03
784.5	 -1.5044294E-03
787.5	  2.8547114E-03
