-1129.5	  4.0820516E-03
-1128.5	 -1.5926341E-02
-622.5	  2.9902481E-03
-618.5	 -1.4323230E-03
-545.5	  6.6125197E-03
-543.5	 -4.1843825E-03
-364.5	  4.2699436E-03
-358.5	 -7.7921239E-04
-225.5	  7.7514243E-03
-219.5	 -1.1502847E-03
-151.5	  5.1226062E-03
-143.5	 -2.3493271E-03
-122.5	  2.6109543E-02
-118.5	 -1.4172152E-02
-63.5	  1.1723390E-02
-57.5	 -3.6096280E-03
3.5	  0.7190139    
4.5	  0.6186844    
30.5	 -5.0017093E-03
37.5	  1.6569311E-02
261.5	 -1.1381673E-03
266.5	  3.7889825E-03
277.5	 -3.3214239E-03
281.5	  5.2312985E-03
333.5	 -3.2352542E-03
337.5	  5.0986256E-03
644.5	 -3.1218561E-03
647.5	  3.6384242E-03
1003.5	 -1.9025006E-03
1005.5	  3.5072246E-03
