-929.5	  2.1354884E-03
-926.5	 -1.6657097E-03
-484.5	  3.1684937E-03
-481.5	 -2.0131839E-03
-474.5	  2.7449864E-03
-471.5	 -3.0494863E-03
-388.5	  6.3684708E-03
-385.5	 -5.6407666E-03
-253.5	  5.7604010E-03
-249.5	 -3.6666957E-03
-90.5	  9.6828435E-03
-84.5	 -3.3907620E-03
-74.5	  2.4615826E-02
-69.5	 -4.7747167E-03
-1.5	  0.5489881    
-0.5	  0.5489881    
29.5	 -3.1318793E-03
34.5	  1.2253384E-02
41.5	 -1.9015538E-03
48.5	  1.6559681E-02
198.5	 -6.0508829E-03
200.5	  6.0597812E-03
208.5	 -4.2380770E-03
215.5	  2.7196214E-03
219.5	 -3.5865202E-03
224.5	  5.7201530E-03
322.5	 -2.5351853E-03
325.5	  6.2690452E-03
341.5	 -2.7329752E-03
344.5	  5.0651585E-03
433.5	 -1.1041425E-03
437.5	  4.8411270E-03
532.5	 -3.0688290E-03
536.5	  5.1649776E-03
602.5	 -4.4641006E-03
604.5	  3.6334314E-03
796.5	 -1.0073287E-02
797.5	  5.1518092E-03
1060.5	 -2.9527361E-03
1061.5	  7.1995999E-03
