-1340.5	  2.8466771E-03
-1339.5	 -1.1138855E-03
-1270.5	  3.1026329E-03
-1269.5	 -8.8873655E-03
-635.5	  3.7177568E-03
-632.5	 -3.0201210E-03
-574.5	  3.0397426E-03
-569.5	 -1.8679246E-03
-304.5	  5.4390333E-03
-299.5	 -1.0897896E-03
-247.5	  4.6607289E-03
-242.5	 -1.0895993E-03
-191.5	  5.1400401E-03
-185.5	 -3.2271636E-03
-107.5	  1.1405348E-02
-100.5	 -1.2464434E-03
-35.5	  2.7690455E-02
-26.5	 -4.6007172E-03
1.5	  0.8175067    
2.5	   1.003706    
76.5	 -5.1864777E-03
81.5	  3.2783210E-02
109.5	 -2.0660697E-03
113.5	  4.2559118E-03
115.5	 -3.1286494E-03
121.5	  4.7558174E-03
130.5	 -9.8347468E-03
134.5	  2.3758424E-02
164.5	 -8.3765350E-03
167.5	  1.6998248E-02
212.5	 -3.1787348E-03
217.5	  5.8059427E-03
317.5	 -3.3856807E-03
321.5	  5.4709055E-03
428.5	 -4.0963730E-03
431.5	  9.1777444E-03
545.5	 -3.9883037E-03
547.5	  7.1466584E-03
621.5	 -2.6789173E-03
626.5	  3.1811814E-03
783.5	 -8.3331764E-04
958.5	 -1.0981752E-03
963.5	  2.4029324E-03
