-931.5	  3.4804067E-03
-929.5	 -3.1958029E-03
-877.5	  6.5392852E-03
-810.5	  3.1804773E-03
-808.5	 -1.8149809E-03
-412.5	  4.4737845E-03
-408.5	 -3.1457867E-03
-162.5	  6.6434322E-03
-156.5	 -2.0122770E-03
-141.5	  1.4619486E-02
-138.5	 -6.0172197E-03
-59.5	  1.5804276E-02
-51.5	 -3.2784890E-03
-37.5	  8.1645669E-03
-34.5	 -4.0005236E-03
1.5	  0.7936342    
72.5	 -1.3723994E-03
78.5	  9.8308455E-03
95.5	 -5.8817277E-03
106.5	  4.3688688E-02
222.5	 -5.7421150E-03
224.5	  7.7614859E-03
231.5	 -2.4218087E-03
236.5	  4.8035146E-03
255.5	 -3.0673009E-03
259.5	  7.4832123E-03
283.5	 -1.2528829E-03
288.5	  6.5289726E-03
289.5	  6.5289726E-03
313.5	 -3.2812045E-03
317.5	  5.3338488E-03
638.5	 -3.8710458E-03
640.5	  5.2909558E-03
808.5	 -3.1194263E-03
810.5	  5.0058048E-03
995.5	 -3.1604962E-03
996.5	  3.6201302E-03
