-1251.5	  2.0157893E-03
-1249.5	 -2.1279592E-03
-921.5	  6.3680951E-03
-920.5	 -3.8150023E-03
-830.5	  8.3919289E-03
-829.5	 -7.2354577E-03
-763.5	  2.8865784E-03
-761.5	 -2.7617454E-03
-728.5	  3.2827668E-03
-727.5	 -1.9645528E-03
-595.5	  3.4776914E-03
-591.5	 -2.8335315E-03
-403.5	  5.2244863E-03
-400.5	 -4.5837676E-03
-261.5	  3.4976073E-03
-255.5	 -4.1090585E-03
-253.5	  8.4444555E-03
-252.5	 -3.3468318E-03
-141.5	  5.4453085E-03
-134.5	 -2.6369768E-03
-128.5	  5.5871182E-03
-121.5	 -6.7603122E-04
-113.5	  3.4999691E-03
-107.5	 -2.3625526E-03
-98.5	  1.3209323E-02
-93.5	 -3.3257552E-03
-5.5	  0.8139930    
-4.5	  0.8508738    
94.5	 -3.0377281E-03
100.5	  3.1141538E-02
131.5	 -3.2982146E-03
138.5	  1.0068131E-02
291.5	 -3.7545224E-03
295.5	  6.1307861E-03
312.5	 -3.1627000E-03
317.5	  4.3169116E-03
366.5	 -2.6910612E-03
370.5	  4.1376068E-03
614.5	 -6.8496633E-04
619.5	  2.8269642E-03
649.5	 -1.2093475E-02
650.5	  7.2384244E-03
673.5	 -1.9481949E-03
675.5	  3.1585121E-03
