-1334.5	  2.3944513E-03
-1332.5	 -2.3307479E-03
-1220.5	  4.2201830E-03
-1219.5	 -4.9817320E-03
-871.5	  2.8520876E-03
-869.5	 -2.2604170E-03
-782.5	  4.3647671E-03
-780.5	 -3.2810760E-03
-727.5	  2.4240208E-03
-724.5	 -1.5713824E-03
-707.5	  2.3384434E-03
-704.5	 -1.2302073E-03
-553.5	  3.7215676E-03
-549.5	 -2.8247845E-03
-534.5	  3.6631417E-03
-531.5	 -2.8437730E-03
-525.5	  2.2717051E-03
-522.5	 -1.7215799E-03
-460.5	  1.6507307E-02
-418.5	  4.2711445E-03
-414.5	 -2.7594792E-03
-215.5	  6.5500946E-03
-210.5	 -3.3358361E-03
-199.5	  1.3274350E-02
-195.5	 -3.1084369E-03
-120.5	  1.2877587E-02
-113.5	 -1.7633631E-03
-54.5	  6.6812113E-02
-46.5	 -3.8761962E-03
-13.5	  0.1497890    
-12.5	  0.1497890    
-1.5	 -1.2107926E-03
12.5	  0.3016793    
13.5	  0.3230602    
120.5	 -4.7765481E-03
127.5	  2.3399029E-02
319.5	 -1.5799116E-03
324.5	  5.8659296E-03
417.5	 -9.8945806E-03
419.5	  9.0748062E-03
456.5	 -1.7899186E-03
460.5	  3.0906845E-03
488.5	 -3.0981719E-03
491.5	  4.1729882E-03
587.5	 -3.8942005E-03
589.5	  5.3013475E-03
658.5	 -1.0032045E-03
662.5	  2.2790786E-03
