-1184.5	  1.1855111E-03
-761.5	  7.2059771E-03
-760.5	 -8.8342121E-03
-669.5	  3.3503424E-03
-666.5	 -2.3039633E-03
-631.5	  3.7624408E-03
-629.5	 -1.7471615E-03
-553.5	  3.8025414E-03
-550.5	 -1.4613890E-03
-478.5	  5.9769531E-03
-476.5	 -6.1192093E-03
-240.5	  6.1273794E-03
-234.5	 -4.5214854E-03
-127.5	  8.3049769E-03
-121.5	 -1.0178051E-03
-76.5	  8.6233662E-03
-67.5	 -2.1562683E-03
0.5	  0.3476563    
1.5	  0.3476563    
79.5	 -1.3395287E-03
86.5	  2.1459352E-02
103.5	 -3.1793588E-03
110.5	  2.6717804E-02
212.5	 -4.4942438E-03
215.5	  9.6257329E-03
226.5	 -1.8136862E-03
232.5	  4.3269261E-03
365.5	 -1.8924710E-03
370.5	  3.5862599E-03
379.5	 -9.9218893E-04
384.5	  4.1281395E-03
601.5	 -2.2814849E-03
604.5	  3.0351679E-03
715.5	 -2.7275954E-03
717.5	  4.0046950E-03
860.5	 -9.6651638E-04
863.5	  2.2225142E-03
993.5	 -1.0341026E-03
996.5	  1.7092873E-03
1053.5	 -3.3306414E-03
1055.5	  3.3989458E-03
1259.5	 -6.0300380E-03
1260.5	  3.3855070E-03
