-1308.5	  4.8930128E-03
-1307.5	 -2.5859876E-03
-952.5	  3.5084113E-03
-951.5	 -1.8410321E-03
-577.5	  4.2352341E-03
-574.5	 -3.3045877E-03
-496.5	  9.3864277E-03
-495.5	 -1.5412431E-02
-440.5	  3.9760969E-03
-436.5	 -2.0263554E-03
-402.5	  4.3489477E-03
-397.5	 -1.7793903E-03
-351.5	  4.5959316E-03
-347.5	 -2.8819540E-03
-234.5	  4.4829836E-03
-228.5	 -1.9048647E-03
-206.5	  1.2003001E-02
-200.5	 -2.5762334E-03
-39.5	  2.4787137E-02
-31.5	 -1.2758709E-03
-21.5	  3.7241440E-02
-7.5	 -2.8071734E-03
2.5	  0.3526854    
170.5	 -1.4700477E-03
175.5	  5.2206293E-03
365.5	 -3.1722428E-03
369.5	  4.7515170E-03
472.5	 -1.9526902E-03
475.5	  3.4996672E-03
507.5	 -1.4064185E-03
512.5	  3.3658447E-03
762.5	 -3.6461619E-03
764.5	  6.8457033E-03
