-843.5	  4.7981814E-03
-755.5	  2.4949429E-03
-752.5	 -1.6755331E-03
-700.5	  2.5635136E-03
-696.5	 -1.0479155E-03
-340.5	  4.0126992E-03
-334.5	 -1.5512166E-03
-328.5	  3.3428492E-03
-324.5	 -1.2585712E-03
-302.5	  6.9472650E-03
-299.5	 -4.2905281E-03
-186.5	  9.0220356E-03
-180.5	 -1.4770995E-03
-87.5	  1.2952905E-02
-80.5	 -3.9843312E-03
-69.5	  1.1539523E-02
-63.5	 -8.1151091E-03
-33.5	  0.2261110    
-19.5	 -1.8895847E-03
2.5	  0.4707572    
34.5	 -3.9395601E-02
42.5	  0.1165515    
59.5	 -2.2397542E-03
67.5	  1.7944822E-02
107.5	 -9.2896126E-04
114.5	  1.1842514E-02
318.5	 -1.1999372E-03
323.5	  5.0538173E-03
395.5	 -3.2699776E-03
397.5	  2.6349681E-03
404.5	 -3.1114523E-03
409.5	  3.6331767E-03
643.5	 -1.1554733E-03
647.5	  2.4615272E-03
742.5	 -2.6064899E-03
744.5	  4.6198647E-03
752.5	 -3.2979783E-03
754.5	  4.4229846E-03
1245.5	 -1.1487689E-03
1248.5	  2.4922406E-03
1291.5	 -1.0249675E-03
1294.5	  1.4575322E-03
1459.5	 -7.6448201E-04
1463.5	  1.2612704E-03
