-967.5	  3.7073053E-03
-965.5	 -2.6978110E-03
-725.5	  1.3041477E-02
-657.5	  4.4374485E-03
-654.5	 -3.7522796E-03
-564.5	  3.3027902E-03
-560.5	 -2.4804564E-03
-405.5	  3.8363268E-03
-400.5	 -1.9128030E-03
-372.5	  9.0300217E-03
-369.5	 -5.9686094E-03
-234.5	  6.3804048E-03
-229.5	 -1.4948524E-03
-217.5	  5.9393346E-03
-211.5	 -3.0652531E-03
-137.5	  6.7009963E-03
-131.5	 -2.0364099E-03
-126.5	  6.1779320E-03
-122.5	 -1.4847465E-02
-121.5	  1.4621992E-02
-116.5	 -2.4528650E-03
0.5	  0.8901725    
1.5	  0.8984180    
47.5	 -4.8641865E-03
51.5	  9.9967290E-03
56.5	 -3.2519267E-03
63.5	  1.8369731E-02
200.5	 -4.2887493E-03
206.5	  6.0408390E-03
343.5	 -1.6483720E-03
348.5	  3.1693496E-03
463.5	 -1.3832978E-03
467.5	  3.0180849E-03
636.5	 -1.3082383E-03
639.5	  2.5346112E-03
738.5	 -1.5129700E-03
741.5	  2.2133559E-03
934.5	 -6.9672853E-04
938.5	  1.9763676E-03
1214.5	 -1.3206564E-03
1217.5	  1.9216361E-03
1875.5	 -3.4434057E-03
1876.5	  2.6498034E-03
