-463.5	  3.1596494E-03
-458.5	 -2.5876735E-03
-419.5	  5.6282599E-03
-416.5	 -3.6524760E-03
-273.5	  5.7252171E-03
-269.5	 -3.6358859E-03
-170.5	  5.9167300E-03
-165.5	 -1.3881020E-03
-160.5	  5.5657616E-03
-159.5	 -6.3224318E-03
-146.5	  4.5549930E-03
-140.5	 -1.2928363E-03
-93.5	  5.6606445E-02
-87.5	 -3.3433460E-02
-1.5	  0.6688302    
36.5	 -4.7376864E-03
44.5	  1.3196269E-02
70.5	 -9.1045490E-04
78.5	  2.6243793E-02
148.5	 -6.0361782E-03
151.5	  1.2086947E-02
158.5	 -3.5940637E-03
164.5	  9.3338331E-03
308.5	 -7.9173930E-03
309.5	  3.6056973E-02
337.5	 -1.8398056E-03
342.5	  6.8124798E-03
378.5	 -4.1838610E-03
381.5	  6.8204766E-03
506.5	 -5.3261383E-03
508.5	  5.8420375E-03
566.5	 -1.4210198E-03
569.5	  3.5395988E-03
641.5	 -1.0851322E-02
642.5	  7.4900202E-03
693.5	 -1.4498868E-03
698.5	  2.4160275E-03
907.5	 -1.1853545E-03
910.5	  2.1224413E-03
1203.5	 -1.5401936E-03
1205.5	  2.0302299E-03
1658.5	 -1.5803955E-03
1659.5	  1.3016315E-02
