-428.5	  4.4168904E-03
-425.5	 -4.0833093E-03
-316.5	  8.8851573E-03
-313.5	 -4.6496582E-03
-289.5	  4.1041146E-03
-281.5	 -2.0037885E-03
-241.5	  5.4315086E-03
-236.5	 -4.2533483E-03
-232.5	  7.8023653E-03
-230.5	 -7.6345121E-03
-104.5	  8.6168516E-03
-98.5	 -2.0390598E-03
-83.5	  2.0199429E-02
-78.5	 -3.2307093E-03
-42.5	  0.1099472    
-41.5	  0.1099472    
-31.5	 -1.5496572E-02
-0.5	  0.6288452    
0.5	  0.6219370    
120.5	 -1.8705041E-03
127.5	  2.1307919E-02
128.5	  2.1307919E-02
148.5	 -3.4414094E-03
153.5	  6.9698449E-03
199.5	 -3.0847182E-03
202.5	  1.0695354E-02
212.5	 -1.9445111E-03
218.5	  4.4094631E-03
346.5	 -1.8900076E-03
350.5	  3.2013867E-03
478.5	 -3.4241879E-03
482.5	  4.1800854E-03
536.5	 -3.3026878E-03
539.5	  4.7069830E-03
568.5	 -4.4923313E-03
570.5	  5.3242566E-03
650.5	 -2.0182249E-03
655.5	  3.1309824E-03
1016.5	 -4.6911738E-03
1017.5	  3.0118721E-03
