-776.5	  1.5921110E-02
-775.5	 -4.4105565E-03
-634.5	  4.6530258E-02
-385.5	  4.4070068E-03
-380.5	 -1.0783005E-03
-252.5	  7.0220795E-03
-247.5	 -3.3122997E-03
-220.5	  1.3577616E-02
-218.5	 -4.0559755E-03
-169.5	  1.0953966E-02
-163.5	 -9.3238009E-04
-78.5	  4.2705145E-02
-70.5	 -1.8315663E-03
-34.5	  0.1536571    
-23.5	 -4.7083434E-02
-18.5	  2.0078972E-02
-10.5	 -1.5432400E-03
0.5	  5.8042690E-02
8.5	 -3.0870431E-03
16.5	  4.2189829E-02
25.5	 -3.1829809E-03
32.5	  2.0271733E-02
73.5	 -4.0939162E-03
80.5	  1.1800115E-02
137.5	 -1.3229478E-03
143.5	  9.5057692E-03
223.5	 -2.7333926E-03
229.5	  3.9716619E-03
459.5	 -6.8377093E-03
461.5	  5.1071616E-03
631.5	 -2.3098360E-03
634.5	  2.8597352E-03
696.5	 -1.1947877E-03
699.5	  2.5280134E-03
1094.5	 -2.4853796E-03
1097.5	  2.4523069E-03
