-888.5	  2.8003964E-03
-885.5	 -2.4064844E-03
-837.5	  2.7554436E-03
-834.5	 -1.4836779E-03
-699.5	  3.4059382E-03
-696.5	 -2.8094337E-03
-655.5	  4.4634114E-03
-653.5	 -3.7319518E-03
-636.5	  3.1683142E-03
-632.5	 -1.4326057E-03
-503.5	  3.4986136E-03
-499.5	 -1.2981406E-03
-440.5	  5.7846159E-03
-437.5	 -3.2175835E-03
-352.5	  3.5861689E-03
-347.5	 -1.4372061E-03
-265.5	  5.7197693E-03
-260.5	 -2.4803751E-03
-239.5	  1.2867796E-02
-236.5	 -6.9637834E-03
-83.5	  5.1622663E-02
-74.5	 -2.8220443E-02
-72.5	  2.8893702E-02
-68.5	 -8.4019648E-03
0.5	   1.466848    
1.5	   1.539920    
2.5	   1.362778    
42.5	 -3.9689499E-03
48.5	  3.8128037E-02
70.5	 -3.6472757E-03
75.5	  6.7022340E-03
86.5	 -1.2498016E-02
93.5	  4.0891405E-02
172.5	 -2.8847244E-03
177.5	  8.6082751E-03
203.5	 -4.1762465E-03
207.5	  9.6881390E-03
483.5	 -2.6533017E-03
486.5	  3.6369544E-03
524.5	 -7.0092096E-03
525.5	  5.3192270E-03
679.5	 -2.7069428E-03
683.5	  3.1303726E-03
927.5	 -1.4073356E-03
930.5	  2.2597380E-03
