-1029.5	  3.4787778E-03
-1026.5	 -1.3610903E-03
-761.5	  2.4634653E-03
-757.5	 -1.5810521E-03
-666.5	  3.9567235E-03
-664.5	 -3.0884955E-03
-652.5	  3.0019043E-03
-648.5	 -1.3455033E-03
-383.5	  4.5490339E-03
-379.5	 -1.7969159E-03
-141.5	  8.5780732E-03
-135.5	 -3.1313214E-03
-115.5	  4.4217978E-02
-108.5	 -3.0840305E-03
-46.5	  2.3467669E-02
-34.5	 -5.1100249E-04
-10.5	  0.5898525    
-9.5	  0.6275471    
3.5	 -0.7619511    
4.5	 -0.8600073    
12.5	  0.8331228    
13.5	  0.7639297    
71.5	 -1.1512112E-03
78.5	  2.7055858E-02
247.5	 -9.5355022E-04
253.5	  5.3980253E-03
364.5	 -3.3410499E-03
367.5	  5.7449779E-03
417.5	 -1.2968859E-03
421.5	  3.2775637E-03
565.5	 -2.5985676E-03
567.5	  4.2718798E-03
654.5	 -1.1951400E-03
657.5	  2.4842001E-03
732.5	 -1.2469062E-03
735.5	  2.7329267E-03
767.5	 -1.2824880E-03
770.5	  2.3375025E-03
979.5	 -2.7063529E-03
982.5	  2.4849025E-03
