-550.5	  5.1241731E-03
-547.5	 -2.6045509E-03
-433.5	  5.0793868E-03
-430.5	 -3.4571877E-03
-424.5	  2.3544086E-03
-420.5	 -1.2538793E-03
-415.5	  3.9961445E-03
-414.5	 -2.5852842E-03
-252.5	  4.5471652E-03
-247.5	 -2.4118605E-03
-170.5	  4.2011235E-03
-164.5	 -9.4046420E-04
-157.5	  3.4820191E-03
-151.5	 -2.4733404E-03
-133.5	  1.5977563E-02
-130.5	 -3.6210422E-03
-8.5	   1.062163    
-7.5	   1.067709    
51.5	 -3.6246567E-03
58.5	  7.9729818E-02
59.5	  7.9729818E-02
110.5	 -3.7060929E-03
115.5	  6.6054235E-03
134.5	 -5.4168645E-03
141.5	  2.1805704E-02
210.5	 -2.9561392E-03
215.5	  9.8903151E-03
383.5	 -1.3051785E-03
389.5	  2.8926821E-03
401.5	 -3.0806654E-03
404.5	  4.6462952E-03
529.5	 -1.1799424E-03
533.5	  2.8941485E-03
720.5	 -3.5311684E-03
722.5	  3.9999299E-03
732.5	 -6.2230700E-03
733.5	  1.0206866E-02
858.5	 -1.2792548E-03
861.5	  2.2930554E-03
