-964.5	  4.1885222E-03
-963.5	 -2.7272322E-03
-849.5	  1.7747851E-03
-844.5	 -9.7002630E-04
-544.5	  2.9543801E-03
-540.5	 -1.1453665E-03
-457.5	  3.4426595E-03
-453.5	 -3.0014759E-03
-397.5	  4.2476472E-03
-392.5	 -9.7873062E-04
-289.5	  7.7628829E-03
-285.5	 -3.2997848E-03
-138.5	  6.2306076E-03
-132.5	 -2.9883499E-03
-121.5	  1.6152184E-02
-117.5	 -3.8117964E-03
-21.5	  0.1577721    
-8.5	 -1.2878964E-02
3.5	  0.1039963    
17.5	 -5.7111386E-02
26.5	  0.1373067    
27.5	  0.1401144    
42.5	 -1.3612676E-03
49.5	  3.2916132E-02
252.5	 -3.2013503E-03
257.5	  3.0750895E-03
278.5	 -5.6676744E-03
281.5	  1.4200674E-02
330.5	 -3.5435255E-03
333.5	  5.7254294E-03
461.5	 -2.4253521E-03
465.5	  3.8362152E-03
588.5	 -3.2615464E-03
592.5	  3.4858624E-03
639.5	 -2.3342583E-03
643.5	  3.0124097E-03
1018.5	 -2.8370228E-03
1020.5	  2.7055724E-03
1198.5	 -2.4757562E-03
1200.5	  2.2872172E-03
