-1028.5	  4.3697683E-03
-1027.5	 -4.3325988E-03
-877.5	  2.6336983E-03
-874.5	 -1.8905065E-03
-827.5	  1.5777701E-03
-823.5	 -6.7924213E-04
-597.5	  2.3728737E-03
-593.5	 -1.5011779E-03
-476.5	  3.2195931E-03
-472.5	 -1.2370279E-03
-326.5	  1.5062368E-02
-324.5	 -9.5180776E-03
-190.5	  7.1927793E-03
-183.5	 -5.9660794E-03
-110.5	  1.7184794E-02
-104.5	 -1.8737899E-03
-41.5	  8.2109265E-02
-32.5	 -2.0217076E-03
0.5	  0.7252451    
1.5	  0.7224941    
47.5	 -2.9811466E-03
52.5	  1.0936344E-02
60.5	 -1.3657485E-03
68.5	  1.6125904E-02
208.5	 -7.2272997E-03
211.5	  1.6162157E-02
332.5	 -1.5427634E-03
338.5	  5.1449356E-03
417.5	 -1.7687284E-03
421.5	  4.4586025E-03
483.5	 -1.1061737E-03
487.5	  2.6523026E-03
745.5	 -2.5201316E-03
747.5	  3.5035016E-03
809.5	 -2.5942998E-03
813.5	  2.6714364E-03
1066.5	 -4.1976413E-03
1067.5	  5.3437077E-03
