-1021.5	  3.1460850E-03
-1019.5	 -3.1734079E-03
-752.5	  2.9084310E-03
-749.5	 -1.9387256E-03
-573.5	  3.8932103E-03
-570.5	 -4.1694534E-03
-534.5	  4.1855047E-03
-531.5	 -2.8390046E-03
-321.5	  6.1193905E-03
-317.5	 -3.9342623E-03
-267.5	  4.5887148E-03
-263.5	 -2.9199098E-03
-254.5	  8.2915481E-03
-250.5	 -2.1017112E-03
-197.5	  8.6000729E-03
-191.5	 -9.9600479E-04
-165.5	  9.6932286E-03
-164.5	  9.6932286E-03
-159.5	 -2.4442831E-03
-150.5	  5.3796838E-03
-145.5	 -3.2313417E-03
-132.5	  1.5223370E-02
-128.5	 -6.5774159E-03
-86.5	  7.9225656E-03
-79.5	 -3.1542801E-03
-76.5	  2.6975907E-03
-71.5	 -1.1011759E-03
-0.5	  0.6322964    
0.5	   1.051807    
115.5	 -7.3313698E-02
116.5	  7.0921801E-02
146.5	 -3.4755487E-03
150.5	  1.5356927E-02
169.5	 -3.4043035E-03
174.5	  6.4118067E-03
245.5	 -3.4224885E-03
250.5	  5.1227631E-03
410.5	 -1.2079475E-03
415.5	  3.7733833E-03
598.5	 -1.7982769E-03
601.5	  3.3369751E-03
717.5	 -1.9976296E-03
721.5	  2.3316680E-03
915.5	 -9.7582303E-03
