-1853.5	  3.1098225E-03
-1852.5	 -2.3221481E-03
-981.5	  1.7970426E-03
-976.5	 -1.3020369E-03
-507.5	  5.0842287E-03
-505.5	 -4.2048725E-03
-489.5	  3.7123633E-03
-484.5	 -1.2540721E-03
-467.5	  4.5870361E-03
-464.5	 -4.7341930E-03
-312.5	  4.9222782E-03
-307.5	 -2.0191283E-03
-257.5	  6.4065014E-03
-252.5	 -3.0005083E-03
-246.5	  3.2755658E-03
-242.5	 -1.1919810E-03
-130.5	  2.0141101E-02
-129.5	  2.0141101E-02
-117.5	 -4.2883675E-03
-35.5	  2.5996981E-02
-28.5	 -3.1107576E-03
-20.5	  2.9375484E-02
-13.5	 -3.0630277E-03
-0.5	  0.6929784    
0.5	  0.6735180    
80.5	 -1.5563298E-03
87.5	  1.7685531E-02
136.5	 -3.3408371E-03
141.5	  1.4307471E-02
152.5	 -3.5338674E-03
156.5	  7.4645500E-03
157.5	  7.4645500E-03
167.5	 -2.7344876E-03
172.5	  5.5481452E-03
194.5	 -9.8748766E-03
196.5	  1.6484257E-02
216.5	 -3.0691305E-03
221.5	  5.9492760E-03
355.5	 -9.8089222E-04
360.5	  2.7826359E-03
526.5	 -1.0118968E-03
531.5	  2.5575515E-03
584.5	 -2.1971089E-03
589.5	  2.9303294E-03
770.5	 -1.2197178E-03
773.5	  2.6609704E-03
1229.5	 -2.3106009E-02
