-849.5	  2.7102476E-03
-847.5	 -1.3428417E-03
-733.5	  2.4670747E-03
-730.5	 -1.3504033E-03
-568.5	  9.1448165E-03
-567.5	 -1.1355744E-02
-399.5	  3.2928102E-03
-394.5	 -1.5905092E-03
-326.5	  4.7278078E-03
-321.5	 -2.8203910E-03
-188.5	  1.1998218E-02
-183.5	 -3.6189468E-03
-134.5	  7.2609368E-03
-127.5	 -5.1130592E-03
-117.5	  5.6520090E-03
-114.5	 -1.1978044E-02
-25.5	  2.1071488E-02
-17.5	 -3.1071354E-03
-7.5	  5.7269890E-02
0.5	 -3.2288476E-03
9.5	  8.8461749E-02
99.5	 -2.5747274E-03
106.5	  8.1846789E-03
145.5	 -1.9344654E-03
150.5	  1.6046070E-02
180.5	 -1.5403319E-03
185.5	  7.4481796E-03
281.5	 -1.0451432E-02
282.5	  7.9470705E-03
291.5	 -1.9209898E-03
296.5	  4.0282262E-03
529.5	 -5.5852365E-03
532.5	  4.7639180E-03
570.5	 -2.6358312E-03
574.5	  3.3689225E-03
1583.5	 -9.6896838E-04
1585.5	  1.9788041E-03
