-1052.5	  2.6460392E-03
-1050.5	 -1.1715195E-03
-892.5	  4.0749814E-03
-890.5	 -2.4603261E-03
-861.5	  2.2239115E-03
-857.5	 -1.1237817E-03
-824.5	  2.6653854E-03
-821.5	 -2.2658603E-03
-687.5	  4.1632354E-03
-685.5	 -4.5424299E-03
-586.5	  6.3832095E-03
-584.5	 -2.7162938E-03
-449.5	  5.4546134E-03
-447.5	 -5.5807009E-03
-338.5	  3.4267402E-03
-333.5	 -2.1209654E-03
-329.5	  2.4361548E-03
-325.5	 -9.8463148E-04
-50.5	  0.2053210    
-49.5	  0.2053210    
-45.5	 -0.1283389    
-23.5	  0.1454868    
-10.5	 -5.8340095E-02
-8.5	  4.2889826E-02
0.5	 -2.0732856E-03
10.5	  9.4222106E-02
30.5	 -2.5062533E-03
36.5	  8.2088020E-03
43.5	 -4.2498927E-03
52.5	  5.8681108E-02
67.5	 -3.0019023E-03
72.5	  1.2330367E-02
78.5	 -3.4762681E-03
85.5	  1.5697245E-02
228.5	 -3.4339686E-03
234.5	  4.8834402E-03
289.5	 -1.4975696E-03
294.5	  4.1625570E-03
386.5	 -3.4048550E-03
390.5	  4.6812887E-03
494.5	 -2.6280265E-03
497.5	  4.3186308E-03
533.5	 -4.0968726E-03
535.5	  4.8375730E-03
690.5	 -1.7318939E-03
693.5	  2.6492327E-03
938.5	 -2.1503456E-03
940.5	  2.5172113E-03
958.5	 -3.5209632E-03
959.5	  9.4061233E-03
