-1237.5	  3.1122729E-02
-1236.5	 -2.6361519E-02
-581.5	  3.8920008E-03
-577.5	 -3.4520656E-03
-439.5	  3.6988850E-03
-435.5	 -2.7411450E-03
-345.5	  3.6025294E-03
-340.5	 -2.2788751E-03
-318.5	  5.5488180E-03
-314.5	 -3.5075038E-03
-217.5	  1.5372071E-02
-214.5	 -1.0406108E-02
-44.5	  2.3105703E-02
-32.5	 -2.8982800E-03
-2.5	  0.5584090    
83.5	 -1.8535529E-03
92.5	  2.9439667E-02
107.5	 -3.0206891E-03
113.5	  7.7211014E-03
519.5	 -3.3902908E-03
522.5	  4.5054574E-03
615.5	 -1.7805491E-03
620.5	  2.7382385E-03
688.5	 -4.6011615E-03
690.5	  5.5114282E-03
761.5	 -2.9410329E-03
763.5	  3.3058303E-03
791.5	 -2.1237368E-03
794.5	  3.1284192E-03
966.5	 -1.1997501E-03
969.5	  1.8862642E-03
1189.5	 -4.0636533E-03
1190.5	  3.3080184E-03
