-978.5	  2.2899825E-03
-975.5	 -1.1780182E-03
-763.5	  4.2630853E-03
-761.5	 -4.0742964E-03
-537.5	  3.1043836E-03
-533.5	 -1.3047562E-03
-468.5	  1.6118813E-02
-467.5	 -8.5212523E-03
-374.5	  3.4006708E-03
-370.5	 -1.3587778E-03
-183.5	  7.6300809E-03
-177.5	 -4.6764021E-03
-169.5	  1.4261287E-03
-165.5	 -1.0744581E-03
-140.5	  6.4333729E-02
-138.5	 -3.1447940E-02
-134.5	  5.4508313E-03
-128.5	 -5.5590235E-03
-110.5	  2.6151802E-02
-104.5	 -2.6101905E-03
-40.5	  0.1412536    
-29.5	 -1.2241277E-03
-25.5	  1.6456428E-03
-21.5	 -1.3255818E-03
6.5	  0.6729416    
7.5	  0.6677535    
216.5	 -5.5872626E-03
219.5	  1.5510568E-02
234.5	 -3.1741504E-03
240.5	  6.2252027E-03
261.5	 -2.7999582E-03
265.5	  6.2382938E-03
333.5	 -3.0915726E-03
337.5	  4.7915876E-03
401.5	 -1.4151842E-03
405.5	  3.5716447E-03
711.5	 -5.6265858E-03
712.5	  1.2239379E-02
915.5	 -2.6356310E-03
917.5	  3.1157709E-03
