-934.5	  3.0295802E-03
-932.5	 -2.7817355E-03
-887.5	  2.0858981E-03
-883.5	 -1.0396936E-03
-637.5	  3.1566601E-03
-633.5	 -1.8502357E-03
-610.5	  2.6768181E-03
-606.5	 -1.1978059E-03
-418.5	  4.5498512E-03
-415.5	 -2.9226809E-03
-389.5	  3.1944059E-03
-384.5	 -2.5782411E-03
-217.5	  1.6647361E-02
-212.5	 -4.7046011E-03
-185.5	  7.5307307E-03
-179.5	 -1.1060520E-03
-146.5	  1.0081357E-02
-140.5	 -1.3004710E-03
-75.5	  4.6720926E-02
-67.5	 -2.4503030E-02
-66.5	  1.4078601E-02
-60.5	 -2.4899333E-03
-54.5	  9.3586706E-03
-50.5	 -4.2245924E-03
-43.5	  3.5905428E-03
-37.5	 -1.8410776E-03
-2.5	  0.7037801    
31.5	 -1.8351723E-03
41.5	  8.7301716E-02
291.5	 -7.7631329E-03
298.5	  5.3864350E-03
355.5	 -1.9489763E-03
360.5	  4.5785774E-03
453.5	 -3.7030424E-03
456.5	  4.6745972E-03
541.5	 -3.3690277E-03
545.5	  3.6414748E-03
