-1078.5	  3.7494942E-03
-1077.5	 -3.4119515E-03
-971.5	  2.0790093E-03
-967.5	 -1.8444618E-03
-937.5	  3.0810903E-03
-935.5	 -2.5157419E-03
-683.5	  3.4556738E-03
-680.5	 -2.1591282E-03
-667.5	  3.8502845E-03
-665.5	 -2.8994577E-03
-518.5	  4.9580904E-03
-515.5	 -2.7428851E-03
-444.5	  4.2623254E-03
-441.5	 -3.2687564E-03
-355.5	  4.4752676E-03
-350.5	 -1.9167117E-03
-136.5	  7.7489647E-03
-131.5	 -3.8202575E-03
-118.5	  1.7711436E-02
-109.5	 -2.1491295E-03
-16.5	  0.4672447    
-15.5	  0.4585631    
-2.5	 -4.7242767E-03
6.5	  9.2075981E-02
16.5	 -3.4669086E-03
23.5	  1.2852575E-02
41.5	 -1.6356377E-03
51.5	  9.2796177E-02
115.5	 -1.3596769E-03
122.5	  1.1148338E-02
146.5	 -3.1596383E-03
151.5	  6.6617522E-03
316.5	 -5.4915734E-03
318.5	  1.1615475E-02
447.5	 -6.8479637E-03
450.5	  6.1782585E-03
455.5	 -3.4641847E-03
459.5	  4.4404091E-03
491.5	 -3.6427572E-03
494.5	  4.8344233E-03
521.5	 -1.6604105E-02
522.5	  1.0173869E-02
566.5	 -2.7349733E-03
569.5	  4.0868139E-03
681.5	 -2.2325956E-03
684.5	  3.0715019E-03
1256.5	 -2.6781622E-03
1258.5	  2.0695115E-03
1282.5	 -7.6163613E-04
1285.5	  1.3244660E-03
1676.5	 -1.1436670E-03
1678.5	  2.7109222E-03
