-973.5	  2.9278945E-03
-971.5	 -3.2782711E-03
-807.5	  3.7157387E-03
-805.5	 -2.9790176E-03
-638.5	  3.6875727E-03
-633.5	 -1.7386433E-03
-520.5	  6.3723326E-03
-518.5	 -4.9567642E-03
-372.5	  5.1055448E-03
-368.5	 -3.1855456E-03
-156.5	  1.2101587E-02
-151.5	 -3.5694086E-03
-72.5	  6.8981774E-02
-63.5	 -7.4188784E-03
-2.5	   1.067988    
-1.5	   1.066699    
-0.5	   1.057680    
47.5	 -1.1127351E-02
57.5	  0.1195084    
58.5	  0.1195084    
215.5	 -8.5441917E-03
216.5	  1.1148673E-02
219.5	 -3.0242798E-03
226.5	  8.7012677E-03
316.5	 -1.9017727E-03
320.5	  5.1148469E-03
380.5	 -9.4696967E-04
384.5	  2.3360141E-03
387.5	 -3.3773642E-03
392.5	  3.2695271E-03
435.5	 -3.4384481E-03
438.5	  4.7464524E-03
584.5	 -2.8962696E-03
588.5	  3.3658303E-03
732.5	 -7.4356515E-04
738.5	  2.1684277E-03
982.5	 -1.5409258E-03
985.5	  2.2101558E-03
1462.5	 -6.5113069E-04
1465.5	  1.3517857E-03
