-1123.5	  2.0694749E-03
-1120.5	 -1.1595259E-03
-776.5	  2.9809165E-03
-773.5	 -1.8031645E-03
-645.5	  3.4184686E-03
-642.5	 -3.2449064E-03
-482.5	  4.4016200E-03
-479.5	 -3.7901462E-03
-429.5	  4.5617083E-03
-426.5	 -3.2465318E-03
-356.5	  3.6478408E-03
-351.5	 -2.5200618E-03
-244.5	  8.7832445E-03
-239.5	 -2.2695411E-03
-104.5	  9.9222939E-03
-97.5	 -1.4979322E-03
-18.5	  0.3487813    
-4.5	 -1.3471849E-03
6.5	  0.1900630    
26.5	 -0.1672648    
27.5	 -0.1955738    
33.5	  0.2778692    
78.5	 -2.6473287E-03
82.5	  1.0624914E-02
88.5	 -3.0023493E-03
95.5	  1.1155929E-02
171.5	 -5.6844121E-03
174.5	  1.6595762E-02
205.5	 -3.4123580E-03
210.5	  6.6368524E-03
237.5	 -1.7336907E-02
238.5	  1.6453367E-02
248.5	 -1.7773118E-03
253.5	  2.9800101E-03
257.5	 -2.8606148E-03
262.5	  4.4423728E-03
353.5	 -4.9985112E-03
357.5	  8.2365097E-03
371.5	 -3.6769162E-03
374.5	  4.7572190E-03
496.5	 -1.6493743E-03
500.5	  3.3394168E-03
557.5	 -2.2844421E-03
560.5	  3.2311464E-03
