-1203.5	  2.6108271E-03
-1201.5	 -2.6462034E-03
-787.5	  2.0004886E-03
-782.5	 -9.3135482E-04
-471.5	  4.5244819E-03
-468.5	 -3.3819014E-03
-380.5	  2.9632375E-03
-375.5	 -1.0084915E-03
-368.5	  4.1975253E-03
-366.5	 -3.6845533E-03
-173.5	  7.4092732E-03
-167.5	 -2.0959405E-03
-158.5	  1.0882734E-02
-155.5	 -5.7650027E-03
-82.5	  2.1879114E-02
-74.5	 -1.1022486E-03
-64.5	  1.0128811E-02
-58.5	 -3.7040585E-03
-45.5	  6.6709012E-02
-40.5	 -3.7942268E-02
-24.5	  8.2485020E-02
-14.5	 -3.7519671E-03
-8.5	  1.7023541E-02
-5.5	 -3.8836792E-02
15.5	  0.4106575    
16.5	  0.4106575    
86.5	 -3.4340456E-02
91.5	  6.5503769E-02
92.5	  6.5503769E-02
163.5	 -3.1269919E-02
166.5	  3.9855991E-02
197.5	 -4.6018283E-03
203.5	  5.9724948E-03
281.5	 -1.3671607E-03
286.5	  5.9989421E-03
860.5	 -3.3013029E-03
1085.5	  3.2086391E-06
1272.5	 -1.8584257E-03
1273.5	  7.8429272E-03
1281.5	 -7.0508267E-04
1285.5	  1.3624236E-03
