-1118.5	  1.8939532E-03
-1113.5	 -9.4522844E-04
-925.5	  2.0886243E-03
-922.5	 -1.1783531E-03
-688.5	  6.8944618E-03
-687.5	 -1.5316100E-02
-471.5	  4.6326928E-03
-468.5	 -2.6473782E-03
-261.5	  3.3457156E-03
-255.5	 -1.5383114E-03
-246.5	  6.8687028E-03
-243.5	 -3.0937677E-03
-212.5	  5.0739069E-03
-207.5	 -2.0905286E-03
-195.5	  1.1645031E-02
-192.5	 -3.3304088E-03
-123.5	  4.0664572E-02
-119.5	 -1.8265737E-02
-7.5	  0.5588602    
-6.5	  0.5384868    
15.5	 -1.6115946E-03
26.5	  0.1530400    
383.5	 -3.1290965E-03
388.5	  3.5887961E-03
581.5	 -1.7807395E-03
586.5	  2.6668960E-03
697.5	 -1.8319844E-03
699.5	  3.4389461E-03
951.5	 -3.1430204E-03
953.5	  4.1049714E-03
