-804.5	  2.7656399E-03
-801.5	 -1.6754681E-03
-636.5	  3.2122927E-03
-632.5	 -3.1069869E-03
-489.5	  2.7627752E-03
-485.5	 -1.1930915E-03
-368.5	  3.9747232E-03
-363.5	 -1.2532579E-03
-229.5	  4.6860166E-03
-224.5	 -1.3288752E-03
-133.5	  4.6162777E-02
-130.5	 -3.9607216E-02
-96.5	  6.6821571E-03
-88.5	 -1.2108391E-03
-75.5	  3.1904161E-02
-68.5	 -3.8124064E-03
-11.5	  0.2000073    
2.5	 -2.5284637E-03
18.5	  0.3136894    
78.5	 -7.6526019E-04
83.5	  3.3777766E-03
85.5	 -2.8958498E-03
92.5	  8.4769679E-03
264.5	 -7.0768199E-03
266.5	  1.3333679E-02
287.5	 -2.8198045E-03
291.5	  4.4237003E-03
503.5	 -1.3094537E-03
506.5	  1.9203929E-03
517.5	 -2.7818168E-03
521.5	  3.6942305E-03
723.5	 -2.7836487E-03
725.5	  6.1681820E-03
819.5	 -1.8614897E-03
821.5	  4.9522636E-03
834.5	 -1.9728397E-03
836.5	  3.4575437E-03
