-840.5	  5.4585058E-03
-839.5	 -2.8169283E-03
-747.5	  3.1826107E-03
-744.5	 -2.6898244E-03
-739.5	  5.4838248E-03
-738.5	 -7.9319589E-03
-582.5	  2.4645629E-03
-577.5	 -1.3166717E-03
-332.5	  5.3592310E-03
-327.5	 -1.2010173E-03
-314.5	  3.9920728E-03
-309.5	 -1.6170713E-03
-299.5	  8.1027402E-03
-297.5	 -4.4303113E-03
-268.5	  6.4387885E-03
-263.5	 -3.7765806E-03
-111.5	  1.3038752E-02
-104.5	 -1.5220135E-03
2.5	  0.7315345    
3.5	  0.7613736    
49.5	 -1.2584312E-03
56.5	  4.6561684E-02
203.5	 -8.0549056E-03
206.5	  1.9219173E-02
336.5	 -1.6287537E-03
340.5	  4.0791724E-03
483.5	 -3.1853672E-03
487.5	  2.4143541E-03
491.5	 -2.3128465E-03
495.5	  4.2070495E-03
751.5	 -1.2610642E-03
754.5	  2.3368539E-03
889.5	 -1.3481178E-03
892.5	  2.2259133E-03
990.5	 -7.8112339E-03
991.5	  4.9523804E-03
