-1700.5	  2.3049281E-03
-1699.5	 -8.4429095E-04
-847.5	  2.7792940E-03
-844.5	 -1.5685132E-03
-723.5	  3.5062532E-03
-721.5	 -5.1680566E-03
-635.5	  6.5270169E-03
-634.5	 -3.7830402E-03
-601.5	  3.7553073E-03
-598.5	 -2.0314115E-03
-571.5	  3.5646444E-03
-568.5	 -3.4996520E-03
-435.5	  4.1648545E-03
-432.5	 -2.8088095E-03
-371.5	  6.3999849E-03
-366.5	 -8.5983035E-04
-235.5	  4.9219634E-03
-229.5	 -1.8139785E-03
-214.5	  4.5739072E-03
-208.5	 -1.5534580E-03
-194.5	  1.5176554E-02
-192.5	 -6.9621266E-03
-124.5	  1.0273978E-02
-118.5	 -2.7349058E-03
-94.5	  3.0494001E-02
-89.5	 -4.8487429E-03
-29.5	  1.7333172E-02
-21.5	 -3.6384016E-03
-5.5	  0.1672007    
7.5	 -4.6021901E-03
14.5	  1.7943112E-02
30.5	 -4.0837810E-03
35.5	  1.7742969E-02
41.5	 -3.0592917E-03
49.5	  2.4327392E-02
78.5	 -4.7781197E-03
82.5	  2.2522304E-02
93.5	 -4.2804708E-03
99.5	  1.0227439E-02
312.5	 -1.7042069E-03
318.5	  4.7262008E-03
328.5	 -3.5191027E-03
331.5	  5.5317599E-03
542.5	 -2.2183133E-03
545.5	  3.5026928E-03
550.5	 -3.1870452E-03
553.5	  4.0320596E-03
618.5	 -3.4759908E-03
620.5	  5.0848508E-03
1081.5	 -4.8996443E-03
1083.5	  4.2194026E-03
