-858.5	  3.6264684E-03
-856.5	 -3.7555723E-03
-739.5	  2.5949120E-03
-736.5	 -1.1242566E-03
-653.5	  2.5791614E-03
-650.5	 -1.5953890E-03
-468.5	  3.5791853E-03
-463.5	 -9.8767946E-04
-399.5	  2.8623198E-03
-394.5	 -1.1308920E-03
-349.5	  4.3491833E-03
-344.5	 -2.6365744E-03
-155.5	  9.6109398E-03
-148.5	 -3.0502516E-03
-35.5	  0.2080376    
-34.5	  0.2080376    
-25.5	 -9.7665653E-02
-3.5	  0.3091369    
-2.5	  0.3103618    
24.5	 -2.5709169E-03
35.5	  0.1087655    
54.5	 -5.7082330E-03
56.5	  6.7484956E-03
59.5	 -4.0285699E-03
67.5	  1.9589463E-02
158.5	 -6.1463844E-03
163.5	  1.9950924E-02
224.5	 -3.4301209E-03
230.5	  4.2790626E-03
371.5	 -3.0127040E-03
376.5	  4.9183005E-03
672.5	 -7.1306089E-03
673.5	  1.5739076E-02
685.5	 -5.8296882E-03
688.5	  3.8390502E-03
976.5	 -3.8733995E-03
977.5	  5.7577253E-03
1329.5	 -1.2219854E-03
1332.5	  1.9234368E-03
