-1087.5	  1.4365717E-03
-1083.5	 -7.6532620E-04
-785.5	  7.3282123E-03
-339.5	  4.8836609E-03
-335.5	 -3.1057994E-03
-256.5	  6.5745031E-03
-251.5	 -3.4904522E-03
-239.5	  4.9374443E-03
-235.5	 -1.9020216E-03
-180.5	  1.6039001E-02
-175.5	 -5.2384613E-03
-40.5	  0.1714184    
-27.5	 -3.1469688E-02
-13.5	  0.1525683    
-7.5	 -0.1381567    
15.5	  0.3574327    
43.5	 -4.8586358E-03
47.5	  1.6633840E-02
60.5	 -2.9450252E-03
67.5	  1.9448915E-02
151.5	 -1.3509681E-02
152.5	  1.9277018E-02
159.5	 -2.7583160E-03
165.5	  6.8624932E-03
184.5	 -6.6151260E-03
186.5	  1.7637307E-02
195.5	 -3.3763370E-03
200.5	  5.3274790E-03
283.5	 -1.9366504E-03
288.5	  3.3826539E-03
417.5	 -3.2140361E-03
420.5	  2.9423151E-03
425.5	 -1.8912328E-03
430.5	  3.3345572E-03
718.5	 -4.1127303E-03
720.5	  4.3863268E-03
897.5	 -1.0898521E-03
900.5	  1.9955593E-03
1002.5	 -3.4383272E-03
1003.5	  6.9338642E-03
