-1790.5	  2.9682773E-03
-1789.5	 -2.9103684E-03
-923.5	  2.7176136E-02
-799.5	  3.9732242E-03
-797.5	 -4.9432600E-03
-698.5	  3.3000442E-03
-691.5	 -8.9233427E-04
-583.5	  6.0687908E-03
-581.5	 -3.4808917E-03
-411.5	  4.3071709E-03
-407.5	 -1.7874645E-03
-262.5	  4.1137752E-03
-256.5	 -1.1187680E-03
-197.5	  7.0923059E-03
-192.5	 -1.1794877E-03
-145.5	  7.1812239E-03
-140.5	 -3.4766104E-03
-117.5	  2.3790486E-02
-112.5	 -4.4198558E-03
-31.5	  9.2540920E-02
-22.5	 -1.0416259E-03
1.5	  0.5893547    
2.5	  0.5778170    
35.5	 -1.6025929E-03
44.5	  8.2402878E-02
85.5	 -2.1998950E-03
93.5	  4.6529591E-02
112.5	 -3.1917959E-03
118.5	  8.6311763E-03
239.5	 -5.3232964E-03
243.5	  1.2346647E-02
274.5	 -9.2239410E-04
279.5	  4.1991780E-03
510.5	 -2.7482850E-03
513.5	  3.6191505E-03
711.5	 -2.6261562E-03
714.5	  3.5571379E-03
990.5	 -4.0102606E-03
992.5	  2.5922344E-03
1135.5	 -1.2773471E-03
1138.5	  2.2482092E-03
