-1117.5	  1.2833823E-03
-1113.5	 -6.9211074E-04
-824.5	  2.1283091E-03
-820.5	 -1.3680210E-03
-597.5	  3.7064354E-03
-593.5	 -5.1849284E-03
-559.5	  5.5324044E-03
-557.5	 -5.0771018E-03
-504.5	  8.1675705E-03
-503.5	 -2.1570226E-02
-444.5	  5.0281580E-03
-441.5	 -4.2834324E-03
-277.5	  5.5843964E-03
-272.5	 -2.9219280E-03
-266.5	  3.0511627E-03
-260.5	 -1.4353638E-03
-165.5	  8.4657222E-03
-159.5	 -4.4687958E-03
-135.5	  6.9717960E-03
-130.5	 -3.3638042E-03
-112.5	  2.8373316E-02
-107.5	 -5.5951164E-03
-63.5	  8.2955696E-02
-54.5	 -1.1951761E-02
-11.5	  0.3947856    
9.5	 -6.5816112E-02
17.5	  0.1500078    
156.5	 -1.8859853E-03
163.5	  8.7931911E-03
339.5	 -2.1518120E-03
344.5	  3.3634049E-03
523.5	 -1.3739821E-03
527.5	  2.5514751E-03
582.5	 -3.0998271E-03
585.5	  4.3861447E-03
723.5	 -3.6324486E-03
725.5	  5.4820739E-03
