-791.5	  5.8744820E-03
-790.5	 -1.0693219E-02
-673.5	  7.3877401E-03
-672.5	 -1.5094533E-02
-617.5	  3.5443164E-03
-615.5	 -1.7078479E-03
-587.5	  6.3004964E-03
-585.5	 -4.0165489E-03
-505.5	  2.7707615E-03
-501.5	 -1.6849892E-03
-486.5	  4.9324376E-03
-484.5	 -2.9768632E-03
-415.5	  6.0237595E-03
-412.5	 -3.7624235E-03
-328.5	  4.5846165E-03
-324.5	 -3.1050581E-03
-197.5	  6.3022692E-03
-192.5	 -3.4659111E-03
-182.5	  1.6114691E-02
-180.5	 -1.0510541E-02
-149.5	  5.7164528E-03
-139.5	 -1.4373866E-03
-126.5	  1.6705003E-02
-123.5	 -8.1557073E-03
-104.5	  4.7082625E-02
-99.5	 -1.9885184E-02
-79.5	  3.0391265E-02
-71.5	 -3.0691051E-03
-62.5	  1.5088111E-02
-55.5	 -1.3898762E-03
-0.5	   2.631859    
0.5	   8.050656    
1.5	  0.9751800    
27.5	 -4.1279588E-03
36.5	  0.1198554    
81.5	 -2.4047028E-03
87.5	  1.4715399E-02
126.5	 -5.1513459E-03
129.5	  1.1196273E-02
136.5	 -3.3027199E-03
141.5	  6.7392224E-03
223.5	 -2.3050564E-03
228.5	  9.2799906E-03
299.5	 -3.8862696E-03
304.5	  5.0283861E-03
320.5	 -3.1816433E-03
324.5	  4.5816232E-03
348.5	 -1.2449916E-03
353.5	  4.6381550E-03
422.5	 -1.8304116E-03
426.5	  2.8189872E-03
894.5	 -6.5305270E-03
923.5	 -6.2403823E-03
924.5	 -6.2403823E-03
925.5	  4.2980332E-03
1159.5	 -1.6424378E-03
1161.5	  2.7940078E-03
