-1845.5	  1.9657509E-03
-1844.5	 -9.1951545E-03
-1352.5	  1.6402358E-03
-1349.5	 -9.1238064E-04
-612.5	  3.3914254E-03
-608.5	 -2.8551870E-03
-509.5	  3.5431297E-03
-506.5	 -1.3379849E-03
-317.5	  5.6172726E-03
-314.5	 -3.4299572E-03
-242.5	  6.3527687E-03
-236.5	 -2.7926562E-03
-226.5	  5.3256219E-03
-221.5	 -1.4061077E-03
-191.5	  1.2472442E-02
-187.5	 -3.3843408E-03
-103.5	  2.1664850E-02
-96.5	 -1.1538087E-03
2.5	   2.134480    
3.5	   1.947037    
4.5	   2.167196    
107.5	 -1.1662391E-03
113.5	  8.4575769E-03
209.5	 -1.0417853E-03
215.5	  6.1296578E-03
237.5	 -1.1091242E-03
243.5	  6.0599158E-03
354.5	 -2.0225651E-03
358.5	  5.0995955E-03
415.5	 -1.2749019E-03
419.5	  2.9590467E-03
466.5	 -1.8066432E-03
470.5	  2.8938910E-03
582.5	 -2.7045694E-03
586.5	  3.5065836E-03
629.5	 -2.6462479E-03
633.5	  3.0071014E-03
762.5	 -2.0882168E-03
765.5	  2.9868325E-03
827.5	 -2.7104467E-03
830.5	  3.5630185E-03
