-1431.5	  1.6738178E-03
-1427.5	 -1.4899953E-03
-1211.5	  2.0665789E-03
-1209.5	 -1.4402483E-03
-895.5	  3.5956649E-03
-892.5	 -2.9704515E-03
-804.5	  2.3981303E-03
-800.5	 -1.7832684E-03
-773.5	  3.6599038E-03
-770.5	 -3.4040064E-03
-589.5	  5.7164351E-03
-587.5	 -2.6959111E-03
-530.5	  5.7908027E-03
-528.5	 -4.4152727E-03
-513.5	  3.4960590E-03
-510.5	 -2.8686710E-03
-503.5	  5.2590696E-03
-501.5	 -3.2910064E-03
-426.5	  7.8955833E-03
-424.5	 -6.4211194E-03
-153.5	  1.1545500E-02
-147.5	 -1.5030989E-03
-122.5	  8.8204714E-03
-115.5	 -4.6609011E-03
-99.5	  2.8660592E-02
-92.5	 -2.8227195E-03
-86.5	  4.0482469E-03
-83.5	 -2.7210722E-03
-69.5	  2.6228501E-02
-61.5	 -9.3473727E-03
-59.5	  4.0976102E-03
-55.5	 -1.4919556E-03
-6.5	  0.6320632    
-5.5	  0.6124402    
57.5	 -1.1521573E-03
65.5	  3.5690945E-02
162.5	 -8.3129192E-03
167.5	  2.3326738E-02
256.5	 -2.4179928E-03
262.5	  6.4191069E-03
307.5	 -5.1848758E-03
312.5	  8.9331772E-03
343.5	 -3.1686279E-03
347.5	  5.1323180E-03
570.5	 -1.8760136E-03
574.5	  2.9166706E-03
650.5	 -1.6644966E-03
654.5	  2.6878978E-03
943.5	 -1.8085219E-03
945.5	  3.2034474E-03
