-1770.5	  1.2655400E-03
-1768.5	 -7.2525686E-04
-952.5	  3.4339656E-03
-947.5	 -1.3073999E-03
-678.5	  5.7399627E-03
-677.5	 -6.6344336E-02
-562.5	  1.8244237E-03
-557.5	 -4.8677553E-04
-451.5	  4.4338712E-03
-447.5	 -3.2447651E-03
-429.5	  3.1517243E-03
-425.5	 -1.2645308E-03
-301.5	  3.3604894E-03
-295.5	 -1.1018832E-03
-150.5	  2.5965793E-02
-139.5	 -2.8885349E-03
-87.5	  7.2709294E-03
-80.5	 -2.2692708E-03
-62.5	  3.3302572E-02
-57.5	 -3.5477823E-03
-19.5	  3.9622828E-02
-11.5	 -2.9168741E-03
-2.5	  5.2098703E-02
6.5	 -2.8615403E-03
15.5	  9.8451480E-02
111.5	 -3.2749684E-03
118.5	  1.1246143E-02
196.5	 -4.3805428E-03
202.5	  1.4597004E-02
293.5	 -9.2082599E-04
298.5	  3.2486226E-03
306.5	 -2.5884060E-03
311.5	  4.9545849E-03
444.5	 -1.5467505E-03
445.5	 -1.5467505E-03
449.5	  3.3593974E-03
511.5	 -3.6571103E-03
514.5	  4.7056065E-03
575.5	 -6.0956553E-03
577.5	  5.7948702E-03
592.5	 -2.7159175E-03
595.5	  4.2193681E-03
888.5	 -3.0771566E-03
889.5	  3.1343475E-03
948.5	 -4.3176780E-03
949.5	  4.6397299E-03
1347.5	 -3.0321199E-03
1350.5	  2.1816110E-03
