-1088.5	  4.0806043E-03
-1085.5	 -6.1205216E-03
-897.5	  2.3675440E-03
-893.5	 -1.1605261E-03
-697.5	  5.3354762E-03
-696.5	 -3.9384537E-03
-534.5	  3.8363771E-03
-531.5	 -1.8843524E-03
-505.5	  2.7701729E-03
-501.5	 -1.0859687E-03
-488.5	  3.5953557E-03
-484.5	 -1.9981852E-03
-391.5	  3.5890897E-03
-387.5	 -1.2629244E-03
-358.5	  5.3717978E-03
-354.5	 -3.3149456E-03
-200.5	  2.0491526E-02
-197.5	 -1.2991915E-02
-27.5	  9.4898283E-02
-15.5	 -8.8918838E-04
0.5	  0.3307100    
1.5	  0.3355383    
43.5	 -1.9555051E-02
53.5	  9.0425409E-02
122.5	 -1.4553104E-02
128.5	  3.5103358E-02
174.5	 -1.1140328E-03
180.5	  9.6734958E-03
181.5	  9.6734958E-03
222.5	 -1.3768205E-02
223.5	  3.1961545E-02
239.5	 -3.9291866E-03
243.5	  6.2715551E-03
338.5	 -2.2997232E-03
342.5	  5.8832401E-03
391.5	 -4.1151643E-03
394.5	  6.4718886E-03
455.5	 -2.8571568E-03
459.5	  3.6431556E-03
555.5	 -1.1226070E-03
558.5	  2.5209815E-03
563.5	 -4.7641424E-03
565.5	  6.4997585E-03
973.5	 -2.4084698E-03
975.5	  3.2610621E-03
1285.5	 -2.8377303E-03
1286.5	  5.8531347E-03
1519.5	 -1.6516263E-03
1521.5	  1.6000307E-03
