-1132.5	  2.0706044E-03
-1129.5	 -1.3004125E-03
-1091.5	  2.3813192E-03
-1089.5	 -1.9823601E-03
-809.5	  2.2562619E-03
-805.5	 -1.0249014E-03
-750.5	  4.5701135E-03
-608.5	  6.0699978E-03
-606.5	 -3.5450007E-03
-581.5	  2.7773445E-03
-577.5	 -1.1541182E-03
-471.5	  2.8032570E-03
-467.5	 -1.3660856E-03
-307.5	  5.4211966E-03
-301.5	 -2.6187650E-03
-289.5	  5.1174858E-03
-285.5	 -3.2249962E-03
-243.5	  1.6985562E-02
-239.5	 -1.0687122E-02
-192.5	  1.6379938E-02
-188.5	 -7.9275370E-03
-6.5	  0.6533998    
24.5	 -3.2196447E-02
32.5	  9.2397928E-02
47.5	 -1.6418545E-02
55.5	  4.9237277E-02
66.5	 -1.2151382E-03
72.5	  4.8638037E-03
79.5	 -5.6918692E-03
84.5	  3.4193601E-02
126.5	 -2.2103430E-03
138.5	  9.8459935E-03
177.5	 -3.6780748E-03
182.5	  1.0841880E-02
249.5	 -3.5545002E-03
253.5	  5.9446320E-03
263.5	 -1.9654171E-03
269.5	  3.6938472E-03
313.5	 -1.3012729E-03
317.5	  6.1842422E-03
557.5	 -2.9271632E-03
560.5	  3.9826380E-03
856.5	 -1.6439644E-03
860.5	  2.2176658E-03
874.5	 -8.7071126E-03
875.5	  5.7081934E-03
1277.5	 -7.0840342E-04
1281.5	  1.4285924E-03
