-910.5	  2.3115815E-03
-907.5	 -1.2711298E-03
-673.5	  3.2700701E-03
-670.5	 -2.3343260E-03
-577.5	  3.3685137E-03
-571.5	 -1.0383879E-03
-444.5	  4.9536917E-03
-440.5	 -4.3799100E-03
-332.5	  5.0805523E-03
-329.5	 -3.2051781E-03
-188.5	  4.8280279E-03
-182.5	 -1.4052336E-03
-165.5	  6.3338727E-03
-159.5	 -1.6570411E-03
-144.5	  7.1050720E-03
-139.5	 -3.2563268E-03
-112.5	  2.0938395E-02
-105.5	 -3.6934840E-03
-29.5	  0.1544437    
-28.5	  0.1544437    
-16.5	 -7.0285737E-03
-1.5	  0.4858284    
-0.5	  0.6969245    
2.5	 -0.5994877    
16.5	  0.3798924    
61.5	 -0.1991153    
62.5	   3.300801    
63.5	  0.2500381    
95.5	 -4.0645446E-03
102.5	  4.0670022E-02
120.5	 -2.4199900E-03
126.5	  8.7277899E-03
172.5	 -4.3226355E-03
175.5	  1.4243538E-02
191.5	 -3.2763176E-03
196.5	  7.7377725E-03
319.5	 -1.3794450E-02
320.5	  1.7932979E-02
344.5	 -3.4880710E-03
347.5	  5.5591012E-03
455.5	 -1.7312943E-03
460.5	  2.5034491E-03
562.5	 -8.7113259E-03
563.5	  1.1085498E-02
700.5	 -4.0442739E-03
702.5	  7.6740906E-03
712.5	 -3.3043742E-03
714.5	  4.9573253E-03
836.5	 -5.1016021E-03
837.5	  3.2599694E-03
