-553.5	  3.8740952E-03
-550.5	 -2.8226881E-03
-525.5	  1.8358073E-03
-522.5	 -1.6293305E-03
-404.5	  2.8079757E-03
-403.5	  2.8079757E-03
-399.5	 -1.2461848E-03
-248.5	  1.2171838E-02
-245.5	 -6.7169890E-03
-240.5	  4.1839466E-03
-237.5	 -4.4179349E-03
-202.5	  9.8111080E-03
-199.5	 -4.0698429E-03
-82.5	  4.3336809E-02
-81.5	  4.3336809E-02
-72.5	 -3.1536536E-03
-23.5	  0.3994326    
-22.5	  0.6727989    
-21.5	 -0.5229231    
6.5	  0.5312409    
7.5	  0.5312408    
43.5	 -1.9800353E-03
48.5	  6.1476575E-03
51.5	 -4.2784996E-03
59.5	  2.0482099E-02
113.5	 -3.9229017E-02
116.5	  4.6479695E-02
173.5	 -1.1310849E-03
180.5	  8.4188897E-03
187.5	 -3.2452766E-03
192.5	  5.1717469E-03
273.5	 -2.0567947E-03
278.5	  9.5885312E-03
376.5	 -2.2845617E-03
382.5	  3.5363121E-03
430.5	 -5.3861289E-04
436.5	  3.3194567E-03
460.5	 -9.2072954E-04
465.5	  3.7336119E-03
545.5	 -4.2238864E-03
547.5	  6.5167286E-03
595.5	 -6.2538744E-03
597.5	  4.5437263E-03
743.5	 -3.9633848E-03
745.5	  3.6005196E-03
800.5	 -2.4430105E-03
803.5	  2.7450626E-03
922.5	 -2.1010849E-03
924.5	  2.5222157E-03
