-901.5	  4.0665562E-03
-899.5	 -4.2327037E-03
-734.5	  3.9015694E-03
-732.5	 -5.0017647E-03
-617.5	  5.1384987E-03
-615.5	 -4.6752011E-03
-565.5	  3.0984962E-03
-562.5	 -1.7077490E-03
-435.5	  3.3124713E-03
-431.5	 -1.2473976E-03
-393.5	  1.2320409E-02
-387.5	 -1.1753795E-03
-312.5	  2.4520485E-02
-310.5	 -2.0092368E-02
-159.5	  7.3644365E-03
-152.5	 -2.5598016E-03
-54.5	  0.1105302    
-47.5	 -4.0885795E-02
-39.5	  1.1883727E-02
-32.5	 -2.1924097E-03
-14.5	  7.7789381E-02
-5.5	 -3.6218332E-03
5.5	  0.6433676    
52.5	 -1.6995701E-03
59.5	  3.4760248E-02
90.5	 -3.8525026E-02
94.5	  7.4021399E-02
164.5	 -2.8520417E-03
170.5	  4.7671446E-03
418.5	 -2.5890621E-03
422.5	  4.0863613E-03
640.5	 -8.8193669E-04
644.5	  2.7847537E-03
989.5	 -3.0381137E-03
990.5	  1.2942857E-02
