-727.5	  2.4115534E-03
-722.5	 -1.5762624E-03
-606.5	  3.0096627E-03
-603.5	 -2.0125054E-03
-413.5	  4.0758303E-03
-409.5	 -2.4395285E-03
-393.5	  4.2972625E-03
-389.5	 -3.4065286E-03
-334.5	  6.6871913E-03
-329.5	 -1.6722968E-03
-307.5	  7.9615144E-03
-303.5	 -3.5015251E-03
-175.5	 -1.4793590E-02
-151.5	  5.7777944E-03
-145.5	 -3.0973658E-03
-129.5	  4.6382587E-02
-126.5	 -4.1684050E-02
-115.5	  1.6961243E-02
-111.5	 -2.9536986E-03
-35.5	  6.0195018E-02
-27.5	 -2.7527362E-03
2.5	  0.6913109    
3.5	  0.7721382    
55.5	 -1.7003783E-03
63.5	  1.1663567E-02
76.5	 -8.5350371E-04
83.5	  1.8921878E-02
281.5	 -1.1809085E-03
287.5	  2.7348688E-03
359.5	 -2.2069986E-03
365.5	  7.7772471E-03
678.5	 -6.1201835E-03
679.5	  3.9254958E-03
852.5	 -6.7664724E-04
857.5	  1.7449084E-03
876.5	 -5.7513546E-03
877.5	  3.3457177E-03
1137.5	 -1.6368496E-03
1139.5	  3.7399491E-03
