-990.5	  2.5332442E-03
-987.5	 -2.8269175E-03
-807.5	  2.6577418E-03
-804.5	 -1.4801939E-03
-624.5	  4.5218160E-03
-622.5	 -3.8797206E-03
-611.5	  5.0239977E-03
-610.5	 -3.3828511E-03
-603.5	  3.2095988E-03
-600.5	 -3.4823772E-03
-598.5	  3.7782143E-03
-595.5	 -1.5176936E-03
-519.5	  3.3792499E-03
-515.5	 -1.4120758E-03
-413.5	  2.7964723E-03
-408.5	 -1.1515465E-03
-344.5	  4.2253113E-03
-343.5	  4.2253113E-03
-339.5	 -2.8184345E-03
-101.5	  1.9150745E-02
-95.5	 -1.8643417E-03
-82.5	  8.1469957E-03
-76.5	 -3.2204927E-03
-72.5	  7.8011318E-03
-70.5	 -5.6861248E-03
-42.5	  2.9302770E-02
-34.5	 -3.8360539E-03
-32.5	  8.0278469E-03
-29.5	 -4.8388392E-03
-21.5	  1.1807846E-02
-16.5	 -3.6708922E-03
-5.5	  0.5726268    
-4.5	  0.5726268    
306.5	 -2.7552862E-03
311.5	  3.8532254E-03
421.5	 -1.1355716E-03
426.5	  2.5726103E-03
607.5	 -1.4568181E-03
610.5	  2.6570123E-03
710.5	 -1.4162895E-03
713.5	  2.4797739E-03
835.5	 -5.1092831E-03
838.5	  3.5648234E-03
1014.5	 -1.3440238E-02
1015.5	  3.9849030E-03
1166.5	 -2.0752018E-03
1167.5	  4.5860875E-03
1174.5	 -2.3064518E-03
1176.5	  2.7350152E-03
1426.5	 -8.4871630E-04
1429.5	  1.4832100E-03
