-899.5	  2.4875167E-03
-894.5	 -8.3561346E-04
-813.5	  3.2801323E-03
-811.5	 -2.3241260E-03
-693.5	  6.6513321E-03
-692.5	 -1.6760336E-02
-565.5	  2.6804318E-03
-562.5	 -1.7219713E-03
-410.5	  2.6347935E-03
-404.5	 -1.1456291E-03
-156.5	  9.2329821E-03
-149.5	 -3.3167978E-03
-134.5	  6.8846066E-03
-127.5	 -9.5017697E-04
-104.5	  2.6134448E-02
-98.5	 -5.4342994E-03
-1.5	   1.125971    
-0.5	   1.115899    
0.5	   1.045398    
45.5	 -3.3269436E-03
51.5	  3.8114734E-02
61.5	 -2.8708463E-03
68.5	  1.9014681E-02
164.5	 -1.1917556E-03
170.5	  4.7874488E-03
227.5	 -1.1395960E-03
232.5	  4.6822424E-03
422.5	 -1.6843408E-03
426.5	  3.4296392E-03
523.5	 -2.1651911E-03
527.5	  2.8288970E-03
661.5	 -5.9970194E-03
662.5	  1.2197792E-02
1484.5	 -1.1669549E-03
1486.5	  2.8926369E-03
