-624.5	  3.3148571E-03
-621.5	 -2.4525477E-03
-509.5	  3.1336877E-03
-504.5	 -9.6474664E-04
-490.5	  5.5212872E-03
-488.5	 -5.0268308E-03
-357.5	  3.3580300E-03
-353.5	 -1.4273076E-03
-226.5	  9.7762626E-03
-222.5	 -4.5549273E-03
-159.5	  6.9006970E-03
-148.5	 -2.3267043E-03
-95.5	  1.0079035E-02
-90.5	 -4.8375935E-03
-51.5	  8.4174186E-02
-50.5	  8.4174186E-02
-43.5	 -4.5124944E-03
-6.5	  0.2445428    
-5.5	 -0.3134674    
-1.5	  0.1396915    
0.5	 -0.2558231    
1.5	 -0.2558231    
2.5	  0.2609305    
53.5	 -2.2841364E-03
63.5	  1.3011333E-02
161.5	 -1.6554758E-03
166.5	  7.8357738E-03
303.5	 -1.4336164E-03
308.5	  2.2822095E-03
314.5	 -3.5897610E-03
318.5	  8.4799444E-03
342.5	 -2.7357405E-03
349.5	  4.6545137E-03
500.5	 -4.0163831E-03
502.5	  6.2708738E-03
612.5	 -3.1729948E-03
615.5	  3.6987730E-03
979.5	 -2.3893802E-03
981.5	  2.7711166E-03
1441.5	 -1.1949913E-03
1443.5	  1.4848417E-03
1544.5	 -2.1676645E-03
