-956.5	  2.4105972E-03
-953.5	 -1.4844474E-03
-785.5	  3.4121720E-03
-783.5	 -5.9268265E-03
-626.5	  2.7612471E-03
-623.5	 -1.7026915E-03
-448.5	  2.3246731E-03
-443.5	 -7.7100296E-04
-402.5	  8.4115500E-03
-400.5	 -6.9905124E-03
-320.5	  4.4667781E-03
-315.5	 -3.0987978E-03
-282.5	  4.6148119E-03
-277.5	 -2.1964232E-03
-261.5	  1.8838421E-02
-259.5	 -1.0939646E-02
-82.5	  2.2960190E-02
-75.5	 -1.0449417E-03
-36.5	  9.7720414E-02
-35.5	  9.7720414E-02
-25.5	 -4.3886667E-03
4.5	  0.6776588    
44.5	 -3.8705885E-03
51.5	  5.8239728E-02
85.5	 -4.0007499E-03
96.5	  9.2387972E-03
212.5	 -1.1647415E-02
214.5	  1.7169503E-02
241.5	 -3.5217959E-03
245.5	  5.7566240E-03
372.5	 -2.4252660E-03
375.5	  6.4377668E-03
428.5	 -9.4313646E-04
433.5	  2.8886977E-03
464.5	 -9.8970188E-03
465.5	  9.1789579E-03
511.5	 -2.6913974E-03
514.5	  3.9182827E-03
521.5	 -2.8774068E-03
524.5	  3.7163829E-03
540.5	 -2.9369036E-03
544.5	  4.3216962E-03
986.5	 -1.5478284E-03
988.5	  4.1834936E-03
991.5	 -7.3621264E-03
992.5	  1.0132807E-02
