-808.5	  2.5213291E-03
-805.5	 -1.6760968E-03
-786.5	  4.4818418E-03
-785.5	 -1.7697639E-03
-740.5	  3.4952727E-03
-738.5	 -1.7284435E-03
-518.5	  2.0771693E-03
-513.5	 -8.5654994E-04
-490.5	  3.2450543E-03
-486.5	 -2.2761701E-03
-427.5	  3.9593778E-03
-423.5	 -2.3351563E-03
-271.5	  4.8693153E-03
-266.5	 -3.0930622E-03
-110.5	  1.5488764E-02
-103.5	 -1.6077320E-03
-71.5	  1.0089605E-02
-61.5	 -8.1222010E-04
-54.5	  6.3467566E-03
-51.5	 -4.3688198E-03
-5.5	  0.7301248    
32.5	 -2.7342120E-02
42.5	  0.1286614    
84.5	 -4.6665459E-03
87.5	  7.9966579E-03
92.5	 -3.0802225E-03
98.5	  8.2680034E-03
219.5	 -4.3107802E-03
225.5	  4.8952834E-03
373.5	 -2.8142710E-03
377.5	  4.2417464E-03
449.5	 -2.5793011E-03
453.5	  3.9461809E-03
596.5	 -2.0196899E-03
598.5	  4.0011564E-03
601.5	 -3.5161062E-03
604.5	  3.3860041E-03
745.5	 -1.5992253E-03
749.5	  2.6231809E-03
