-800.5	  2.6512842E-03
-796.5	 -2.7868003E-03
-618.5	  2.6788111E-03
-614.5	 -1.2204389E-03
-545.5	  5.8442359E-03
-543.5	 -4.5034247E-03
-455.5	  2.7353016E-03
-450.5	 -1.6144837E-03
-435.5	  4.1346005E-03
-431.5	 -1.4842538E-03
-347.5	  2.0212736E-02
-346.5	 -2.0717159E-02
-267.5	  5.8116270E-03
-263.5	 -3.5100288E-03
-231.5	  1.9941285E-02
-229.5	 -9.2014344E-03
-195.5	  1.7461441E-02
-191.5	 -7.5905053E-03
-172.5	  8.6265225E-03
-167.5	 -3.6491959E-03
-155.5	  1.6087223E-02
-153.5	 -9.2698615E-03
-8.5	  0.5190066    
13.5	 -3.0633691E-03
22.5	  4.2821560E-02
41.5	 -2.2373651E-03
51.5	  8.1123769E-02
103.5	 -3.5635021E-03
109.5	  2.7722318E-02
130.5	 -3.5542876E-03
136.5	  9.1327718E-03
250.5	 -2.9909206E-03
254.5	  4.6343282E-03
324.5	 -1.8395644E-03
330.5	  3.0115121E-03
440.5	 -1.3740336E-03
445.5	  3.0658853E-03
602.5	 -2.6977824E-03
605.5	  3.4905931E-03
851.5	 -7.6814485E-04
855.5	  1.6440146E-03
1021.5	 -2.9821668E-03
1023.5	  3.1117585E-03
