-1049.5	  6.1085643E-03
-1048.5	 -6.1654244E-03
-1001.5	  4.6142363E-03
-1000.5	 -4.4683227E-03
-780.5	  2.1178313E-03
-777.5	 -1.4257509E-03
-662.5	  3.1158566E-03
-658.5	 -1.3453733E-03
-444.5	  9.3887569E-03
-442.5	 -5.4655382E-03
-371.5	  4.2609330E-03
-367.5	 -1.7526097E-03
-341.5	  4.4821249E-03
-334.5	 -1.6778619E-03
-195.5	  4.9296743E-03
-189.5	 -3.1912539E-03
-174.5	  1.2443342E-02
-172.5	 -4.3724203E-03
-134.5	  9.3335118E-03
-128.5	 -2.5171286E-03
-117.5	  1.7611977E-02
-114.5	 -1.0467190E-02
-10.5	  0.2850755    
0.5	 -7.3552784E-03
11.5	  0.2556565    
12.5	  0.2556565    
104.5	  1.1897348E-02
109.5	 -3.1448037E-03
115.5	  8.0868267E-03
175.5	 -2.3574196E-03
180.5	  8.8496050E-03
401.5	 -2.3679531E-03
405.5	  3.6405392E-03
446.5	 -1.7525963E-03
448.5	  1.6904649E-03
452.5	 -9.1209664E-04
457.5	  2.9253366E-03
757.5	 -2.7026099E-03
759.5	  6.5526506E-03
832.5	 -1.0290588E-03
835.5	  2.2274833E-03
1331.5	 -4.1442770E-03
1332.5	  7.3897135E-03
