-1758.5	  1.3407409E-03
-1756.5	 -6.7058846E-04
-1016.5	  2.8360542E-03
-1014.5	 -2.5736338E-03
-534.5	  4.6802699E-03
-532.5	 -4.4710692E-03
-460.5	  6.8495637E-03
-458.5	 -6.9835223E-03
-366.5	  4.0388512E-03
-361.5	 -3.1679689E-03
-214.5	  3.7669737E-02
-212.5	 -6.8257570E-02
-205.5	  3.1835355E-02
-204.5	 -1.5975723E-02
-94.5	  1.4653167E-02
-88.5	 -1.3371984E-03
-62.5	  1.6386785E-02
-54.5	 -8.5583812E-04
1.5	   1.841839    
2.5	   1.641263    
3.5	   1.725176    
54.5	 -2.8700638E-03
62.5	  3.8812321E-02
110.5	 -5.9674964E-03
115.5	  1.6981194E-02
124.5	 -3.1731545E-03
130.5	  5.7588774E-03
172.5	 -2.9245946E-03
176.5	  1.2247193E-02
193.5	 -2.0050460E-03
198.5	  4.6172771E-03
328.5	 -4.5701279E-03
332.5	  5.4087779E-03
534.5	 -1.5702366E-03
537.5	  3.6360328E-03
598.5	 -2.0547591E-03
601.5	  2.9498562E-03
695.5	 -3.1250811E-03
697.5	  3.4175939E-03
