-1327.5	  2.4658774E-03
-1326.5	 -1.3745399E-03
-853.5	  2.1293187E-03
-850.5	 -1.2494082E-03
-812.5	  7.2182957E-03
-811.5	 -7.3626949E-03
-695.5	  3.2336460E-03
-692.5	 -2.7985175E-03
-685.5	  4.2038108E-03
-683.5	 -2.2580256E-03
-643.5	  2.9473430E-03
-640.5	 -2.0666693E-03
-634.5	  1.7890682E-03
-632.5	 -2.2178916E-03
-598.5	 -3.4276843E-03
-284.5	  4.6641883E-03
-279.5	 -3.1717515E-03
-189.5	  7.0105502E-03
-179.5	 -8.2723011E-04
-4.5	  0.4883046    
-3.5	  0.4856245    
14.5	 -1.1550287E-03
20.5	  4.5865215E-03
26.5	 -8.8368421E-03
39.5	  0.1400953    
40.5	  0.1400953    
239.5	 -1.2147526E-02
242.5	  1.6871590E-02
458.5	 -1.0248506E-02
459.5	  7.8004631E-03
510.5	 -2.1489016E-03
513.5	  4.1414145E-03
709.5	 -2.9200767E-03
711.5	  3.1405792E-03
788.5	 -6.2338373E-04
793.5	  1.4020202E-03
