-937.5	  1.9182370E-03
-934.5	 -1.0740502E-03
-579.5	  3.2774478E-03
-575.5	 -1.2665649E-03
-569.5	  2.2678950E-03
-567.5	 -3.6891527E-03
-516.5	  1.1529545E-02
-514.5	 -7.3337788E-03
-232.5	  6.1257435E-03
-228.5	 -3.7970473E-03
-153.5	  1.6386425E-02
-150.5	 -3.5966863E-03
-3.5	  0.6256898    
7.5	 -3.9504003E-03
15.5	  6.5697350E-02
37.5	 -9.3811983E-03
46.5	  6.0945123E-02
60.5	 -3.9968695E-03
67.5	  2.4919011E-02
272.5	 -1.1629168E-03
277.5	  4.3694186E-03
467.5	 -2.3622611E-03
471.5	  3.4042643E-03
600.5	 -3.5115213E-03
602.5	  5.9259064E-03
659.5	 -2.7838210E-03
662.5	  3.3288174E-03
875.5	 -6.7600240E-03
876.5	  7.1418984E-03
1022.5	 -2.5464559E-03
1023.5	  5.1106988E-03
