-1426.5	  4.1746651E-03
-1425.5	 -3.6277354E-03
-1028.5	  1.6293350E-03
-1023.5	 -6.5922929E-04
-849.5	  2.6730772E-03
-847.5	 -1.2793044E-03
-782.5	  3.2037154E-03
-779.5	 -4.3206480E-03
-733.5	  3.3850805E-03
-731.5	 -2.3959521E-03
-695.5	  4.7043096E-03
-693.5	 -2.4082260E-03
-511.5	  3.8320753E-03
-506.5	 -2.2748832E-03
-411.5	  3.9849156E-03
-407.5	 -2.3988567E-03
-369.5	  1.0123178E-02
-367.5	 -8.1650065E-03
-229.5	  5.5325311E-03
-225.5	 -3.4607777E-03
-204.5	  1.3199406E-02
-201.5	 -4.8457775E-03
-103.5	  2.4463261E-02
-96.5	 -4.6674176E-03
-89.5	  4.5402218E-03
-77.5	 -6.1022450E-04
-31.5	  8.5451722E-02
-23.5	 -1.4223828E-03
-4.5	  0.3536980    
-3.5	  0.3536980    
15.5	 -1.3545575E-03
25.5	  0.1505606    
103.5	 -9.7069658E-02
105.5	  0.1095392    
265.5	 -1.1721504E-03
270.5	  4.4847517E-03
313.5	 -2.3515066E-03
319.5	  3.9570895E-03
332.5	 -1.8138324E-03
337.5	  3.8449490E-03
419.5	 -1.3753754E-03
423.5	  3.6529403E-03
555.5	 -1.9312546E-03
558.5	  3.1030050E-03
727.5	 -3.9939038E-03
728.5	  3.8855029E-03
761.5	 -3.7293048E-03
763.5	  5.1365169E-03
815.5	 -3.3080224E-03
817.5	  4.7591990E-03
954.5	 -1.1293821E-03
958.5	  1.8619291E-03
