-1166.5	  3.5425783E-03
-1165.5	 -2.7627160E-03
-1016.5	  2.6835480E-03
-1014.5	 -2.0410898E-03
-657.5	  2.4271822E-03
-653.5	 -1.2736319E-03
-637.5	  2.7735392E-03
-632.5	 -6.5902522E-04
-506.5	  4.1634450E-03
-503.5	 -2.6267541E-03
-222.5	  5.0864755E-03
-216.5	 -1.2451869E-03
-193.5	  1.6330402E-02
-190.5	 -8.9371428E-03
-187.5	  4.3357816E-03
-184.5	 -2.1492715E-03
2.5	  0.8513206    
3.5	  0.9045936    
102.5	 -1.7914705E-03
109.5	  1.0331068E-02
188.5	 -3.5493379E-03
191.5	  7.7444185E-03
198.5	 -2.8416777E-03
202.5	  3.7962482E-03
218.5	 -1.2722037E-03
223.5	  5.0692740E-03
351.5	 -7.3592825E-04
357.5	  3.0540954E-03
389.5	 -1.3651894E-03
393.5	  3.5262192E-03
417.5	 -2.7037268E-03
422.5	  3.8456239E-03
543.5	 -3.8317044E-03
545.5	  5.7974504E-03
649.5	 -3.0812514E-03
652.5	  3.5927349E-03
760.5	 -2.4800180E-03
762.5	  3.4541772E-03
