-1560.5	  1.4486947E-03
-1558.5	 -1.5830197E-03
-1121.5	  1.5352957E-02
-1119.5	 -2.0750272E-03
-891.5	  7.5657945E-03
-890.5	 -5.9505822E-03
-750.5	  4.7294372E-03
-747.5	 -2.9674277E-03
-667.5	  3.7959630E-03
-664.5	 -3.3913825E-03
-459.5	  3.4666143E-03
-454.5	 -2.0419457E-03
-371.5	  4.1685835E-03
-366.5	 -1.6025929E-03
-336.5	  3.1568552E-03
-331.5	 -1.2807924E-03
-282.5	  4.7896015E-03
-278.5	 -3.0661505E-03
-264.5	  8.6380513E-03
-260.5	 -2.3542827E-03
-141.5	  3.0478572E-02
-132.5	 -8.8823738E-04
-58.5	  5.8261264E-02
-51.5	 -1.4628336E-02
-19.5	  9.3656570E-02
-10.5	 -2.1107940E-03
2.5	  8.9420624E-02
15.5	 -1.1982967E-02
27.5	  0.1729967    
98.5	 -2.0227910E-03
105.5	  1.8690268E-02
130.5	 -1.0408713E-02
136.5	  2.5156615E-02
245.5	 -6.4980392E-03
249.5	  1.2202533E-02
273.5	 -3.2040600E-03
278.5	  5.9555932E-03
342.5	 -2.4338618E-03
346.5	  6.4947600E-03
471.5	 -9.4902556E-04
477.5	  3.7796106E-03
606.5	 -5.0350954E-04
611.5	  2.0459457E-03
937.5	 -2.9456946E-03
938.5	  1.0491655E-02
