-963.5	  2.6431023E-03
-961.5	 -1.9192788E-03
-573.5	  2.6743547E-03
-569.5	 -1.9921381E-03
-521.5	  7.1716961E-03
-520.5	 -3.6129709E-03
-478.5	  3.6890630E-03
-474.5	 -2.9041222E-03
-398.5	  3.4134502E-03
-394.5	 -1.0707646E-03
-364.5	  4.7458932E-03
-360.5	 -3.0031153E-03
-123.5	  3.5798404E-02
-117.5	 -1.3055479E-02
-82.5	  3.9918136E-02
-75.5	 -6.6310186E-03
-2.5	   1.128293    
-1.5	   1.121500    
41.5	 -4.3643182E-03
46.5	  4.9684676E-03
48.5	 -3.6416980E-03
56.5	  1.6482001E-02
145.5	 -1.5301669E-03
151.5	  8.0039240E-03
390.5	 -3.3360373E-03
395.5	  4.7970340E-03
520.5	 -1.1019971E-03
524.5	  2.6630154E-03
541.5	 -1.3343462E-03
546.5	  2.7287456E-03
559.5	 -3.9144293E-03
561.5	  6.3557136E-03
1034.5	 -3.9746179E-03
