-1446.5	  1.7668438E-03
-1443.5	 -1.2713555E-03
-1047.5	  2.1531959E-03
-1042.5	 -1.6909242E-03
-955.5	  3.4036231E-03
-953.5	 -3.2981536E-03
-756.5	  3.0525408E-03
-753.5	 -2.2999595E-03
-593.5	 -1.6771955E-04
-531.5	  3.9168028E-03
-528.5	 -2.3469348E-03
-328.5	  3.7417118E-03
-322.5	 -2.3091640E-03
-208.5	  8.0976654E-03
-202.5	 -9.6914539E-04
-85.5	  6.3433312E-02
-80.5	 -3.0615142E-02
-68.5	  1.1772406E-02
-61.5	 -4.5924843E-03
-58.5	  9.5678801E-03
-57.5	 -4.5655994E-03
-36.5	  0.1193612    
-25.5	 -1.4968747E-03
1.5	  0.5361783    
151.5	 -1.1820630E-03
156.5	  2.1557270E-03
165.5	 -4.8012789E-03
171.5	  4.6799155E-03
182.5	 -6.2813900E-02
183.5	  6.0628936E-02
222.5	 -9.1217728E-03
225.5	  1.5875814E-02
323.5	 -1.5349148E-03
329.5	  3.4128698E-03
665.5	 -1.5565089E-02
666.5	  6.6085989E-03
911.5	 -9.5617241E-04
914.5	  1.9613642E-03
