-1095.5	 -6.2303897E-04
-985.5	  3.1467341E-03
-983.5	 -3.2713590E-03
-628.5	  2.2861946E-03
-624.5	 -1.6556665E-03
-563.5	  4.2205984E-03
-558.5	 -1.1847916E-03
-463.5	  5.6096488E-03
-461.5	 -5.7816845E-03
-294.5	  4.0537617E-03
-290.5	 -2.7122542E-03
-144.5	  1.5445587E-02
-137.5	 -9.5307722E-04
-94.5	  3.7916288E-02
-87.5	 -8.2074050E-03
-76.5	  6.6036955E-03
-70.5	 -3.6661869E-03
-48.5	  7.0257291E-02
-40.5	 -3.2510441E-03
-0.5	  0.3893952    
9.5	 -5.5398140E-03
19.5	  0.1931802    
20.5	  0.1931802    
51.5	 -3.8510500E-03
57.5	  8.3147418E-03
173.5	 -2.1304316E-03
179.5	  1.3208865E-02
263.5	 -2.6444814E-03
268.5	  4.2854771E-03
380.5	 -7.8704505E-04
386.5	  2.8741122E-03
665.5	 -6.4838910E-03
761.5	 -2.4832718E-03
764.5	  3.1810952E-03
824.5	 -1.0601424E-03
827.5	  2.4689022E-03
941.5	 -1.8899449E-03
943.5	  3.5795667E-03
1296.5	 -1.2307928E-03
1298.5	  1.7386343E-03
