-1089.5	  1.5430468E-03
-871.5	  3.3648761E-03
-869.5	 -4.4954969E-03
-782.5	  1.3714102E-03
-777.5	 -5.9038412E-04
-632.5	  2.6487925E-03
-628.5	 -1.0958207E-03
-476.5	  4.0758965E-03
-473.5	 -2.8021398E-03
-472.5	 -2.8021398E-03
-397.5	  3.7107046E-03
-393.5	 -1.4472199E-03
-322.5	  2.2012038E-02
-320.5	 -7.4245529E-03
-311.5	  4.3695862E-03
-307.5	 -2.0592175E-03
-291.5	  7.8631919E-03
-287.5	 -3.3406245E-03
-193.5	  3.8920749E-02
-184.5	 -3.7568710E-03
-116.5	  2.3429580E-02
-109.5	 -2.3451517E-03
-55.5	  1.8055348E-02
-48.5	 -2.7967463E-03
-33.5	  8.3929271E-02
-22.5	 -3.1659119E-03
3.5	  0.4533857    
4.5	  0.4533857    
61.5	 -5.1453733E-03
65.5	  1.6473286E-02
76.5	 -4.7456292E-03
83.5	  1.3400510E-02
128.5	 -1.6530701E-03
137.5	  4.1402593E-02
250.5	 -9.2080534E-03
252.5	  1.3977805E-02
285.5	 -3.4310662E-03
289.5	  5.5087637E-03
370.5	 -3.3042571E-03
374.5	  3.8565416E-03
727.5	 -2.9590884E-03
729.5	  4.1848808E-03
833.5	 -2.7863812E-03
835.5	  4.6945936E-03
1025.5	 -3.6892258E-03
1026.5	  2.6882170E-03
1907.5	 -1.6210381E-03
1908.5	  4.6321428E-03
