-873.5	  3.6283638E-03
-871.5	 -2.7879800E-03
-635.5	  3.4134742E-03
-632.5	 -3.1397291E-03
-530.5	  3.4113121E-03
-526.5	 -2.0128288E-03
-418.5	  3.7574102E-03
-413.5	 -1.0994893E-03
-382.5	  4.6072947E-03
-378.5	 -2.9768436E-03
-364.5	  7.6261116E-03
-361.5	 -3.9632162E-03
-202.5	  5.1127048E-03
-197.5	 -1.5791691E-03
-126.5	  1.0138984E-02
-120.5	 -2.9921178E-03
-112.5	  1.4773084E-02
-108.5	 -4.7876360E-03
-93.5	  5.0764531E-02
-92.5	  5.0764531E-02
-88.5	 -2.3618620E-02
-60.5	  1.5518943E-02
-54.5	 -4.6218848E-03
-31.5	  0.1343832    
-22.5	 -5.4882546E-03
-1.5	  0.2132008    
-0.5	  0.2132008    
1.5	 -0.2615414    
2.5	  0.8861827    
3.5	  0.1705285    
70.5	 -3.5974195E-03
78.5	  1.1005487E-02
86.5	 -9.9640456E-04
92.5	  5.1029120E-03
96.5	 -3.0897607E-03
103.5	  1.3184577E-02
287.5	 -4.1832286E-03
290.5	  8.5752811E-03
375.5	 -3.5074197E-03
379.5	  5.0149201E-03
596.5	 -4.6347212E-03
598.5	  4.7228467E-03
822.5	 -1.4443957E-03
824.5	  2.8906262E-03
998.5	 -7.7989727E-04
1000.5	  1.3037785E-03
1597.5	 -7.8207225E-04
1600.5	  1.3302736E-03
