-1452.5	  2.7026990E-03
-1451.5	 -2.6719226E-03
-1050.5	  3.7540034E-03
-921.5	  4.0886099E-03
-920.5	 -1.1059420E-02
-568.5	  5.0227381E-03
-566.5	 -3.9768498E-03
-309.5	  5.2177878E-03
-303.5	 -3.0067330E-03
-12.5	  0.4682347    
4.5	 -1.7978033E-03
19.5	  0.1503423    
37.5	 -1.6785755E-03
44.5	  5.7124444E-03
54.5	 -1.4798469E-03
61.5	  8.5771186E-03
123.5	 -1.2807589E-03
129.5	  1.0890416E-02
205.5	 -1.4524277E-03
212.5	  5.2103507E-03
306.5	 -1.5257781E-03
312.5	  3.6990980E-03
504.5	 -1.7878562E-03
509.5	  3.0272114E-03
580.5	 -5.0796010E-03
582.5	  5.0062439E-03
929.5	 -5.4310281E-03
932.5	  3.1568862E-03
1092.5	 -8.7389536E-03
1093.5	  4.6078879E-03
