-1185.5	  2.3023859E-03
-1183.5	 -2.3999012E-03
-1038.5	  3.0300743E-03
-1037.5	 -1.8938991E-03
-963.5	  3.6027639E-03
-960.5	 -1.4264863E-03
-886.5	  5.3443210E-03
-885.5	 -8.0859764E-03
-800.5	  6.1529498E-03
-798.5	 -2.5174487E-03
-627.5	  3.4483178E-03
-624.5	 -2.5184145E-03
-566.5	  5.0975643E-03
-563.5	 -2.9302267E-03
-486.5	  3.2198871E-03
-481.5	 -1.2008708E-03
-355.5	  3.8627896E-03
-350.5	 -1.0302070E-03
-275.5	  1.8587006E-02
-273.5	 -1.4627787E-02
-181.5	  6.5159663E-03
-177.5	 -3.8154712E-03
-115.5	  4.0704519E-02
-108.5	 -3.8452947E-03
-69.5	  1.7854331E-02
-63.5	 -4.3980111E-03
-62.5	 -4.3980111E-03
-33.5	  0.1940542    
-24.5	 -4.1152551E-03
3.5	  0.7723927    
103.5	 -1.7675560E-03
110.5	  9.4097266E-03
264.5	 -2.7994493E-03
269.5	  6.2704273E-03
301.5	 -1.7240711E-03
305.5	  6.6862986E-03
318.5	 -3.0968320E-03
322.5	  4.7556045E-03
347.5	 -2.0718616E-03
352.5	  3.0800651E-03
405.5	 -3.2579300E-03
408.5	  6.8846755E-03
450.5	 -1.3424403E-03
455.5	  3.5909119E-03
567.5	 -1.6343931E-03
571.5	  3.1937629E-03
692.5	 -1.9811895E-03
695.5	  2.9243680E-03
711.5	 -3.7107365E-03
712.5	  4.2383494E-03
967.5	 -2.3743510E-03
969.5	  3.8842924E-03
