-968.5	  3.6348903E-03
-967.5	 -1.6196534E-03
-602.5	  4.4648210E-03
-599.5	 -4.2288755E-03
-514.5	  5.1063644E-03
-512.5	 -6.0214968E-03
-435.5	  3.2230548E-03
-431.5	 -1.2435575E-03
-400.5	  2.6533282E-03
-395.5	 -1.6155138E-03
-269.5	  6.4955424E-03
-264.5	 -1.4042002E-03
-244.5	  6.6481503E-03
-239.5	 -3.2111965E-03
-227.5	  2.3529818E-02
-226.5	 -1.6689757E-02
-215.5	  9.4622616E-03
-209.5	 -2.6466530E-03
-75.5	  4.2701140E-02
-68.5	 -2.1336123E-03
-23.5	  3.6223866E-02
-15.5	 -4.2714677E-03
-11.5	  1.1015668E-02
-6.5	 -4.0310198E-03
3.5	  0.4120674    
74.5	 -2.5652940E-03
82.5	  1.3655313E-02
142.5	 -2.3820517E-03
148.5	  7.8278575E-03
260.5	 -1.1076024E-03
266.5	  5.4004844E-03
289.5	 -3.1604986E-03
293.5	  5.3071436E-03
718.5	  1.1091768E-03
830.5	 -3.6450424E-03
832.5	  4.4560726E-03
890.5	 -2.9010675E-03
893.5	  3.2206702E-03
931.5	 -2.0686232E-03
933.5	  4.6628141E-03
