-1057.5	  2.4692712E-03
-1054.5	 -1.4365035E-03
-611.5	  6.8493146E-03
-608.5	 -3.1905430E-03
-522.5	  7.0199133E-03
-521.5	 -4.4028168E-03
-492.5	  2.8401588E-03
-488.5	 -1.1353418E-03
-266.5	  5.4627298E-03
-261.5	 -3.6165535E-03
-248.5	  1.3401989E-02
-179.5	  6.7684548E-03
-174.5	 -1.3904708E-03
-132.5	  5.2559483E-03
-124.5	 -1.0423240E-03
-36.5	  6.8680175E-02
-28.5	 -1.2629065E-03
-10.5	  8.5070588E-02
-1.5	 -3.2725642E-03
2.5	  6.5258988E-03
6.5	 -2.6805091E-03
18.5	  0.8093662    
19.5	  0.8093662    
161.5	 -1.3059058E-03
167.5	  5.4311594E-03
222.5	 -9.6970616E-04
228.5	  5.1792273E-03
388.5	 -5.7753180E-03
390.5	  8.4248027E-03
428.5	 -2.6742890E-03
432.5	  4.1219662E-03
570.5	 -3.0728581E-03
573.5	  4.0016519E-03
831.5	 -1.1652439E-03
834.5	  1.7091745E-03
