-1105.5	  3.6854187E-03
-1104.5	 -1.5488937E-03
-553.5	  5.3083710E-03
-551.5	 -4.6418593E-03
-322.5	  4.6194862E-03
-318.5	 -3.1480980E-03
-264.5	  1.5556754E-02
-262.5	 -7.6760752E-03
-210.5	  6.1698523E-03
-205.5	 -3.3241869E-03
-193.5	  1.3534858E-02
-190.5	 -4.6829521E-03
-92.5	  1.8733865E-02
-85.5	 -1.2347741E-03
0.5	  0.7253715    
1.5	  0.5502511    
54.5	 -3.1547537E-03
61.5	  5.1501606E-02
133.5	 -2.8309815E-03
139.5	  5.7984926E-03
237.5	 -5.7854089E-03
239.5	  1.5762819E-02
270.5	 -2.0870485E-03
275.5	  4.5927884E-03
608.5	 -2.6506179E-03
611.5	  3.7798593E-03
704.5	 -3.2662721E-03
706.5	  4.6290616E-03
