-1168.5	  2.1103744E-03
-1165.5	 -1.7088355E-03
-821.5	  2.7386998E-03
-818.5	 -1.8689577E-03
-756.5	  3.4306608E-03
-754.5	 -2.9167079E-03
-665.5	  1.7490436E-03
-660.5	 -9.7387558E-04
-547.5	  1.2441056E-02
-546.5	 -8.1272908E-03
-437.5	  8.5244188E-03
-435.5	 -4.7919154E-03
-347.5	  5.1718918E-03
-343.5	 -3.2082058E-03
-272.5	  6.3362317E-03
-268.5	 -2.7286746E-03
-186.5	  7.6953424E-03
-181.5	 -3.4323800E-03
-162.5	  1.8102426E-02
-159.5	 -1.0872104E-02
-150.5	  8.1926379E-03
-144.5	 -3.3615981E-03
-30.5	  3.6601044E-02
-23.5	 -4.7840518E-03
-14.5	  4.5992497E-02
-13.5	  4.5992497E-02
-6.5	 -4.2623421E-03
2.5	  0.4138471    
3.5	  0.4138471    
154.5	 -5.8252569E-03
160.5	  5.6939442E-03
222.5	 -1.2407911E-03
227.5	  3.8041740E-03
232.5	 -2.4604485E-03
237.5	  4.2086290E-03
264.5	 -1.2391529E-03
269.5	  6.3403365E-03
292.5	 -1.6943403E-03
297.5	  4.4840104E-03
309.5	 -2.8020842E-03
313.5	  4.2258375E-03
396.5	 -3.7808104E-03
399.5	  5.8605038E-03
531.5	 -3.5150109E-03
533.5	  4.9089873E-03
621.5	 -4.2079957E-03
623.5	  5.5938191E-03
1224.5	 -2.6575590E-03
1225.5	  2.3217152E-03
