-1016.5	  7.2290553E-03
-998.5	  5.7594175E-03
-997.5	 -3.8224463E-03
-785.5	  3.0139559E-03
-782.5	 -2.1822045E-03
-624.5	  3.0399896E-03
-621.5	 -1.2978996E-03
-588.5	  6.4649270E-03
-586.5	 -6.2527764E-03
-356.5	  3.5889917E-03
-351.5	 -2.5524129E-03
-107.5	  1.1744040E-02
-100.5	 -3.2923582E-03
-96.5	  7.6726391E-03
-94.5	 -5.3154146E-03
-84.5	  1.3993121E-02
-78.5	 -3.9114906E-03
-68.5	  8.6890850E-03
-61.5	 -2.2351539E-03
-43.5	  7.7978142E-02
-35.5	 -4.4443626E-03
-28.5	  9.2548132E-03
-21.5	 -4.8316075E-03
-13.5	  4.5143444E-02
-6.5	 -3.4479012E-03
2.5	  9.0701744E-02
226.5	 -2.5571710E-03
230.5	  1.0543738E-02
257.5	 -3.2509819E-03
261.5	  5.2062515E-03
398.5	 -2.7905595E-03
401.5	  5.0159073E-03
438.5	 -2.7188451E-03
441.5	  4.3235458E-03
461.5	 -3.7218295E-03
465.5	  4.0863254E-03
505.5	 -1.4689332E-03
509.5	  3.5090800E-03
605.5	 -4.6973960E-03
607.5	  5.3874250E-03
759.5	 -1.2867369E-03
763.5	  2.9335688E-03
