-1772.5	  2.0945878E-03
-1771.5	 -3.1165543E-03
-1028.5	  2.4499160E-03
-1026.5	 -1.5992441E-03
-753.5	  3.4177650E-03
-750.5	 -2.7153341E-03
-686.5	  3.0260950E-03
-682.5	 -2.2036410E-03
-594.5	  3.7933742E-03
-591.5	 -3.6959304E-03
-378.5	  4.1244919E-03
-374.5	 -1.1556753E-03
-300.5	  4.6107303E-03
-296.5	 -1.9346406E-03
-191.5	  7.6075993E-03
-186.5	 -3.4084336E-03
-174.5	  9.1717029E-03
-168.5	 -1.1521515E-03
-63.5	  1.4437786E-02
-56.5	 -1.5159893E-03
-50.5	  6.7008031E-03
-45.5	 -2.1009415E-03
-6.5	  0.5372244    
13.5	 -1.6517096E-03
25.5	  0.1818929    
233.5	 -4.6732700E-03
237.5	  1.0281770E-02
337.5	 -3.2840511E-03
340.5	  7.7535817E-03
357.5	 -1.6010494E-03
362.5	  3.2412976E-03
467.5	 -4.2510307E-03
469.5	  7.4395090E-03
787.5	 -2.3225024E-03
790.5	  2.9094908E-03
1046.5	 -5.3208349E-03
1047.5	  5.5473992E-03
