-907.5	  7.3732981E-03
-906.5	 -5.2367132E-03
-614.5	  3.7681242E-03
-611.5	 -2.7917367E-03
-604.5	  2.9641273E-03
-602.5	 -1.4761328E-03
-350.5	  5.2323448E-03
-346.5	 -3.3230325E-03
-204.5	  5.7524880E-03
-199.5	 -1.3092386E-03
-121.5	  8.5434970E-03
-115.5	 -1.5011097E-03
-53.5	  2.3666827E-02
-45.5	 -1.1978472E-03
-6.5	  0.4844683    
18.5	 -7.9052761E-02
26.5	  0.2039409    
27.5	  0.2039409    
215.5	 -1.1861764E-03
225.5	  6.0254745E-03
240.5	 -2.4897517E-03
246.5	  4.8036976E-03
422.5	 -2.6263867E-03
426.5	  4.2499909E-03
468.5	 -3.3563427E-03
471.5	  6.5218932E-03
543.5	 -6.2839673E-03
545.5	  4.8449435E-03
607.5	 -2.0323489E-03
611.5	  2.6384373E-03
620.5	 -3.6069928E-03
