-1892.5	  1.3071146E-03
-1890.5	 -2.0040392E-03
-659.5	  3.1219719E-03
-655.5	 -1.3866255E-03
-553.5	  2.7879570E-03
-548.5	 -1.0368020E-03
-426.5	  3.6452916E-03
-421.5	 -1.4634080E-03
-302.5	  3.9380752E-03
-298.5	 -1.4554851E-03
-174.5	  5.5115060E-03
-165.5	 -3.8461825E-03
-145.5	  1.0231744E-02
-139.5	 -3.0159291E-03
-126.5	  1.5195527E-02
-122.5	 -4.0121973E-03
-80.5	  2.2539862E-02
-73.5	 -1.3334905E-03
-5.5	  0.7232760    
-4.5	  0.7326715    
27.5	 -1.6240275E-02
38.5	  0.1387628    
61.5	 -1.1087981E-02
64.5	  7.0282966E-03
70.5	 -1.1475132E-03
77.5	  6.9863498E-03
189.5	 -2.5346268E-03
194.5	  8.8484483E-03
389.5	 -2.9502732E-03
396.5	  2.9853533E-03
592.5	 -3.9037520E-03
594.5	  5.7407548E-03
608.5	 -6.2159305E-03
609.5	  4.6579181E-03
1227.5	 -1.0555814E-03
1230.5	  2.0307179E-03
