-1150.5	  1.4738485E-03
-1146.5	 -9.1295748E-04
-1135.5	  1.9520005E-03
-1133.5	 -1.3390338E-03
-704.5	  2.3699268E-03
-700.5	 -1.0854966E-03
-663.5	  3.7558305E-03
-661.5	 -2.0431424E-03
-543.5	  4.1951700E-03
-540.5	 -2.7049105E-03
-376.5	  4.5180065E-03
-373.5	 -2.9763980E-03
-295.5	  5.2114232E-03
-290.5	 -1.9064127E-03
-225.5	  5.6478987E-03
-219.5	 -1.2544907E-03
-181.5	  8.1756432E-03
-175.5	 -1.7267015E-03
-166.5	  1.2148246E-02
-164.5	 -7.7971662E-03
-35.5	  5.9804570E-02
-26.5	 -1.1344840E-03
2.5	  0.6703240    
3.5	  0.6895332    
95.5	 -2.6910633E-03
101.5	  2.6794534E-02
120.5	 -3.6398049E-03
123.5	  3.9252969E-03
127.5	 -4.9364325E-03
131.5	  5.1626759E-03
141.5	 -4.1173110E-03
147.5	  1.0607023E-02
262.5	 -4.2780656E-03
265.5	  1.1069028E-02
329.5	 -2.7873635E-03
334.5	  4.7707749E-03
443.5	 -2.4487048E-03
446.5	  4.4634491E-03
549.5	 -1.3162596E-03
556.5	  2.6894924E-03
788.5	 -1.2800904E-03
791.5	  2.1487274E-03
832.5	 -5.3764707E-03
833.5	  1.3309201E-02
