-1313.5	  1.6539472E-03
-1311.5	 -1.3324763E-03
-1061.5	  3.6499146E-03
-1060.5	 -2.0442938E-03
-877.5	  3.3707358E-03
-874.5	 -1.9258265E-03
-625.5	  2.3349593E-03
-620.5	 -7.9327944E-04
-562.5	  6.0262321E-03
-560.5	 -3.7131316E-03
-422.5	  6.0822004E-03
-419.5	 -3.7187040E-03
-391.5	  4.5227460E-03
-386.5	 -1.2001861E-03
-370.5	  4.8511005E-03
-366.5	 -1.8604702E-03
-263.5	  4.7316467E-03
-258.5	 -1.2753180E-03
-251.5	  7.0979996E-03
-248.5	 -4.8972075E-03
-180.5	  1.5326199E-02
-174.5	 -2.8520140E-03
-49.5	  4.1539580E-02
-41.5	 -8.3669595E-04
2.5	  0.7531403    
3.5	  0.7619933    
58.5	 -3.5839502E-03
65.5	  5.4461930E-02
216.5	 -5.0095823E-03
221.5	  1.6864574E-02
347.5	 -6.5377209E-04
352.5	  2.3691419E-03
357.5	 -2.0254487E-03
361.5	  4.4227578E-03
519.5	 -7.5408531E-04
524.5	  2.2417738E-03
660.5	 -1.5422013E-03
663.5	  3.0194677E-03
