-916.5	  3.8489585E-03
-914.5	 -3.9949361E-03
-572.5	  2.8363147E-03
-567.5	 -8.4288570E-04
-368.5	  1.4103589E-02
-367.5	 -5.6077708E-03
-320.5	  4.3405429E-03
-315.5	 -1.9106938E-03
-95.5	  9.1630546E-03
-89.5	 -3.0958769E-03
-84.5	  8.4476769E-03
-81.5	 -3.2937138E-03
-73.5	  8.1617767E-03
-67.5	 -2.9318961E-03
-60.5	  4.6367678E-03
-54.5	 -2.2906945E-03
-29.5	  8.3460681E-02
-20.5	 -3.2134261E-03
-2.5	  0.7337551    
-1.5	  0.7406370    
28.5	 -1.1816852E-03
37.5	  8.1779338E-02
247.5	 -5.6559583E-03
253.5	  3.7997963E-03
263.5	 -9.1751749E-03
266.5	  1.4949750E-02
331.5	 -1.2360746E-03
336.5	  2.6718110E-03
344.5	 -5.4726289E-03
345.5	  3.0149570E-02
352.5	 -2.7804419E-03
356.5	  4.0386859E-03
457.5	 -2.0411194E-03
462.5	  3.6146471E-03
715.5	 -2.8104149E-03
718.5	  3.0175801E-03
741.5	 -1.6455019E-02
742.5	  5.5844062E-03
846.5	 -2.2372317E-03
848.5	  3.1321892E-03
925.5	 -6.6184456E-04
930.5	  2.0204198E-03
