-1488.5	  1.6460706E-03
-1486.5	 -2.1979036E-03
-1163.5	  9.2793545E-03
-1162.5	 -2.3482710E-03
-945.5	 -3.2172259E-04
-854.5	  3.5805479E-03
-852.5	 -3.7958648E-03
-533.5	  4.1032895E-03
-530.5	 -3.1574753E-03
-368.5	  4.5709657E-03
-364.5	 -2.9762876E-03
-346.5	  4.0615136E-03
-342.5	 -2.6851129E-03
-266.5	  5.9987945E-03
-262.5	 -3.1880846E-03
-229.5	  7.6498399E-03
-224.5	 -1.9148114E-03
-205.5	  1.9184113E-02
-204.5	 -7.3494576E-03
-145.5	  1.8227391E-02
-139.5	 -5.5375146E-03
-132.5	  2.5942851E-02
-131.5	  2.5942851E-02
-129.5	 -1.0941778E-02
-11.5	  0.4879894    
21.5	 -2.2117825E-02
31.5	  3.9155610E-02
61.5	 -4.7617494E-03
65.5	  7.8142583E-03
70.5	 -3.1492820E-03
77.5	  1.2312826E-02
208.5	 -1.5723656E-03
213.5	  6.0514794E-03
256.5	 -1.5639152E-03
260.5	  7.5843493E-03
328.5	 -2.4450286E-03
333.5	  3.9914041E-03
409.5	 -3.0183985E-03
413.5	  4.4550127E-03
537.5	 -3.2619799E-03
540.5	  4.5115100E-03
591.5	 -5.0752363E-03
594.5	  5.0145164E-03
817.5	 -4.1940273E-03
819.5	  3.8106509E-03
991.5	 -1.2543800E-03
993.5	  2.9148336E-03
