-817.5	  1.3685540E-02
-815.5	 -1.1798900E-02
-581.5	  2.9568232E-03
-576.5	 -1.2276081E-03
-496.5	  4.3685678E-03
-490.5	 -4.2691929E-03
-413.5	  4.9603092E-03
-410.5	 -3.9846860E-03
-281.5	  6.2032458E-03
-278.5	 -3.9422144E-03
-225.5	  1.2780030E-02
-220.5	 -2.1859673E-03
-191.5	  4.7135451E-03
-186.5	 -4.3285559E-03
-87.5	  7.1850605E-03
-82.5	 -3.4096879E-03
-60.5	  3.4742337E-02
-54.5	 -5.7622618E-03
-4.5	  0.7769347    
32.5	 -5.0307917E-03
42.5	  9.1276273E-02
94.5	 -5.2704313E-03
97.5	  1.3871814E-02
104.5	 -4.3813577E-03
110.5	  9.6645653E-03
194.5	 -1.7321691E-02
196.5	  2.9390553E-02
312.5	 -3.1612548E-03
318.5	  4.1249031E-03
353.5	 -4.0124804E-03
356.5	  5.8440054E-03
427.5	 -4.0175295E-03
430.5	  4.7636325E-03
472.5	 -2.6977735E-03
476.5	  3.6369176E-03
609.5	 -1.3321425E-03
612.5	  2.5885715E-03
621.5	 -3.4800074E-03
623.5	  4.9632783E-03
