-1477.5	  2.5243063E-03
-1475.5	 -9.6711883E-04
-1280.5	  2.0132454E-03
-1278.5	 -9.9363399E-04
-799.5	  1.9308595E-03
-796.5	 -8.6417072E-04
-743.5	  4.7689625E-03
-742.5	 -2.8276553E-03
-587.5	  3.4917314E-03
-583.5	 -2.1354721E-03
-564.5	  2.9023872E-03
-561.5	 -1.7232087E-03
-543.5	  3.0457398E-03
-539.5	 -1.8516727E-03
-276.5	  3.6598572E-03
-270.5	 -3.1769127E-03
-246.5	  6.2130173E-03
-241.5	 -1.4908940E-03
-159.5	  7.0141489E-03
-152.5	 -2.8351869E-03
-133.5	  1.2975967E-02
-128.5	 -3.1610790E-03
-63.5	  1.2956931E-02
-55.5	 -4.9506803E-03
-52.5	  7.3520304E-03
-49.5	 -3.7814511E-03
-9.5	  0.6038023    
-8.5	  0.6099095    
76.5	 -3.1953817E-03
84.5	  1.1481816E-02
235.5	 -4.8511322E-03
237.5	  1.8367959E-02
256.5	 -3.2830639E-03
260.5	  5.1752930E-03
415.5	 -2.4119073E-03
419.5	  3.8463417E-03
466.5	 -1.0985910E-03
472.5	  3.4511215E-03
603.5	 -1.6749322E-03
606.5	  3.0864079E-03
820.5	 -9.6398289E-04
824.5	  1.9305145E-03
1110.5	 -1.6447685E-03
1112.5	  2.9553501E-03
