-1997.5	  1.9369141E-03
-1995.5	 -1.3843572E-03
-810.5	  2.9017776E-03
-808.5	 -1.4936890E-03
-590.5	  6.2402538E-03
-589.5	 -3.3020591E-03
-527.5	  4.8671355E-03
-525.5	 -5.6385379E-03
-398.5	  3.3294430E-03
-394.5	 -2.0967559E-03
-310.5	  5.0271871E-03
-304.5	 -8.5541303E-04
-124.5	  8.8500017E-03
-117.5	 -1.0220958E-03
-90.5	  3.2849930E-02
-83.5	 -5.3231376E-03
-14.5	  0.3721268    
2.5	 -1.2415710E-03
16.5	  0.2827243    
116.5	 -4.0777358E-03
120.5	  4.1290903E-03
125.5	 -2.3965340E-03
132.5	  1.6555883E-02
145.5	 -2.8602672E-03
152.5	  8.9699943E-03
450.5	 -3.7391230E-03
453.5	  5.1477756E-03
540.5	 -1.9953826E-03
544.5	  3.2125395E-03
822.5	 -4.9424754E-03
823.5	  8.2846889E-03
1056.5	 -2.0341433E-03
1058.5	  3.1255602E-03
1806.5	 -7.6475099E-04
1809.5	  1.0530923E-03
