-1942.5	 -3.2548234E-04
-721.5	  3.8456346E-03
-719.5	 -5.3014760E-03
-704.5	  3.2761840E-03
-701.5	 -1.5700813E-03
-602.5	  5.9623886E-03
-601.5	 -4.5490386E-03
-490.5	  1.5885759E-02
-489.5	 -7.3297103E-03
-323.5	  4.7274954E-03
-318.5	 -1.2482683E-03
-280.5	  8.3496459E-03
-276.5	 -3.6206935E-03
-223.5	  4.6107518E-03
-217.5	 -3.4049768E-03
-214.5	  5.0746640E-03
-211.5	 -3.2840616E-03
-91.5	  1.2261253E-02
-85.5	 -3.3001306E-03
-11.5	  0.4666389    
-10.5	  0.4347214    
4.5	 -6.8629743E-03
14.5	  0.2224696    
15.5	  0.2224696    
162.5	 -1.2386246E-03
168.5	  5.2140681E-03
177.5	 -2.2141091E-03
183.5	  7.2202417E-03
440.5	 -2.2714846E-03
445.5	  3.5141075E-03
622.5	 -2.3358809E-03
626.5	  2.6558186E-03
939.5	 -8.1240181E-03
941.5	  4.1740420E-03
