-676.5	  4.3590711E-03
-674.5	 -5.1377187E-03
-525.5	  5.4339319E-03
-523.5	 -4.3504257E-03
-449.5	  5.7444484E-03
-447.5	 -5.0993254E-03
-307.5	  5.5863671E-03
-303.5	 -3.5711390E-03
-255.5	  7.3983232E-03
-251.5	 -2.7358776E-03
-192.5	  2.0966314E-02
-189.5	 -1.1957029E-02
-0.5	  0.5262613    
0.5	  0.4329523    
59.5	 -5.3925957E-03
67.5	  1.4302125E-02
136.5	 -9.0357353E-04
145.5	  1.9522356E-02
316.5	 -1.5162834E-03
319.5	  2.3393095E-03
323.5	 -2.8187700E-03
327.5	  3.9314302E-03
498.5	 -3.4406867E-03
505.5	  3.3843115E-03
591.5	 -1.2243867E-03
595.5	  2.6466320E-03
714.5	  5.8191991E-04
927.5	 -3.7715069E-03
928.5	  5.9714722E-03
1022.5	 -9.0666325E-04
1026.5	  1.9248314E-03
