-1393.5	  6.1339680E-03
-1392.5	 -2.3336862E-03
-743.5	  3.3753633E-03
-740.5	 -2.8419695E-03
-702.5	  4.7374424E-03
-700.5	 -3.6959937E-03
-343.5	  4.1919444E-03
-339.5	 -2.7873293E-03
-334.5	  1.8718862E-03
-329.5	 -6.8511936E-04
-248.5	  6.7592929E-03
-244.5	 -4.1541853E-03
-213.5	  2.0058030E-02
-212.5	 -6.0410667E-03
-114.5	  7.3812790E-03
-108.5	 -2.8744324E-03
-104.5	  9.7395340E-03
-101.5	 -5.5210488E-03
-11.5	  4.8274063E-02
-2.5	 -2.9237638E-03
4.5	  2.5912898E-02
11.5	 -3.5617079E-03
15.5	  2.4278548E-03
20.5	 -4.0053865E-03
24.5	  1.2534465E-02
31.5	 -2.4820196E-03
38.5	  1.5622185E-02
195.5	 -2.5731211E-03
200.5	  1.7366529E-02
237.5	 -1.3129375E-03
245.5	  6.4759916E-03
298.5	 -3.8109168E-03
303.5	  4.8233247E-03
533.5	 -4.8764921E-03
535.5	  6.2200888E-03
629.5	 -1.0684223E-02
630.5	  8.3462382E-03
691.5	 -7.0782664E-04
696.5	  1.8664073E-03
