-677.5	  3.2805109E-03
-675.5	 -1.5901319E-03
-568.5	  2.5992419E-03
-564.5	 -1.0072365E-03
-525.5	  4.0914696E-03
-522.5	 -3.2082712E-03
-462.5	  4.7039394E-03
-458.5	 -1.8589866E-03
-389.5	  6.1257896E-03
-385.5	 -2.3149471E-03
-368.5	  4.2034225E-03
-364.5	 -2.8330120E-03
-350.5	  1.7933685E-02
-349.5	 -1.2556290E-02
-72.5	  5.9164461E-02
-63.5	 -2.5809768E-03
-22.5	  0.2194225    
-21.5	  0.2033309    
-7.5	 -5.7578469E-03
3.5	  7.5443201E-02
29.5	 -6.8647894E-03
42.5	  0.1216515    
168.5	 -9.5216400E-04
174.5	  7.1543725E-03
216.5	 -8.4462315E-03
218.5	  1.2982937E-02
228.5	 -2.9062280E-03
233.5	  5.3303796E-03
338.5	 -1.4138764E-03
342.5	  3.7816102E-03
444.5	 -1.1231062E-03
449.5	  2.2550905E-03
714.5	 -1.3897616E-03
717.5	  2.7904015E-03
949.5	 -1.4909530E-03
952.5	  2.1786641E-03
1285.5	 -2.3423960E-03
1286.5	  2.0434381E-03
1287.5	  2.0434381E-03
