-1049.5	  2.1538986E-03
-1046.5	 -1.1858062E-03
-975.5	  3.8087182E-02
-826.5	  1.6032098E-03
-822.5	 -8.7326189E-04
-702.5	  3.1177686E-03
-700.5	 -1.4515835E-03
-693.5	  1.4811037E-03
-690.5	 -1.2000566E-03
-525.5	  3.3304838E-03
-522.5	 -2.5844180E-03
-466.5	  3.6866274E-03
-461.5	 -1.3626226E-03
-325.5	  3.6456413E-03
-321.5	 -2.3728572E-03
-205.5	  5.9684766E-03
-200.5	 -3.3336182E-03
-135.5	  1.2022465E-02
-129.5	 -1.3740733E-03
-81.5	  4.5665227E-02
-76.5	 -1.2557503E-02
-1.5	  0.3433688    
-0.5	  0.2872068    
41.5	 -1.2158365E-03
48.5	  5.4255426E-02
170.5	 -7.6087750E-04
176.5	  4.8973011E-03
201.5	 -3.1593090E-03
206.5	  1.0115828E-02
218.5	 -3.3468727E-03
223.5	  6.8983813E-03
419.5	 -3.8789420E-03
424.5	  3.9919713E-03
505.5	 -4.4980366E-03
507.5	  6.0977563E-03
564.5	 -6.5768026E-03
566.5	  4.8736944E-03
718.5	 -2.9797715E-03
721.5	  2.8793525E-03
730.5	 -3.3786236E-03
732.5	  5.3106900E-03
1174.5	 -1.3873290E-03
1177.5	  1.7547279E-03
