-816.5	  7.1504633E-03
-815.5	 -7.9988595E-03
-781.5	  4.5341724E-03
-779.5	 -3.1466496E-03
-678.5	  6.9407197E-03
-677.5	 -4.1391924E-03
-574.5	  2.8952952E-03
-570.5	 -1.6141420E-03
-365.5	  1.1455804E-02
-363.5	 -6.6841329E-03
-318.5	  4.1452539E-03
-313.5	 -1.1455972E-03
-252.5	  6.1281198E-03
-247.5	 -2.8887629E-03
-227.5	  1.7034655E-02
-225.5	 -6.7195566E-03
-211.5	  7.6969219E-03
-205.5	 -4.2857290E-03
-169.5	  9.4526149E-03
-164.5	 -2.1008316E-03
-82.5	  7.6301820E-03
-75.5	 -1.5131745E-03
-60.5	  4.0128931E-02
-50.5	 -7.4007688E-03
-29.5	  8.7249175E-02
-21.5	 -4.2936858E-03
-0.5	  0.6276052    
0.5	   1.005739    
271.5	 -1.6844793E-03
281.5	  3.9384891E-03
307.5	  2.4062358E-02
308.5	  5.4993890E-02
315.5	 -2.7461105E-03
320.5	  4.1128574E-03
359.5	 -4.2520547E-03
363.5	  6.0850512E-03
376.5	 -1.3801251E-03
380.5	  3.5032337E-03
533.5	 -6.7653949E-03
534.5	  2.0126825E-02
590.5	 -2.4375147E-03
592.5	  3.9667170E-03
693.5	 -2.3517793E-03
696.5	  3.6510306E-03
851.5	 -3.8511259E-03
852.5	  7.5763459E-03
