-1132.5	  5.0157602E-03
-1131.5	 -7.8848833E-03
-671.5	  5.9101395E-03
-670.5	 -2.9516254E-02
-633.5	  2.6133782E-03
-510.5	  3.5164389E-03
-505.5	 -1.1612393E-03
-360.5	  3.6160052E-03
-355.5	 -2.0244415E-03
-250.5	  6.5620989E-03
-245.5	 -1.4122010E-03
-226.5	  5.3959503E-03
-220.5	 -1.5847896E-03
-131.5	  1.2401870E-02
-125.5	 -1.1686996E-03
-109.5	  1.5814243E-02
-103.5	 -1.8668909E-03
-55.5	  6.7708634E-02
-46.5	 -1.2801968E-03
-30.5	  0.2877484    
-29.5	  0.3650624    
-27.5	 -0.2879944    
1.5	  0.4606129    
125.5	 -8.3552785E-03
132.5	  2.4810934E-02
198.5	 -1.0912883E-03
204.5	  4.9298983E-03
290.5	 -8.5071735E-03
293.5	  1.1158254E-02
366.5	 -1.9486416E-03
370.5	  4.9153902E-03
429.5	 -3.6764473E-03
433.5	  4.2419834E-03
494.5	 -1.3705598E-03
498.5	  3.5532028E-03
549.5	 -3.1005780E-03
553.5	  3.6742575E-03
709.5	 -2.0233635E-03
712.5	  2.9782900E-03
867.5	 -3.4141073E-03
868.5	  1.0730349E-02
1274.5	 -1.3539377E-02
1275.5	  3.6291915E-03
