-916.5	  1.7853010E-03
-913.5	 -9.5175335E-04
-846.5	  2.0949645E-03
-841.5	 -7.6461275E-04
-783.5	  3.2827691E-03
-781.5	 -3.0752968E-03
-518.5	  3.2279515E-03
-514.5	 -2.1330910E-03
-324.5	  5.7849041E-03
-321.5	 -4.4176565E-03
-227.5	  6.0325470E-03
-222.5	 -2.6134900E-03
-215.5	  1.1504002E-02
-214.5	 -3.7187345E-02
-106.5	  4.0187888E-02
-100.5	 -1.2258922E-02
-38.5	  0.1278512    
-27.5	 -3.0027828E-03
-15.5	  1.5367905E-02
-8.5	 -3.2871692E-03
-2.5	  1.8327605E-02
3.5	 -3.7000633E-03
9.5	  4.1879914E-03
16.5	 -5.6367796E-03
19.5	  9.9133793E-03
24.5	 -3.6837019E-03
31.5	  1.9220404E-02
82.5	 -2.2613218E-03
89.5	  1.6685067E-02
269.5	 -9.7435282E-04
277.5	  3.9792852E-03
319.5	 -3.8317975E-03
323.5	  5.0935233E-03
457.5	 -3.4622811E-03
460.5	  4.2487551E-03
573.5	 -2.6551436E-03
578.5	  3.3026410E-03
610.5	 -3.8717904E-03
612.5	  5.0373790E-03
