-824.5	  2.4258844E-03
-821.5	 -1.2980847E-03
-724.5	  6.8582315E-03
-723.5	 -8.8430513E-03
-709.5	  2.2215848E-03
-564.5	  7.2420430E-03
-563.5	 -3.7363791E-03
-546.5	  2.8231086E-03
-541.5	 -1.2139425E-03
-502.5	  3.2148361E-03
-499.5	 -2.1283450E-03
-456.5	  4.3536122E-03
-452.5	 -3.1459823E-03
-356.5	  3.3019753E-03
-351.5	 -1.5505003E-03
-286.5	  5.8046984E-03
-281.5	 -1.3940517E-03
-263.5	  5.3333314E-03
-259.5	 -2.9783503E-03
-245.5	  5.9911283E-03
-150.5	  2.3589985E-02
-145.5	 -8.5405214E-03
-110.5	  1.5499770E-02
-104.5	 -2.3487478E-03
-37.5	  6.4614087E-02
-27.5	 -1.4013393E-03
-5.5	  8.1973277E-02
2.5	 -5.8702468E-03
7.5	  1.1416275E-02
15.5	 -1.9563301E-03
24.5	  2.8808577E-02
109.5	 -3.4662453E-03
115.5	  1.3186742E-02
122.5	 -3.4104516E-03
127.5	  1.1070958E-02
128.5	 -6.9792680E-03
133.5	  3.1831146E-03
139.5	 -5.3901402E-03
142.5	  1.8620381E-02
157.5	 -3.5712323E-03
162.5	  6.6158618E-03
316.5	 -3.6140261E-03
321.5	  3.8895502E-03
422.5	 -2.9235571E-03
426.5	  3.7864710E-03
457.5	 -1.3201640E-03
461.5	  3.3306566E-03
576.5	 -6.2115612E-03
577.5	  2.2361161E-02
