-917.5	  3.2250127E-03
-915.5	 -2.8906711E-03
-688.5	  3.7171161E-03
-685.5	 -2.6179901E-03
-625.5	  2.8219181E-03
-620.5	 -7.0914737E-04
-606.5	  3.5495656E-03
-602.5	 -3.7764725E-03
-490.5	  3.1236135E-03
-486.5	 -1.2689136E-03
-347.5	  5.7545872E-03
-341.5	 -1.0232459E-03
-125.5	  1.9729324E-02
-119.5	 -2.9029879E-03
-85.5	  1.7808115E-02
-78.5	 -1.6437349E-03
-75.5	  4.7168415E-03
-73.5	 -5.2222251E-03
-0.5	  0.6409013    
53.5	 -1.8506428E-02
61.5	  0.1023143    
62.5	  0.1023143    
186.5	 -5.2871942E-03
188.5	  6.5120063E-03
197.5	 -2.4446666E-03
204.5	  6.2154261E-03
230.5	 -3.4970888E-03
234.5	  5.6099375E-03
337.5	 -6.6045299E-04
343.5	  2.5932861E-03
439.5	 -4.6014097E-03
441.5	  6.3161384E-03
461.5	 -3.2429514E-03
464.5	  5.0355941E-03
598.5	 -2.2040987E-03
600.5	  3.4918769E-03
948.5	 -1.2958696E-03
951.5	  2.1872465E-03
1088.5	 -1.8267772E-03
1090.5	  3.4121831E-03
1216.5	 -3.4739096E-03
1217.5	  5.8618379E-03
