-1448.5	  1.4685299E-03
-1445.5	 -9.1608561E-04
-1087.5	  7.6882499E-03
-1086.5	 -2.6930908E-03
-1079.5	  2.1620344E-03
-1077.5	 -1.9359400E-03
-860.5	  4.1814479E-03
-858.5	 -2.4480154E-03
-605.5	  2.9066517E-03
-601.5	 -2.4701720E-03
-315.5	  4.0653544E-03
-310.5	 -2.4541437E-03
-167.5	  6.7569073E-03
-161.5	 -1.5304363E-03
-80.5	  8.0745835E-03
-73.5	 -3.9436948E-03
-56.5	  6.7223579E-02
-48.5	 -3.6138410E-03
-12.5	  6.9565803E-02
-2.5	 -8.9437002E-03
-1.5	 -8.9437002E-03
11.5	  0.4368426    
61.5	 -1.2454360E-03
67.5	  1.0367350E-02
83.5	 -3.6033944E-03
91.5	  6.2606898E-03
96.5	 -2.7793818E-03
102.5	  6.6444133E-03
219.5	 -2.6507690E-03
224.5	  5.1932558E-03
364.5	 -3.9945892E-03
367.5	  8.3593111E-03
604.5	 -2.2472034E-03
608.5	  2.7102781E-03
723.5	 -2.8555135E-03
726.5	  3.2936821E-03
