-984.5	  2.5995548E-03
-981.5	 -2.0348912E-03
-762.5	  2.9392003E-03
-759.5	 -3.0204151E-03
-523.5	  4.4741812E-03
-520.5	 -3.7580291E-03
-484.5	  3.3758120E-03
-480.5	 -1.1560367E-03
-244.5	  5.9608831E-03
-238.5	 -1.8288016E-03
-231.5	  3.9134007E-03
-229.5	 -4.1935248E-03
-162.5	  5.9407521E-03
-161.5	  5.9407521E-03
-156.5	 -3.1621505E-03
-137.5	  1.8003762E-02
-134.5	 -8.8143265E-03
-76.5	  2.1784222E-02
-68.5	 -4.1867523E-03
-55.5	  2.4393041E-02
-47.5	 -1.3227743E-03
2.5	  0.4851500    
96.5	 -2.6627315E-02
98.5	  1.1376261E-02
103.5	 -3.0624780E-03
110.5	  9.4628511E-03
295.5	 -1.8012264E-03
299.5	  4.8731589E-03
380.5	 -1.1851125E-03
385.5	  2.6310566E-03
495.5	 -2.5969315E-03
498.5	  4.1986033E-03
594.5	 -8.1869995E-04
598.5	  2.1909752E-03
603.5	 -6.5951063E-03
604.5	  5.1348382E-03
712.5	 -1.5575057E-03
716.5	  2.2861671E-03
1136.5	 -1.4329946E-03
1139.5	  1.9654464E-03
