-1240.5	  1.9185819E-03
-1237.5	 -1.0366869E-03
-911.5	  5.0286977E-03
-910.5	 -1.0534898E-02
-567.5	  2.8379711E-03
-563.5	 -1.6046547E-03
-509.5	  1.7476415E-02
-507.5	 -6.9551514E-03
-478.5	  5.3908424E-03
-475.5	 -4.8987833E-03
-431.5	  4.2649629E-03
-428.5	 -2.6129733E-03
-188.5	  1.1981811E-02
-183.5	 -3.2313799E-03
-103.5	  3.1516783E-02
-96.5	 -9.4462978E-03
-60.5	  1.9515729E-02
-52.5	 -2.6653584E-03
-0.5	  0.8966814    
0.5	  0.9289298    
47.5	 -1.2236545E-03
54.5	  2.2076964E-02
81.5	 -2.7563225E-03
84.5	  6.0670245E-03
88.5	 -3.7054594E-03
94.5	  6.7241290E-03
98.5	 -2.2905460E-02
103.5	  4.5031402E-02
148.5	 -2.0411457E-03
154.5	  3.9158789E-03
160.5	 -6.5298523E-03
164.5	  1.8702107E-02
226.5	 -5.1727686E-03
230.5	  1.0660448E-02
439.5	 -2.9932091E-03
442.5	  4.6687354E-03
527.5	 -7.3627611E-03
529.5	  4.9869698E-03
598.5	 -2.8766226E-03
601.5	  3.4691349E-03
838.5	 -7.0668692E-03
839.5	  1.8209947E-02
914.5	 -2.4654171E-03
917.5	  2.6864547E-03
1153.5	 -1.1370386E-03
1156.5	  1.9103913E-03
