-1034.5	  2.0500368E-03
-1031.5	 -1.1180796E-03
-585.5	  4.3333597E-03
-582.5	 -3.9978996E-03
-566.5	  6.6897492E-03
-564.5	 -4.5421883E-03
-468.5	  2.3715836E-03
-465.5	 -1.1008397E-03
-375.5	  3.4533972E-03
-371.5	 -1.2818851E-03
-247.5	  6.0988460E-03
-242.5	 -3.2377294E-03
-217.5	  1.5390280E-02
-214.5	 -6.5405294E-03
-174.5	  1.0301856E-02
-168.5	 -3.1963591E-03
-159.5	  5.1123537E-03
-153.5	 -1.2202723E-03
-70.5	  1.8120004E-02
-63.5	 -1.2873719E-03
-44.5	  0.1066542    
-35.5	 -3.2351699E-02
8.5	  0.6451691    
9.5	  0.6265152    
47.5	 -2.5350975E-03
55.5	  7.3979087E-02
56.5	  7.3979087E-02
115.5	 -7.2935512E-03
120.5	  9.4141439E-03
126.5	 -2.0489651E-03
132.5	  6.1517856E-03
167.5	 -5.3794864E-03
170.5	  1.6685642E-02
198.5	 -2.6845620E-03
203.5	  4.4088508E-03
317.5	 -1.0125741E-03
322.5	  3.8824240E-03
507.5	 -3.8139259E-03
509.5	  5.3253141E-03
667.5	 -1.1978275E-03
671.5	  2.6146828E-03
697.5	 -3.4233353E-03
699.5	  4.5696995E-03
717.5	 -7.1798749E-03
718.5	  8.8129044E-03
933.5	 -1.3532264E-03
935.5	  2.5104368E-03
1137.5	 -1.7374087E-03
1139.5	  1.9801932E-03
1221.5	 -2.5627902E-03
1224.5	  2.0927391E-03
1879.5	 -1.1364387E-03
1881.5	  1.3597064E-03
