-716.5	  2.8681594E-03
-712.5	 -2.4305489E-03
-554.5	  7.2140167E-03
-552.5	 -3.7924522E-03
-288.5	  4.6829260E-03
-284.5	 -3.0302200E-03
-265.5	  3.2849968E-03
-262.5	 -5.1487815E-03
-236.5	  4.9137836E-03
-230.5	 -4.1450607E-03
-164.5	  6.0044038E-03
-158.5	 -2.9376685E-03
-146.5	  1.7669490E-02
-142.5	 -5.1559820E-03
-138.5	  2.0720072E-03
-134.5	 -1.1875583E-03
-10.5	  0.4209282    
-9.5	  0.4209282    
6.5	 -1.3774873E-03
18.5	  0.2336632    
108.5	 -4.3880511E-03
114.5	  1.7582493E-02
129.5	 -6.1316998E-03
134.5	  1.7834401E-02
229.5	 -1.0436524E-03
234.5	  7.8543564E-03
283.5	 -2.4120833E-03
288.5	  4.5252619E-03
433.5	 -3.7833322E-03
436.5	  5.1496406E-03
505.5	 -2.0635717E-03
509.5	  4.3271109E-03
553.5	 -1.4580865E-03
556.5	  3.6722638E-03
606.5	 -6.0821781E-03
608.5	  4.2655962E-03
961.5	 -5.2902880E-03
962.5	  7.0230188E-03
