-1147.5	  2.7533923E-03
-1145.5	 -1.9436639E-03
-913.5	  2.6016028E-03
-910.5	 -2.1057697E-03
-845.5	  4.4558984E-03
-843.5	 -3.4922406E-03
-748.5	  7.6257074E-03
-747.5	 -6.9589387E-03
-707.5	  2.5375797E-03
-704.5	 -1.6225426E-03
-575.5	  3.4792786E-03
-572.5	 -3.4155219E-03
-305.5	  6.2075043E-03
-301.5	 -2.3947125E-03
-263.5	  5.7157688E-03
-259.5	 -3.5263042E-03
-230.5	  4.3408293E-03
-224.5	 -1.6970220E-03
-213.5	  1.1998253E-02
-208.5	 -2.1527915E-03
-200.5	  3.8362353E-03
-195.5	 -1.2240120E-03
-129.5	  7.8603821E-03
-124.5	 -3.7730217E-03
-116.5	  5.9114001E-03
-110.5	 -3.7569159E-03
-105.5	  8.9396015E-03
-102.5	 -4.0667276E-03
2.5	  0.7750936    
3.5	  0.7854078    
19.5	 -3.4864114E-03
32.5	  6.2216144E-02
43.5	 -3.7732336E-03
50.5	  2.2652643E-02
157.5	 -3.2516632E-03
161.5	  1.3233137E-02
181.5	 -4.5065381E-04
187.5	  4.8287981E-03
228.5	 -1.7908985E-03
233.5	  7.2244890E-03
405.5	 -1.1489107E-03
409.5	  1.7736807E-03
413.5	 -1.9170806E-03
417.5	  3.0376941E-03
660.5	 -5.1066526E-03
661.5	  4.6296935E-03
1505.5	 -2.9725675E-04
