-1141.5	  2.1199256E-03
-1139.5	 -1.4493039E-03
-830.5	  2.8173917E-03
-827.5	 -2.2669460E-03
-802.5	  1.0261497E-02
-801.5	 -6.2025832E-03
-520.5	  5.2720099E-03
-518.5	 -4.8152176E-03
-427.5	  3.0418658E-03
-422.5	 -1.1708309E-03
-387.5	  2.5558842E-03
-382.5	 -1.0519471E-03
-211.5	  6.6694156E-03
-205.5	 -2.8900958E-03
-116.5	  2.0432342E-02
-109.5	 -1.7310259E-03
-43.5	  8.8222630E-02
-33.5	 -5.2719577E-03
-1.5	  0.5916724    
21.5	 -2.0698640E-03
29.5	  6.3761637E-02
30.5	  6.3761637E-02
130.5	 -1.1856504E-03
136.5	  1.0719896E-02
153.5	 -3.0581905E-03
160.5	  8.1056422E-03
221.5	 -8.6447876E-03
224.5	  1.8153895E-02
291.5	 -1.9744078E-03
296.5	  3.3882544E-03
505.5	 -2.8488364E-03
508.5	  3.8819180E-03
636.5	 -1.3567092E-03
639.5	  2.9958482E-03
658.5	 -3.2124380E-03
660.5	  3.3907550E-03
764.5	 -2.0294327E-03
768.5	  2.6546610E-03
850.5	 -1.8575997E-03
853.5	  2.5406780E-03
911.5	 -2.1148974E-03
913.5	  3.2011503E-03
1158.5	 -1.4396156E-03
1160.5	  2.1176483E-03
