-1297.5	  1.7357458E-03
-1293.5	 -9.1272022E-04
-996.5	 -3.7758548E-03
-900.5	  3.8637028E-03
-898.5	 -4.0292754E-03
-755.5	  2.8250352E-03
-752.5	 -2.1171833E-03
-401.5	  3.0774714E-03
-397.5	 -1.6209462E-03
-367.5	  5.7725185E-03
-363.5	 -2.5418797E-03
-212.5	  8.0857612E-03
-207.5	 -3.4641232E-03
-191.5	  2.2699814E-02
-189.5	 -1.4670802E-02
-47.5	  4.1964311E-02
-38.5	 -1.2087388E-03
-24.5	  9.7366169E-02
-14.5	 -4.9698246E-03
7.5	  0.6067934    
8.5	  0.6193392    
97.5	 -8.6021249E-04
108.5	  1.2180887E-02
127.5	 -6.1163171E-03
133.5	  2.3639372E-02
195.5	 -8.4395139E-03
196.5	  3.0366465E-02
205.5	 -2.6262267E-03
210.5	  7.4272193E-03
294.5	 -1.3977886E-03
299.5	  3.5353606E-03
407.5	 -2.9719428E-03
412.5	  4.2184857E-03
516.5	 -1.0366865E-03
521.5	  3.1672302E-03
564.5	 -3.3071488E-03
566.5	  4.2623687E-03
