-918.5	  2.5588560E-03
-915.5	 -2.0839809E-03
-790.5	  5.1509440E-03
-789.5	 -2.0459816E-03
-779.5	  2.2354480E-03
-775.5	 -1.0407673E-03
-728.5	  2.4039280E-03
-725.5	 -2.3494456E-03
-588.5	  4.2012464E-03
-585.5	 -3.1529423E-03
-533.5	  3.6933725E-03
-528.5	 -9.1191230E-04
-415.5	  3.4600138E-03
-411.5	 -1.3568710E-03
-327.5	  5.1437127E-03
-323.5	 -2.8724147E-03
-260.5	  4.1906801E-03
-255.5	 -1.1463672E-03
-104.5	  8.2612284E-02
-101.5	 -6.4965338E-02
-20.5	  5.0296545E-02
-12.5	 -3.1475418E-03
-6.5	  2.1654772E-02
0.5	 -3.5326851E-03
9.5	  0.2345766    
38.5	 -1.8262918E-03
50.5	  0.1375547    
51.5	  0.1375547    
85.5	 -1.3797261E-02
92.5	  5.0421931E-02
313.5	 -1.5361115E-03
317.5	  5.0361943E-03
428.5	 -1.0001514E-03
433.5	  2.5630139E-03
454.5	 -1.3248503E-03
458.5	  3.0372078E-03
484.5	 -3.8984758E-03
486.5	  9.9095181E-03
631.5	 -1.2876713E-03
635.5	  2.8355282E-03
704.5	 -2.2942319E-03
707.5	  3.2565279E-03
778.5	 -3.4836477E-03
779.5	  4.5296983E-03
1310.5	 -1.8533425E-03
1312.5	  2.2913672E-03
