-907.5	  2.8764771E-03
-905.5	 -3.4215734E-03
-618.5	  3.0346077E-03
-614.5	 -1.4977395E-03
-567.5	  7.9469401E-03
-566.5	 -2.0068446E-02
-554.5	  5.3029037E-03
-551.5	 -4.9034394E-03
-344.5	  5.2069263E-03
-340.5	 -2.0175949E-03
-150.5	  2.4057535E-02
-145.5	 -8.4906323E-03
-114.5	  1.2585931E-02
-102.5	 -3.9608250E-03
-29.5	  0.2402885    
-14.5	 -1.1010279E-03
-1.5	  0.2197484    
16.5	 -0.3183908    
17.5	 -0.3621174    
23.5	  0.4811380    
24.5	  0.4384148    
73.5	 -9.5850305E-04
80.5	  1.1238322E-02
111.5	 -3.8788209E-03
115.5	  1.6455350E-02
134.5	 -4.2214920E-03
140.5	  9.9968938E-03
236.5	 -2.5538914E-03
242.5	  6.2430841E-03
362.5	 -3.1491511E-03
366.5	  4.8076953E-03
501.5	 -1.6830630E-03
504.5	  3.2483262E-03
533.5	 -1.7618114E-03
537.5	  3.0636450E-03
570.5	 -2.7850608E-03
574.5	  3.1489669E-03
584.5	 -2.6231071E-03
587.5	  4.0952419E-03
1353.5	 -4.0090163E-03
1354.5	  3.1848918E-03
1803.5	 -4.8313169E-03
1804.5	  2.3877798E-03
