-994.5	  8.4727881E-03
-992.5	 -2.8589396E-03
-825.5	  5.5267364E-03
-823.5	 -3.4903921E-03
-705.5	  2.5143998E-03
-700.5	 -1.4437827E-03
-578.5	  6.0283961E-03
-576.5	 -6.0330578E-03
-520.5	  6.6298861E-03
-518.5	 -7.9006255E-03
-433.5	  2.9768436E-03
-425.5	 -9.7431487E-04
-386.5	  3.0937905E-03
-381.5	 -1.9515170E-03
-252.5	  7.9915747E-03
-247.5	 -2.4694439E-03
-141.5	  7.2759194E-03
-135.5	 -2.5311387E-03
-130.5	  6.7345160E-03
-128.5	 -6.4892475E-03
-3.5	  0.6015589    
-2.5	  0.5829152    
15.5	 -2.8503032E-02
25.5	  3.1209579E-02
143.5	 -2.4594206E-03
149.5	  1.3079409E-02
484.5	 -3.0275011E-03
487.5	  5.4949252E-03
556.5	 -2.4238077E-03
559.5	  4.2046038E-03
663.5	 -1.1203531E-03
666.5	  2.5764052E-03
1251.5	 -2.1097308E-03
1253.5	  1.8055777E-03
