-661.5	  7.4224384E-03
-660.5	 -1.2508493E-02
-440.5	  3.7177734E-03
-436.5	 -2.9218886E-03
-351.5	  8.4001990E-03
-348.5	 -4.4793664E-03
-298.5	  5.5223964E-03
-294.5	 -2.1327569E-03
-275.5	  6.5154973E-03
-271.5	 -2.4412281E-03
-182.5	  7.8394953E-03
-176.5	 -1.7836319E-03
-124.5	  7.3954905E-03
-117.5	 -3.8179893E-03
-8.5	  0.6035178    
-7.5	  0.6035178    
17.5	 -6.8310611E-03
27.5	  0.1040531    
28.5	  0.1040531    
45.5	 -3.0172046E-03
56.5	  5.4763749E-02
68.5	 -4.5972057E-03
73.5	  2.6869057E-02
101.5	 -3.0146930E-03
107.5	  8.3458265E-03
166.5	 -1.5495366E-03
172.5	  1.0520179E-02
219.5	 -2.2297977E-03
223.5	  5.8122477E-03
419.5	 -9.0528617E-04
425.5	  2.2701726E-03
477.5	 -1.1512227E-03
481.5	  2.8860965E-03
798.5	 -1.4146476E-03
801.5	  2.6942405E-03
