-1136.5	  4.6009496E-03
-1134.5	 -2.6029088E-03
-829.5	  2.8420060E-03
-824.5	 -2.4414377E-03
-629.5	  3.7553762E-03
-625.5	 -3.1889481E-03
-559.5	  4.4980049E-03
-557.5	 -2.2095407E-03
-430.5	  1.0077935E-02
-428.5	 -5.7279663E-03
-389.5	  3.1461874E-03
-384.5	 -1.4818545E-03
-376.5	  3.6787307E-03
-372.5	 -1.7436093E-03
-252.5	  5.5980375E-03
-246.5	 -1.2874122E-03
-238.5	  3.6139386E-03
-234.5	 -3.0674157E-03
-105.5	  8.4651951E-03
-99.5	 -3.9209453E-03
-84.5	  3.2132801E-02
-79.5	 -3.2255729E-03
-43.5	  3.7379682E-02
-35.5	 -2.1816848E-03
1.5	  0.2418561    
97.5	 -2.8835933E-03
99.5	  9.2072608E-03
102.5	 -3.2803167E-03
109.5	  9.7460169E-03
268.5	 -1.8498196E-03
275.5	  7.4549583E-03
299.5	 -2.5124811E-03
303.5	  4.0909168E-03
360.5	 -1.3052142E-03
366.5	  2.8395443E-03
469.5	 -3.7602871E-03
471.5	  5.3588189E-03
510.5	 -3.7856626E-03
512.5	  5.0135530E-03
616.5	 -2.8186906E-03
618.5	  4.1025742E-03
