-1072.5	  3.8099012E-03
-1071.5	 -8.9790495E-03
-845.5	  3.1986879E-03
-843.5	 -2.6601080E-03
-781.5	  1.7218863E-03
-777.5	 -7.1435078E-04
-731.5	  8.0770794E-03
-730.5	 -5.0208140E-03
-534.5	  9.1007557E-03
-533.5	 -1.5643381E-02
-499.5	  5.0647641E-03
-497.5	 -3.2530269E-03
-450.5	  3.3644894E-03
-446.5	 -2.2222477E-03
-361.5	  1.5437001E-02
-360.5	 -9.8150568E-03
-192.5	  5.4790433E-03
-186.5	 -2.8074486E-03
-57.5	  2.7209528E-02
-56.5	  2.7209528E-02
-49.5	 -1.0473555E-03
-7.5	  0.4289454    
15.5	 -1.2191056E-02
35.5	  0.1515269    
122.5	 -1.7354270E-03
127.5	  1.0644158E-02
134.5	 -2.8713513E-03
140.5	  9.5944209E-03
422.5	 -3.8335472E-03
426.5	  5.5800658E-03
604.5	 -2.3578687E-03
608.5	  2.7388018E-03
1236.5	 -1.9256589E-03
1238.5	  2.4825265E-03
1371.5	 -1.5778630E-03
1373.5	  2.0985897E-03
