-1422.5	  2.1016514E-03
-1419.5	 -1.7025296E-03
-1010.5	  2.5536614E-03
-1008.5	 -3.1918930E-03
-844.5	  5.0608576E-03
-842.5	 -1.6389192E-03
-715.5	  4.5890734E-03
-713.5	 -4.1578016E-03
-607.5	  3.2438978E-03
-603.5	 -2.2081495E-03
-434.5	  4.0817810E-03
-430.5	 -1.5433320E-03
-315.5	  4.8384103E-03
-310.5	 -9.7607373E-04
-290.5	  2.3833530E-03
-283.5	 -7.7717059E-04
-276.5	  5.0690309E-03
-275.5	 -2.7670702E-03
-114.5	  6.9281468E-03
-107.5	 -1.1438383E-03
-14.5	   1.167864    
-13.5	   1.269337    
12.5	 -1.0176587E-02
25.5	  0.1606353    
54.5	 -1.2301675E-03
60.5	  7.9449285E-03
68.5	 -1.0466778E-03
75.5	  1.6687818E-02
134.5	 -3.0186321E-03
140.5	  1.5310475E-02
203.5	 -1.1428170E-03
209.5	  7.1329246E-03
252.5	 -2.4372118E-03
257.5	  3.9940556E-03
274.5	 -3.6802527E-03
278.5	  9.5483419E-03
358.5	 -2.0253495E-03
363.5	  3.3132522E-03
552.5	 -1.2243546E-03
557.5	  3.1467306E-03
914.5	 -1.3254295E-03
917.5	  2.4404724E-03
1014.5	 -1.1195912E-03
1017.5	  2.4054949E-03
