-967.5	  1.7692177E-03
-963.5	 -1.1272039E-03
-922.5	  3.7499268E-03
-920.5	 -2.7840063E-03
-646.5	  2.3216095E-03
-643.5	 -1.2296357E-03
-551.5	  3.8841984E-03
-548.5	 -2.7225914E-03
-416.5	  4.6344567E-03
-413.5	 -3.5618814E-03
-334.5	  4.5141364E-03
-329.5	 -2.6087593E-03
-226.5	  5.3705708E-03
-220.5	 -5.8908635E-03
-181.5	  5.5937236E-03
-176.5	 -3.3341474E-03
-172.5	  5.1798075E-03
-168.5	 -1.8947015E-03
-10.5	  7.1464010E-02
-2.5	 -4.4358959E-03
11.5	  0.2466356    
12.5	  0.2466356    
45.5	 -3.7600196E-03
51.5	  2.1796703E-02
52.5	  2.1796703E-02
64.5	 -3.5452214E-03
71.5	  5.6424949E-02
94.5	 -1.8733897E-03
99.5	  8.5364189E-03
109.5	 -3.9368640E-03
115.5	  8.1626512E-03
185.5	 -1.3262505E-03
191.5	  5.8189710E-03
367.5	 -5.2721067E-03
369.5	  1.2046508E-02
447.5	 -3.0686567E-03
450.5	  5.1611862E-03
584.5	 -1.2323171E-02
585.5	  8.9914026E-03
658.5	 -2.4814676E-03
661.5	  3.6737921E-03
702.5	 -7.5314112E-04
706.5	  1.8021272E-03
1067.5	 -8.7353941E-03
1068.5	  6.4370232E-03
