-1772.5	  3.5077652E-03
-1771.5	 -4.4321329E-03
-1149.5	  2.7342620E-03
-1147.5	 -2.2679616E-03
-789.5	  5.3805076E-03
-786.5	 -2.6888161E-03
-603.5	  3.3930428E-03
-600.5	 -1.6809509E-03
-534.5	  3.5292120E-03
-529.5	 -2.4509979E-03
-291.5	  5.9628659E-03
-286.5	 -3.0779336E-03
-242.5	  6.5805777E-03
-238.5	 -1.8032057E-03
-216.5	  6.6425111E-03
-210.5	 -3.2312269E-03
-206.5	  5.7312278E-03
-202.5	 -2.8426915E-03
-110.5	  2.0611579E-02
-102.5	 -1.7508868E-03
-96.5	  7.4366727E-03
-94.5	 -6.7506763E-03
-4.5	  0.5958037    
-3.5	  0.6820414    
29.5	 -1.3691144E-02
36.5	  4.9879439E-02
48.5	 -1.2635135E-03
56.5	  4.0891711E-02
136.5	 -3.6361439E-03
139.5	  9.9459719E-03
145.5	 -3.9372765E-03
151.5	  8.6701000E-03
165.5	 -1.9693216E-03
171.5	  8.5510146E-03
359.5	 -1.4982534E-03
364.5	  3.1920690E-03
410.5	 -1.3647547E-03
415.5	  3.4111859E-03
429.5	 -9.5161988E-04
433.5	  1.8665055E-03
476.5	 -7.7046320E-04
481.5	  2.3371512E-03
740.5	 -1.0272893E-03
744.5	  2.4505800E-03
922.5	 -8.5394387E-04
927.5	  1.5656336E-03
1457.5	 -1.7450029E-03
1459.5	  1.9889891E-03
