-1255.5	 -6.9081513E-03
-1085.5	 -1.9121305E-03
-1084.5	 -9.2444010E-03
-1080.5	  2.0496561E-03
-1078.5	 -8.6843537E-04
-911.5	  2.8511595E-03
-908.5	 -2.4854490E-03
-797.5	  2.9012538E-03
-794.5	 -1.5938289E-03
-714.5	  2.8549100E-03
-711.5	 -1.8995379E-03
-620.5	  5.1403721E-03
-618.5	 -4.1385903E-03
-500.5	  3.6143181E-03
-495.5	 -8.1818481E-04
-130.5	  9.0193497E-03
-124.5	 -3.5708772E-03
-106.5	  1.7821712E-02
-102.5	 -5.3522405E-03
-94.5	  1.6551569E-02
-89.5	 -2.1947403E-02
-36.5	  0.1141678    
-35.5	  0.1141678    
-25.5	 -2.8332394E-02
4.5	  0.5931504    
5.5	  0.5931504    
64.5	 -7.0876797E-04
71.5	  1.7494909E-02
175.5	 -6.2767020E-03
177.5	  1.2785097E-02
189.5	 -3.3375104E-03
193.5	  6.6257408E-03
199.5	 -2.8178722E-03
205.5	  5.9563820E-03
354.5	 -1.0038054E-03
360.5	  4.1441862E-03
475.5	 -3.5916718E-03
478.5	  4.1545215E-03
508.5	 -1.1918201E-03
513.5	  3.2883221E-03
527.5	 -6.2462832E-03
529.5	  6.8423240E-03
741.5	 -1.1977161E-03
745.5	  2.5436159E-03
930.5	 -4.0261382E-03
931.5	  4.2949282E-03
1172.5	 -1.0366545E-03
1174.5	  1.3699601E-03
1180.5	 -1.7205529E-03
1182.5	  2.6427135E-03
1288.5	 -1.6832305E-03
1290.5	  2.2475263E-03
