-1527.5	  2.3594715E-03
-1525.5	 -1.4439273E-03
-1045.5	  4.2384323E-03
-1044.5	 -2.1557441E-02
-764.5	  2.7775299E-03
-760.5	 -2.1408307E-03
-529.5	  4.1549196E-03
-526.5	 -3.6576751E-03
-518.5	  3.3460471E-03
-513.5	 -1.2156222E-03
-385.5	  4.6988078E-03
-382.5	 -3.6897145E-03
-348.5	  4.3433583E-03
-346.5	 -3.8569972E-03
-102.5	  6.0748529E-02
-98.5	 -2.9635631E-02
-66.5	  8.8941054E-03
-59.5	 -3.1040860E-03
-45.5	  5.4441299E-02
-34.5	 -1.6705181E-03
-5.5	  0.7252995    
-4.5	  0.7052948    
29.5	 -1.7040431E-02
32.5	  6.1451448E-03
39.5	 -3.1590315E-03
48.5	  7.0969418E-02
69.5	 -2.4093522E-03
78.5	  5.7410367E-02
291.5	 -3.2806948E-03
297.5	  4.6560531E-03
411.5	 -2.9362091E-03
417.5	  3.8640997E-03
469.5	 -3.4713629E-03
472.5	  4.4171643E-03
720.5	 -2.3528398E-03
722.5	  3.8744365E-03
748.5	 -2.6776423E-03
751.5	  3.2818369E-03
831.5	 -2.0209595E-03
834.5	  3.2358586E-03
