-1141.5	  1.8955336E-03
-1138.5	 -9.2108530E-04
-629.5	 -4.4397481E-02
-628.5	 -9.4641738E-02
-596.5	  2.6288538E-03
-593.5	 -1.6555690E-03
-331.5	  3.6206439E-03
-323.5	 -1.4194758E-03
-253.5	  1.8674886E-02
-251.5	 -2.5036523E-02
-179.5	  5.7672528E-03
-174.5	 -3.1687431E-03
-169.5	  3.4610291E-03
-164.5	 -1.9662832E-03
-156.5	  8.9309076E-03
-154.5	 -3.3825575E-03
-5.5	  5.4008793E-02
2.5	 -2.5477626E-03
10.5	  3.0936791E-02
18.5	 -2.8764349E-03
26.5	  3.2866072E-02
225.5	 -2.7725825E-03
230.5	  6.3862097E-03
238.5	 -5.7025035E-03
241.5	  1.3064516E-02
257.5	 -4.4361553E-03
262.5	  4.5613791E-03
270.5	 -3.4457000E-03
275.5	  5.4715467E-03
381.5	 -1.0942146E-03
386.5	  3.2085504E-03
475.5	 -2.3562249E-03
479.5	  3.5512415E-03
741.5	 -1.8540950E-03
743.5	  3.6852956E-03
961.5	 -1.0083087E-03
965.5	  1.8704563E-03
1312.5	 -5.8326108E-04
1316.5	  1.1695096E-03
