-1368.5	  2.5328605E-03
-1366.5	 -1.9567809E-03
-716.5	  3.3817533E-03
-714.5	 -1.7526068E-03
-548.5	  4.0704072E-03
-545.5	 -1.6245904E-03
-493.5	  3.5477025E-03
-489.5	 -2.7132314E-03
-484.5	  7.5142724E-03
-483.5	 -4.9075168E-03
-473.5	  3.2271864E-03
-469.5	 -1.3090126E-03
-463.5	  2.2940661E-03
-460.5	 -3.3252556E-03
-250.5	  6.4804051E-03
-245.5	 -3.3438646E-03
-218.5	  5.6699119E-03
-213.5	 -1.4333004E-03
-143.5	  9.9582020E-03
-138.5	 -1.5618773E-03
-50.5	  2.0022083E-02
-43.5	 -4.2595053E-03
-33.5	  4.8891116E-02
-32.5	  4.8891116E-02
-25.5	 -3.9253794E-03
-19.5	  4.7395928E-03
-12.5	 -3.0201389E-03
6.5	  0.1610569    
20.5	 -3.8510428E-03
26.5	  1.3620644E-02
36.5	 -9.4774887E-03
46.5	  8.5127160E-02
145.5	 -2.4710619E-03
150.5	  1.0084732E-02
173.5	 -1.5849603E-03
179.5	  6.5439483E-03
191.5	 -3.7743915E-03
197.5	  4.8196912E-03
206.5	 -1.2765644E-03
212.5	  8.2498062E-03
339.5	 -2.9259503E-03
343.5	  4.3233200E-03
547.5	 -3.7518640E-03
550.5	  3.9410992E-03
567.5	 -5.6340736E-03
568.5	  5.6202034E-03
696.5	 -8.6771660E-03
697.5	  8.8642947E-03
1100.5	 -5.0939317E-03
1101.5	  4.3335017E-03
1573.5	 -5.3098951E-03
1574.5	  2.4755234E-03
