-1017.5	  3.3042687E-03
-1015.5	 -2.3519157E-03
-632.5	  5.0401082E-03
-630.5	 -3.9383178E-03
-527.5	  3.6767276E-03
-524.5	 -2.7757653E-03
-489.5	  6.2861517E-03
-487.5	 -5.4340689E-03
-416.5	  3.1921528E-03
-411.5	 -7.1843190E-04
-313.5	  5.0401543E-03
-308.5	 -2.3893148E-03
-239.5	  5.4827435E-03
-234.5	 -2.9405281E-03
-213.5	  7.5000389E-03
-207.5	 -2.1144901E-03
-126.5	  1.3350302E-02
-120.5	 -1.2580521E-03
-66.5	  2.1538170E-02
-58.5	 -3.4285274E-03
0.5	  0.4465269    
1.5	  0.5058273    
72.5	 -5.5354880E-04
79.5	  1.3442091E-02
138.5	 -5.3673610E-03
142.5	  1.9431524E-02
189.5	 -2.5467442E-03
194.5	  5.4747406E-03
241.5	 -1.3806870E-03
246.5	  5.4073855E-03
405.5	 -3.0852689E-03
408.5	  4.0919143E-03
439.5	 -1.2992632E-03
444.5	  2.9188616E-03
641.5	 -5.7391422E-03
642.5	  1.9729916E-02
702.5	 -1.7938365E-03
708.5	  7.7008842E-03
838.5	 -3.8739988E-03
