-917.5	  1.9640902E-03
-912.5	 -6.3951116E-04
-689.5	  4.2995694E-03
-687.5	 -4.8868600E-03
-670.5	  4.1529918E-03
-668.5	 -3.6236437E-03
-654.5	  1.5937588E-03
-651.5	 -1.5276183E-03
-431.5	  3.3453673E-03
-426.5	 -2.0806391E-03
-259.5	  3.0892894E-03
-253.5	 -7.5901300E-04
-221.5	  2.3495534E-02
-220.5	 -2.2609474E-02
-154.5	  5.8834036E-03
-148.5	 -3.0473084E-03
-137.5	  1.7180342E-02
-133.5	 -5.1659835E-03
-31.5	  0.1671021    
-21.5	 -1.2915994E-03
-6.5	  0.1704749    
6.5	 -2.4293552E-03
14.5	  8.0936542E-03
20.5	 -3.4273455E-03
30.5	  9.7915478E-02
46.5	 -3.6454350E-03
52.5	  9.8977601E-03
229.5	 -1.0783459E-02
231.5	  1.4713833E-02
261.5	 -3.2938304E-03
265.5	  5.0932146E-03
303.5	 -1.6375026E-02
304.5	  2.3883732E-02
375.5	 -4.9980688E-03
377.5	  5.8296146E-03
389.5	 -8.6983334E-04
394.5	  3.8375233E-03
416.5	 -3.1230056E-03
419.5	  4.8623458E-03
494.5	 -3.9413343E-03
496.5	  4.3411744E-03
533.5	 -1.7442799E-03
536.5	  3.5805274E-03
844.5	 -7.1177343E-03
845.5	  9.9054435E-03
903.5	 -2.9292880E-03
905.5	  3.8636061E-03
928.5	 -1.3786255E-03
931.5	  2.4743765E-03
