-1002.5	  6.0567437E-03
-1001.5	 -6.3266992E-03
-882.5	  3.1191350E-03
-880.5	 -1.7829463E-03
-814.5	  2.8288912E-03
-811.5	 -2.4244073E-03
-680.5	  2.7942143E-03
-676.5	 -1.1889192E-03
-620.5	  3.4618049E-03
-617.5	 -2.3893900E-03
-601.5	  3.0619835E-03
-597.5	 -2.7836298E-03
-422.5	  3.3988676E-03
-417.5	 -1.4002557E-03
-293.5	  4.0204022E-03
-288.5	 -3.9336202E-03
-151.5	  1.1276066E-02
-145.5	 -1.2444946E-03
-82.5	  9.7941235E-03
-75.5	 -2.3174970E-03
-71.5	  7.1863681E-03
-70.5	 -3.0277492E-02
-2.5	  0.6690351    
25.5	 -1.1280477E-03
35.5	  0.1242954    
212.5	 -3.7342722E-03
218.5	  5.8803572E-03
324.5	 -1.0546226E-03
330.5	  4.0423470E-03
500.5	 -3.3020647E-03
503.5	  4.6329061E-03
701.5	 -1.2126609E-03
708.5	  2.1584744E-03
1042.5	 -1.4575734E-03
1045.5	  2.4779856E-03
1613.5	 -7.6414034E-04
1616.5	  1.3440801E-03
