-1037.5	  2.3105762E-03
-1036.5	 -2.4168841E-03
-830.5	  3.4403268E-03
-827.5	 -2.9475004E-03
-754.5	  2.7553528E-03
-750.5	 -2.1066081E-03
-643.5	  3.5691373E-03
-640.5	 -9.0388097E-03
-638.5	  6.3082543E-03
-635.5	 -2.3579311E-03
-497.5	  6.6358312E-03
-495.5	 -6.2693334E-03
-417.5	  4.2624287E-03
-413.5	 -3.1789271E-03
-398.5	  4.5770044E-03
-395.5	 -2.9754576E-03
-249.5	  4.9936348E-03
-244.5	 -4.8467466E-03
-142.5	  1.0567868E-02
-135.5	 -1.4217986E-03
-93.5	  8.4886439E-03
-86.5	 -4.7725599E-04
-1.5	  0.7172598    
-0.5	  0.6791436    
24.5	 -2.1469912E-03
37.5	  7.8029074E-02
190.5	 -8.6396036E-04
197.5	  6.8781869E-03
284.5	 -1.4244855E-03
289.5	  5.3025056E-03
297.5	 -2.5423593E-03
302.5	  4.6198545E-03
465.5	 -1.3465500E-03
469.5	  2.8047371E-03
595.5	 -3.1614965E-03
597.5	  5.7286192E-03
718.5	 -1.6836076E-03
721.5	  2.9718168E-03
864.5	 -6.0798032E-03
865.5	  7.8013027E-03
