-1445.5	  2.0120230E-03
-1443.5	 -1.5313122E-03
-976.5	  3.7373067E-03
-974.5	 -2.8140624E-03
-933.5	  1.9863991E-03
-929.5	 -8.9263020E-04
-695.5	  3.8124181E-03
-693.5	 -6.2073492E-03
-514.5	  3.0842444E-03
-509.5	 -8.7463803E-04
-444.5	  2.9079430E-03
-440.5	 -1.5237199E-03
-409.5	  4.8539103E-03
-405.5	 -3.0756893E-03
-339.5	  5.3630974E-03
-335.5	 -2.1020088E-03
-226.5	  4.7795027E-03
-219.5	 -6.1727646E-03
-149.5	  6.8280394E-03
-143.5	 -2.5897464E-03
-112.5	  2.0963524E-02
-108.5	 -4.9341316E-03
-5.5	  0.7992722    
-4.5	  0.8141523    
36.5	 -4.1555110E-03
40.5	  8.5027944E-03
44.5	 -4.1621490E-03
51.5	  2.3623930E-02
52.5	  2.3623930E-02
74.5	 -1.2125762E-03
81.5	  2.2486867E-02
157.5	 -2.5138613E-03
164.5	  1.4137434E-02
292.5	 -1.4812854E-03
297.5	  4.6121557E-03
364.5	 -3.9000663E-03
367.5	  5.9826472E-03
394.5	 -2.7593882E-03
398.5	  3.8149229E-03
510.5	 -3.2159111E-03
513.5	  4.3038367E-03
710.5	 -2.0435043E-03
714.5	  2.7685056E-03
736.5	 -4.8033004E-03
737.5	  2.4020785E-02
