-1020.5	  5.3744465E-03
-1018.5	 -4.4586388E-03
-883.5	  3.4742409E-03
-879.5	 -5.9191091E-03
-755.5	  3.0477233E-03
-752.5	 -1.5408330E-03
-533.5	  6.3666324E-03
-531.5	 -4.8423000E-03
-514.5	  4.2574601E-03
-510.5	 -1.3061424E-03
-299.5	  9.8979510E-03
-294.5	 -3.5976213E-03
-275.5	  4.7065080E-03
-271.5	 -3.0210100E-03
-258.5	  2.5898265E-03
-101.5	  1.1624747E-02
-93.5	 -3.9920704E-03
-14.5	  0.4117411    
-13.5	  0.3821163    
5.5	 -1.8754622E-02
17.5	  0.1516644    
62.5	 -5.0136787E-03
77.5	  8.7907366E-02
104.5	 -3.4546275E-03
110.5	  9.3053794E-03
125.5	 -1.5410140E-02
129.5	  3.0298995E-02
256.5	 -2.0262983E-03
260.5	  7.2946297E-03
273.5	 -2.6626415E-03
278.5	  4.8988722E-03
457.5	 -1.1438574E-03
461.5	  3.7053621E-03
471.5	 -2.8351652E-03
474.5	  3.7996429E-03
589.5	 -2.5540874E-03
592.5	  3.6404538E-03
659.5	 -3.7555997E-03
661.5	  4.2250631E-03
919.5	 -2.6097684E-03
920.5	  2.0740606E-02
1044.5	 -1.1553102E-03
1047.5	  2.2681432E-03
1149.5	 -2.4105334E-03
1150.5	  8.2285013E-03
