-1047.5	  3.8001505E-03
-1045.5	 -2.1562730E-03
-869.5	  3.6445512E-03
-867.5	 -3.2464522E-03
-634.5	  5.3452523E-03
-633.5	 -4.8650936E-03
-632.5	 -4.8650936E-03
-611.5	  2.2836383E-03
-608.5	 -1.2524653E-03
-512.5	  2.4119953E-03
-507.5	 -9.3787367E-04
-419.5	  1.7059701E-02
-418.5	 -1.8482171E-02
-379.5	  3.7993700E-03
-374.5	 -1.2244277E-03
-209.5	  5.9437267E-03
-204.5	 -2.5017881E-03
-185.5	  1.6669311E-02
-179.5	 -2.0853402E-03
-32.5	  4.7237955E-02
-23.5	 -2.6269746E-03
-15.5	  1.3223865E-02
-13.5	 -1.5421890E-02
7.5	  0.3943296    
90.5	 -4.4914545E-03
97.5	  8.6209262E-03
148.5	 -3.8744877E-03
150.5	  7.7674612E-03
154.5	 -3.5495474E-03
161.5	  1.2652772E-02
276.5	 -1.0666033E-03
283.5	  4.0976102E-03
345.5	 -1.7202125E-03
350.5	  5.7729129E-03
425.5	 -2.3915973E-03
428.5	  5.3384108E-03
504.5	 -1.5137153E-03
508.5	  3.5805297E-03
530.5	 -3.4872573E-03
533.5	  4.2623044E-03
584.5	 -2.7846214E-03
588.5	  3.0511401E-03
815.5	 -3.9772703E-03
816.5	  3.2394556E-03
1305.5	  4.3479854E-04
