-1678.5	  9.0986555E-03
-1677.5	 -1.4864546E-03
-1055.5	  5.3351740E-03
-1054.5	 -6.4541539E-03
-1031.5	  4.5194724E-03
-1030.5	 -4.4370107E-03
-916.5	  4.6239900E-03
-914.5	 -2.3453371E-03
-872.5	  2.4948630E-03
-869.5	 -1.7198565E-03
-782.5	  3.7422590E-03
-780.5	 -2.1331422E-03
-607.5	  2.4222506E-03
-603.5	 -1.1999689E-03
-308.5	  6.9757616E-03
-302.5	 -8.3359081E-04
-235.5	  2.5590882E-02
-233.5	 -2.4049627E-02
-205.5	  1.3200703E-02
-202.5	 -7.8180544E-03
-97.5	  4.6824659E-03
-90.5	 -2.3141319E-03
-84.5	  8.7784342E-03
-80.5	 -5.3646900E-03
-62.5	  3.8686037E-02
-56.5	 -4.0338859E-03
-6.5	  0.7204685    
-5.5	  0.7460328    
23.5	 -2.4125525E-03
26.5	  3.2432110E-03
29.5	 -2.9167659E-03
39.5	  7.4269831E-02
156.5	 -2.2799127E-02
159.5	  3.1665530E-02
320.5	 -3.6981694E-02
322.5	  2.1004966E-02
382.5	 -1.7318375E-03
386.5	  4.4187498E-03
531.5	 -5.8633774E-03
534.5	  4.8130509E-03
681.5	 -3.8800850E-03
683.5	  4.0687798E-03
691.5	 -9.4778172E-04
695.5	  2.6965358E-03
802.5	 -1.8134211E-03
805.5	  2.6428082E-03
1405.5	 -4.1595241E-03
1406.5	  3.2206422E-03
1529.5	 -1.3422036E-03
1531.5	  2.1045243E-03
