-1208.5	  1.5487226E-03
-1204.5	 -8.2732132E-04
-929.5	  3.1793120E-03
-927.5	 -1.6718489E-03
-794.5	  2.2905490E-03
-790.5	 -1.1267320E-03
-700.5	  8.0852825E-03
-699.5	 -7.6207840E-03
-519.5	  3.9330497E-03
-516.5	 -3.3694240E-03
-283.5	  3.8815048E-03
-279.5	 -1.1611913E-03
-251.5	  3.8362101E-03
-245.5	 -1.1938489E-03
-12.5	  0.3225895    
-11.5	  0.3225895    
64.5	 -5.1990908E-02
70.5	  0.1032844    
123.5	 -4.8493636E-03
126.5	  1.7846327E-02
127.5	  1.7846327E-02
138.5	 -2.9618358E-03
144.5	  9.0674981E-03
209.5	 -5.5276207E-03
210.5	  5.0993604E-03
214.5	 -2.4304595E-03
220.5	  5.5656787E-03
432.5	 -2.3203290E-03
436.5	  3.5027487E-03
480.5	 -2.4328746E-03
483.5	  3.9934968E-03
753.5	 -5.1678219E-03
755.5	  3.8413585E-03
935.5	  1.3807358E-03
1165.5	 -1.6267110E-03
1167.5	  2.3264980E-03
