-1240.5	  2.1862451E-03
-1238.5	 -1.7775864E-03
-711.5	  1.0212044E-02
-709.5	 -5.8180825E-03
-569.5	  4.1539106E-03
-567.5	 -2.7124085E-03
-529.5	  2.7131417E-03
-524.5	 -1.2423845E-03
-517.5	  3.2515316E-03
-515.5	 -5.9639947E-03
-291.5	  5.2047279E-03
-283.5	 -3.2266043E-03
-262.5	  1.4722320E-02
-260.5	 -6.1333431E-03
-189.5	  6.8816449E-03
-184.5	 -3.8617356E-03
-166.5	  1.7286930E-02
-161.5	 -2.9446990E-03
-84.5	  2.4826011E-02
-77.5	 -1.2075769E-03
1.5	   1.241024    
2.5	   1.131101    
82.5	 -4.1864566E-03
87.5	  2.6862979E-02
107.5	 -3.2422016E-03
113.5	  7.7141230E-03
153.5	 -1.2457155E-03
163.5	  7.9053137E-03
306.5	 -1.8336927E-03
312.5	  4.4698417E-03
427.5	 -1.3567814E-02
447.5	 -5.5561061E-03
449.5	  3.5779658E-03
463.5	 -3.7545084E-03
466.5	  4.4697127E-03
522.5	 -2.5141158E-03
526.5	  3.6219868E-03
671.5	 -3.1433941E-03
673.5	  5.5819708E-03
705.5	 -2.2154888E-03
708.5	  3.1475732E-03
814.5	 -3.7231522E-03
816.5	  4.1525578E-03
1029.5	 -2.2298449E-03
1030.5	  2.9176730E-03
1127.5	 -1.7580802E-03
1129.5	  2.5478790E-03
