-1060.5	 -1.7870460E-03
-906.5	  2.6539662E-03
-903.5	 -1.5868145E-03
-878.5	  3.9370833E-03
-875.5	 -1.7697823E-03
-846.5	  4.5985118E-03
-844.5	 -2.5786909E-03
-736.5	  2.9841706E-03
-733.5	 -1.6418544E-03
-682.5	  3.4098688E-03
-679.5	 -2.5618479E-03
-597.5	  3.6443421E-03
-594.5	 -3.2864069E-03
-454.5	  5.5602575E-03
-451.5	 -3.9394237E-03
-171.5	  5.1416107E-03
-165.5	 -2.6717458E-03
-14.5	  3.6018606E-02
-6.5	 -2.5782539E-03
4.5	  1.5629828E-02
12.5	 -5.3496608E-03
14.5	  1.1573106E-02
17.5	 -5.9115235E-03
26.5	  6.2761441E-02
69.5	 -4.0684119E-03
75.5	  1.6041311E-02
110.5	 -4.2314576E-03
118.5	  6.6286707E-03
131.5	 -5.5153095E-03
132.5	  3.8144547E-02
136.5	 -2.6655039E-03
143.5	  8.6983247E-03
169.5	 -3.6364666E-03
174.5	  1.2201507E-02
254.5	 -1.7436018E-02
255.5	  1.3018507E-02
261.5	 -3.0922263E-03
266.5	  4.1281199E-03
487.5	 -1.5514200E-03
491.5	  5.4909182E-03
625.5	 -9.5869554E-04
629.5	  2.7069696E-03
1023.5	 -1.2999584E-03
1026.5	  2.0716991E-03
1118.5	 -3.5967843E-03
1119.5	  4.7215535E-03
