-1219.5	  2.0678514E-03
-1216.5	 -1.1986211E-03
-1110.5	  2.0589556E-03
-1107.5	 -1.0792575E-03
-991.5	  6.9462936E-03
-990.5	 -4.7261682E-03
-898.5	  3.1816768E-03
-896.5	 -2.0847956E-03
-875.5	  1.8224347E-02
-632.5	  2.5964861E-03
-629.5	 -1.6723390E-03
-563.5	  4.3919445E-03
-560.5	 -3.4398085E-03
-444.5	  3.8871195E-03
-439.5	 -9.1780780E-04
-360.5	  4.4158502E-03
-355.5	 -3.8082451E-03
-241.5	  5.0854599E-03
-236.5	 -2.8040544E-03
-230.5	  6.6702059E-03
-226.5	 -2.9713542E-03
-163.5	  7.9318853E-03
-157.5	 -1.2250167E-03
-115.5	  1.7173987E-02
-107.5	 -9.8918320E-04
-44.5	  0.1566585    
-33.5	 -1.2764579E-02
-6.5	  0.2658645    
9.5	 -9.9019625E-04
23.5	  0.2057284    
77.5	 -2.8598718E-03
85.5	  3.4659140E-02
105.5	 -1.2529365E-03
111.5	  1.1881211E-02
167.5	 -5.6756530E-03
171.5	  1.5066521E-02
307.5	 -4.5920415E-03
310.5	  8.0276495E-03
562.5	 -2.7431608E-03
565.5	  4.1166833E-03
785.5	 -3.9732736E-03
786.5	  3.3310696E-02
1041.5	 -1.1008574E-03
1044.5	  2.2738155E-03
