-998.5	  2.5411337E-03
-996.5	 -2.4695229E-03
-831.5	 -6.2104771E-03
-535.5	  4.7001904E-03
-533.5	 -3.7452874E-03
-400.5	  5.2716471E-03
-397.5	 -3.9222930E-03
-285.5	  4.0356540E-03
-280.5	 -1.3110597E-03
-207.5	  5.6421333E-03
-202.5	 -3.5714658E-03
-180.5	  9.0978751E-03
-174.5	 -1.1433810E-03
-163.5	  5.7140742E-03
-157.5	 -4.4999812E-03
-94.5	  5.4375529E-02
-88.5	 -1.1714220E-02
-61.5	  4.5850039E-02
-52.5	 -3.1811935E-03
-39.5	  7.6205358E-02
-28.5	 -1.0447445E-03
1.5	  0.9303649    
2.5	  0.8979009    
58.5	 -1.4516483E-03
65.5	  2.0544793E-02
91.5	 -1.3845223E-03
97.5	  1.1319999E-02
221.5	 -1.2746600E-03
228.5	  4.5307153E-03
354.5	 -3.1915798E-03
358.5	  6.7140828E-03
372.5	 -3.4323428E-03
375.5	  5.0924178E-03
604.5	 -3.1674593E-03
606.5	  3.9561270E-03
612.5	 -6.6913725E-03
613.5	  4.7543463E-03
741.5	 -8.2400478E-03
742.5	  9.6436944E-03
1649.5	 -5.1742198E-04
