-1002.5	  2.0541579E-03
-999.5	 -1.2582788E-03
-710.5	  2.3412530E-03
-706.5	 -9.4742532E-04
-581.5	  2.0518373E-03
-577.5	 -8.3669461E-04
-358.5	  3.6995949E-03
-353.5	 -1.6889217E-03
-183.5	  5.2727931E-03
-177.5	 -1.5686766E-03
-147.5	  4.1712493E-02
-139.5	 -2.3215138E-03
-23.5	  0.3087883    
-8.5	 -2.1151705E-03
9.5	  0.3143476    
10.5	  0.3235132    
29.5	 -7.9025151E-03
30.5	  1.0952633E-02
36.5	 -9.9872134E-04
41.5	  2.7944795E-03
43.5	 -4.4506062E-03
50.5	  1.8891005E-02
170.5	 -2.7986707E-03
176.5	  5.6084003E-03
276.5	 -2.6957688E-03
281.5	  4.0038386E-03
586.5	 -3.1203742E-03
589.5	  4.1903746E-03
819.5	 -1.1496640E-02
820.5	  5.4507661E-03
1131.5	 -3.3034507E-02
