-1080.5	  3.0915120E-03
-1077.5	 -1.3643791E-03
-878.5	  4.5692232E-03
-876.5	 -1.6199199E-03
-549.5	  3.0226840E-03
-545.5	 -2.0452072E-03
-491.5	  4.2937440E-03
-488.5	 -3.1046083E-03
-364.5	  4.6051871E-03
-360.5	 -4.1785133E-03
-220.5	  5.5350005E-03
-215.5	 -1.1839258E-03
-172.5	  2.1226043E-02
-169.5	 -8.4553938E-03
-5.5	  0.7208750    
-4.5	  0.7229724    
27.5	 -1.5137751E-03
40.5	  0.1423788    
70.5	 -1.3712863E-03
78.5	  3.1302601E-02
151.5	 -1.1664962E-02
155.5	  2.9359691E-02
238.5	 -3.1968930E-03
244.5	  6.4376411E-03
384.5	 -2.3365365E-03
388.5	  3.6201559E-03
399.5	 -1.3971601E-03
404.5	  3.6802213E-03
580.5	 -3.3268735E-03
583.5	  3.8594096E-03
668.5	 -4.4726701E-03
670.5	  4.8337113E-03
930.5	 -1.3474411E-03
933.5	  2.6588484E-03
981.5	 -9.2631875E-04
986.5	  2.0420118E-03
1445.5	 -8.1790535E-04
1448.5	  1.1944773E-03
