-1361.5	  2.4546790E-03
-1357.5	 -1.3974733E-03
-945.5	  2.6798050E-03
-942.5	 -1.6426407E-03
-836.5	  2.1446438E-03
-832.5	 -1.2731687E-03
-709.5	  3.1417138E-03
-706.5	 -2.5057290E-03
-450.5	  3.3855713E-03
-446.5	 -2.2675949E-03
-353.5	  5.0459229E-03
-349.5	 -3.1755802E-03
-339.5	  1.0016262E-02
-334.5	 -2.9649059E-03
-302.5	  5.2689682E-03
-296.5	 -3.3231811E-03
-168.5	  6.7657088E-03
-162.5	 -3.2460894E-03
-149.5	  6.2004994E-03
-144.5	 -2.1258099E-03
-29.5	  2.1139063E-02
-21.5	 -3.1931920E-03
-15.5	  1.8397164E-02
-8.5	 -2.5731002E-03
2.5	  0.6234043    
26.5	 -3.2246455E-03
31.5	  1.1708912E-02
36.5	 -4.1114674E-03
41.5	  2.2867799E-03
46.5	 -1.3882054E-03
54.5	  3.7594322E-02
162.5	 -6.8450226E-03
165.5	  1.3700555E-02
175.5	 -3.7674760E-03
180.5	  6.3204877E-03
259.5	 -4.7123577E-03
260.5	  4.2991433E-03
261.5	  4.2991433E-03
265.5	 -2.0138491E-03
270.5	  6.1579240E-03
384.5	 -1.9543839E-03
388.5	  3.1033275E-03
465.5	 -5.1036715E-03
467.5	  6.6472352E-03
512.5	 -3.6765628E-03
515.5	  4.3559456E-03
745.5	 -6.2907957E-03
748.5	  3.3360054E-03
749.5	  3.3360054E-03
801.5	 -5.0061964E-03
802.5	  1.8863190E-02
1036.5	 -4.2470153E-03
1037.5	  3.7500537E-03
