-1276.5	  3.0490526E-03
-1275.5	 -6.0427599E-03
-830.5	  2.6762022E-03
-827.5	 -1.6153662E-03
-816.5	  2.5225761E-03
-813.5	 -1.6703791E-03
-545.5	  2.9933816E-03
-541.5	 -1.2560533E-03
-535.5	  2.1806257E-03
-533.5	 -2.2594107E-03
-412.5	  4.8456681E-03
-408.5	 -1.8642688E-03
-224.5	  4.6430589E-03
-219.5	 -1.3234522E-03
-153.5	  5.6280284E-03
-146.5	 -1.2806827E-03
-94.5	  5.4214675E-02
-84.5	 -1.5278109E-02
1.5	  0.3570942    
98.5	 -6.1372304E-03
103.5	  1.8273314E-02
116.5	 -2.3522559E-03
122.5	  7.8537399E-03
147.5	 -1.1873518E-03
152.5	  2.6934610E-03
158.5	 -4.5889136E-03
161.5	  1.6792804E-02
174.5	 -3.2304111E-03
180.5	  8.3014546E-03
254.5	 -2.2282426E-03
261.5	  7.1402355E-03
294.5	 -3.7408511E-03
297.5	  1.0203192E-02
321.5	 -3.1813916E-03
325.5	  5.0152410E-03
464.5	 -1.0221913E-03
469.5	  3.6642391E-03
503.5	 -1.5835323E-03
508.5	  3.2904104E-03
613.5	 -1.1337542E-03
617.5	  2.4377701E-03
666.5	 -2.4980239E-03
668.5	  3.2323021E-03
797.5	 -2.3841648E-03
799.5	  3.7784600E-03
839.5	 -1.1006339E-03
844.5	  1.8928611E-03
948.5	 -2.7912403E-03
949.5	  6.9598318E-03
953.5	 -4.8003448E-03
955.5	  3.8690986E-03
1100.5	 -1.9419943E-03
1102.5	  2.6305472E-03
1577.5	 -6.1063785E-03
1578.5	  3.1342949E-03
