-1932.5	  1.2530466E-03
-1929.5	 -6.8437809E-04
-894.5	  4.1410294E-03
-892.5	 -2.4144324E-03
-870.5	  3.7381318E-03
-868.5	 -4.1155531E-03
-839.5	  7.7696498E-03
-838.5	 -4.1674511E-03
-753.5	  3.4047293E-03
-751.5	 -2.3488796E-03
-651.5	  6.5380028E-03
-650.5	 -2.3105762E-03
-453.5	  4.7519919E-03
-450.5	 -3.3962897E-03
-224.5	  6.2794080E-03
-218.5	 -2.4203716E-03
-176.5	  6.1740279E-03
-170.5	 -1.1539257E-03
-163.5	  9.4107920E-03
-162.5	 -1.5963396E-02
-131.5	  1.7106457E-02
-125.5	 -2.2318314E-03
-97.5	  1.2109100E-02
-89.5	 -4.6370509E-03
-7.5	  0.8564363    
-6.5	  0.8504542    
27.5	 -3.4692019E-02
34.5	  8.4541634E-02
123.5	 -1.2634963E-03
128.5	  3.4923237E-03
131.5	 -6.6097355E-03
139.5	  2.0025643E-02
206.5	 -4.6766959E-03
209.5	  1.2666331E-02
227.5	 -3.5444729E-03
231.5	  5.6314808E-03
526.5	 -2.3564920E-03
530.5	  3.6831212E-03
633.5	 -2.2237399E-03
640.5	  2.9558965E-03
818.5	 -1.2964844E-03
821.5	  2.6722574E-03
1020.5	 -1.4765320E-03
1024.5	  1.9307375E-03
1119.5	 -2.1353064E-03
1121.5	  3.1905007E-03
