-872.5	  5.4276278E-03
-871.5	 -7.2347103E-03
-779.5	  4.8677092E-03
-774.5	 -1.6718149E-03
-763.5	  5.5290754E-03
-762.5	 -1.2691882E-02
-597.5	  4.0030489E-03
-594.5	 -2.8494962E-03
-414.5	  4.4782953E-03
-410.5	 -3.0475056E-03
-406.5	  1.8372443E-03
-401.5	 -9.9655101E-04
-260.5	  5.6940517E-03
-257.5	 -3.6528246E-03
-220.5	  6.9965906E-03
-213.5	 -1.0657985E-03
-195.5	  1.7410044E-02
-193.5	 -7.9592243E-03
-178.5	  1.0641289E-02
-173.5	 -2.9569950E-03
-59.5	  1.7138120E-02
-52.5	 -4.2666178E-03
-39.5	  4.4998627E-02
-29.5	 -1.0904742E-03
-2.5	  0.9023842    
-1.5	  0.9306976    
92.5	 -3.1954339E-03
97.5	  3.2125488E-02
114.5	 -3.0779797E-03
120.5	  1.3674220E-02
264.5	 -1.3644692E-03
274.5	  5.5381865E-03
369.5	 -1.0040347E-02
371.5	  9.0531539E-03
397.5	 -3.1073077E-03
401.5	  9.9446559E-03
484.5	 -3.5265263E-03
487.5	  4.3270253E-03
558.5	 -2.6470944E-03
562.5	  3.5330972E-03
637.5	 -2.2378724E-02
638.5	  6.3184598E-03
667.5	 -1.8414336E-03
671.5	  2.6830875E-03
1334.5	 -1.5512659E-03
1337.5	  1.6174341E-03
