-902.5	  6.1680707E-03
-901.5	 -1.1785727E-02
-651.5	  8.6972686E-03
-650.5	 -6.8312320E-03
-610.5	  4.4657178E-03
-608.5	 -4.0230146E-03
-503.5	  5.2670967E-03
-501.5	 -8.0409190E-03
-485.5	  2.7303079E-03
-479.5	 -7.8389584E-04
-140.5	  2.1980764E-02
-133.5	 -1.0885076E-02
-63.5	  1.7737582E-02
-55.5	 -2.6362096E-03
-42.5	  3.7957557E-02
-34.5	 -2.8206063E-03
-15.5	  0.2761178    
-2.5	 -9.8880928E-04
4.5	  6.1142724E-03
14.5	 -1.8480135E-03
26.5	  0.1993672    
27.5	  0.1993672    
136.5	 -1.0347667E-02
137.5	  9.6067470E-03
144.5	 -1.0498025E-03
152.5	  6.7730118E-03
261.5	 -1.2309450E-02
263.5	  2.3373658E-02
439.5	 -1.0397073E-03
443.5	  2.4729820E-03
474.5	 -3.2297997E-03
477.5	  4.5144986E-03
574.5	 -3.4614531E-03
577.5	  3.7044114E-03
781.5	 -4.3462575E-03
783.5	  5.6537380E-03
1216.5	 -3.2001301E-03
1217.5	  4.5355596E-03
