-742.5	  3.9747581E-03
-740.5	 -2.1885508E-03
-694.5	  4.6479441E-03
-692.5	 -3.1771148E-03
-393.5	  3.1977552E-03
-388.5	 -2.1094896E-03
-332.5	  4.9127438E-03
-327.5	 -1.2022963E-03
-295.5	  6.7757918E-03
-292.5	 -2.4896956E-03
-146.5	  1.0491870E-02
-140.5	 -1.2152701E-03
-48.5	  9.8017333E-03
-40.5	 -3.2770045E-03
-37.5	  7.8249024E-03
-34.5	 -4.9608797E-03
8.5	  0.5980362    
9.5	  0.6079631    
113.5	 -1.2028049E-03
118.5	  7.3624039E-03
119.5	  7.3624039E-03
124.5	 -2.5629008E-03
130.5	  6.4025754E-03
171.5	 -1.6818821E-03
177.5	  9.4213113E-03
282.5	 -1.9202549E-03
289.5	  4.7480417E-03
377.5	 -1.4525256E-03
381.5	  3.5328267E-03
529.5	 -3.2056903E-03
532.5	  4.5457687E-03
729.5	 -3.1413233E-03
731.5	  3.8841029E-03
859.5	 -1.4981492E-03
862.5	  2.7862466E-03
