-618.5	  3.8115142E-03
-615.5	 -2.0367014E-03
-556.5	  4.9940939E-03
-554.5	 -4.5779380E-03
-535.5	  4.2184661E-03
-531.5	 -1.7058024E-03
-498.5	  1.0260958E-02
-497.5	 -1.4925182E-02
-354.5	  4.6745837E-03
-348.5	 -2.3925682E-03
-178.5	  6.0194265E-03
-172.5	 -3.1270469E-03
-168.5	  6.5701148E-03
-165.5	 -4.6796985E-03
-65.5	  2.7578963E-02
-57.5	 -1.7314991E-03
-15.5	  0.1372723    
-6.5	 -3.2592756E-03
-2.5	  1.0593067E-02
-1.5	  1.0593067E-02
4.5	 -2.1085229E-03
11.5	  9.0696970E-03
18.5	 -4.2179842E-03
27.5	  0.1106041    
57.5	 -2.5821300E-03
64.5	  9.9735018E-03
102.5	 -1.5011813E-03
109.5	  2.6013246E-02
332.5	 -2.8769905E-03
337.5	  3.3927828E-03
407.5	 -3.2283207E-03
410.5	  4.7068987E-03
601.5	 -2.3729217E-03
607.5	  3.7492712E-03
684.5	 -3.1509923E-03
686.5	  5.4919785E-03
862.5	 -1.2448432E-03
865.5	  2.4816196E-03
1215.5	 -4.1480060E-04
1219.5	  1.0346038E-03
