-1117.5	  2.4420489E-03
-1115.5	 -3.2887631E-03
-846.5	  2.5241640E-03
-844.5	 -1.1722504E-03
-696.5	  2.6387973E-03
-692.5	 -9.1712881E-04
-599.5	  2.7827381E-03
-594.5	 -1.7830448E-03
-511.5	  3.5603305E-03
-508.5	 -1.3590356E-03
-252.5	  4.2095440E-03
-247.5	 -2.7172109E-03
-179.5	  1.4822466E-02
-174.5	 -5.5192779E-03
-171.5	  3.7479538E-03
-167.5	 -2.6565921E-03
-138.5	  1.5523443E-02
-134.5	 -7.4307765E-03
-117.5	  8.2636913E-03
-110.5	 -6.5286341E-03
-108.5	  5.9774853E-03
-105.5	 -2.3606790E-03
-0.5	  0.6571881    
0.5	  0.6520216    
108.5	 -1.3566812E-03
115.5	  1.0436660E-02
194.5	 -1.0729316E-03
200.5	  8.0383113E-03
424.5	 -1.0516592E-03
429.5	  4.0112562E-03
564.5	 -4.7996701E-03
565.5	  2.4856176E-02
584.5	 -1.5822967E-03
588.5	  2.6049404E-03
695.5	 -3.3918880E-03
697.5	  3.8817448E-03
727.5	 -1.2070781E-03
730.5	  2.7915095E-03
1132.5	 -1.1854246E-03
1134.5	  1.3335773E-03
1305.5	 -1.4633358E-03
1308.5	  1.8428609E-03
