-939.5	  5.7183262E-03
-938.5	 -1.1314292E-02
-588.5	  6.1796657E-03
-586.5	 -4.4870167E-03
-581.5	  2.4446563E-03
-578.5	 -1.5176957E-03
-390.5	  4.5892159E-03
-387.5	 -3.9359750E-03
-354.5	  6.0425811E-03
-351.5	 -5.1209312E-03
-241.5	  6.0994085E-03
-236.5	 -3.3099712E-03
-204.5	  7.9782009E-03
-198.5	 -2.3904596E-03
-175.5	 -0.1441612    
-174.5	 -0.3603096    
-3.5	  0.8498806    
-2.5	  0.8498806    
35.5	 -6.2014093E-03
45.5	  0.1003651    
96.5	 -2.0956554E-02
97.5	  9.5192948E-03
104.5	 -1.5524689E-03
112.5	  6.6178031E-03
144.5	 -4.8564640E-03
150.5	  1.4362859E-02
163.5	 -2.8578665E-03
168.5	  5.4414626E-03
317.5	 -2.9306670E-03
321.5	  4.7200914E-03
370.5	 -4.8864228E-03
372.5	  1.1601985E-02
408.5	 -3.4277011E-03
411.5	  5.7793399E-03
563.5	 -3.5496945E-03
567.5	  3.8047291E-03
673.5	 -1.4353748E-03
677.5	  2.1998035E-03
