-1711.5	  1.5189938E-03
-1709.5	 -1.5402491E-03
-802.5	  3.6996759E-03
-800.5	 -2.0200785E-03
-691.5	  2.5421050E-03
-688.5	 -1.4593797E-03
-381.5	  4.0847282E-03
-377.5	 -2.5804241E-03
-307.5	  5.5846898E-03
-304.5	 -3.5799253E-03
-303.5	 -3.5799253E-03
-271.5	  1.3970414E-02
-267.5	 -3.2601573E-03
-230.5	  6.2570553E-03
-226.5	 -3.6609902E-03
-203.5	  1.3491658E-02
-200.5	 -3.5264443E-03
-37.5	  3.0073944E-02
-30.5	 -4.2031896E-03
-23.5	  2.0749010E-02
-17.5	 -4.0395553E-03
-11.5	  3.4828496E-03
-6.5	 -1.7955549E-03
13.5	  0.4689047    
28.5	 -4.5823222E-03
35.5	  5.8033027E-02
48.5	 -3.2945720E-03
55.5	  1.3350406E-02
77.5	 -5.4944097E-03
82.5	  3.2450117E-02
103.5	 -4.0185940E-03
109.5	  1.1776248E-02
214.5	 -1.4862387E-02
215.5	  2.6724778E-02
227.5	 -3.5543274E-03
231.5	  5.4399306E-03
277.5	 -3.9213845E-03
281.5	  6.4534694E-03
456.5	 -4.1710539E-03
458.5	  5.1945886E-03
628.5	 -3.1919403E-03
631.5	  3.8995375E-03
695.5	 -1.1839040E-03
699.5	  2.2117668E-03
824.5	 -4.3942896E-04
829.5	  1.5131430E-03
1188.5	 -3.1146228E-03
1189.5	  5.1884195E-03
