 1.
 2.
 3.
 4.
 5.
 6.
 7.
 8.
 9.009171951811274
 10.078322484742744
 11.453073682449535
 14.07696084248394
 20.347332208416944
 34.155090693977186
 57.76055894695051
 86.23776485664959
 106.4853095890407
 106.94771820898336
 88.75064711715231
 64.16814049624503
 44.79556066921617
 34.379825785978085
 30.71436960126607
 30.47016159298346
 31.508256737208683
 32.92593145804136
 34.53075177638556
 36.15367501096779
 37.91248821016802
 39.717462154476834
 41.650772757554705
 43.70046510579641
 45.89241429875062
 48.26284638940774
 50.83371458714498
 53.66117164116247
 56.804373529852114
 60.325565458783444
 64.36166238630165
 68.97649058673971
 74.45601857764927
 80.95971526730682
 89.02190562692715
 99.02577220560215
 111.99809323341287
 129.18266669788989
 152.50690673693725
 184.9624747728394
 230.36450130522212
 293.94766704478116
 383.89068757209134
 511.5710374047885
 680.7687171626026
 849.9701747172007
 892.978659893186
 646.6384424658763
 85.03606381677218
 -561.6662404788012
 -958.9140172922753
 -963.5136543403314
 -707.5754217925814
 -412.3023777858348
 -202.51595002122053
 -87.31274469706545
 -30.843996031564643
 -1.688212705777346
 15.321180957357797
 26.668602836140508
 35.028556818119
 41.62551274058478
 46.911307472133444
 51.31166673811299
 55.073862225933
 58.32894434066907
 61.21065554564643
 63.77914917631267
 66.13802211240352
 68.29700887557783
 70.23187582975356
 72.06028575382209
 73.84849224801826
 75.42739117330905
 76.95217100791331
 78.48289903295313
 79.83841834571069
 81.20184308437968
 82.52784661758255
 83.74768588569646
 85.0331935141013
 86.18155918401453
 87.3638993652877
 88.52024470501954
 89.61557224145236
 90.77198730354462
 91.81572041364575
 92.96085542148307
 93.99108519354832
 95.09060099934868
 96.15841374166155
 97.22502238316542
 98.31062660545484
 99.36817533716572
 100.47419158427954
 101.53202350524793
 102.66184495283926
 103.72743329381848
 104.88542175200655
 105.97079389310989
 107.14588665359639
 108.2592915354873
 109.45699214240415
 110.60173461664084
 111.82686025053187
 113.00243732643173
 114.25975725954856
 115.47055694275218
 116.76542374305382
 118.01275179908549
 119.3527971926066
 120.6418492582531
 122.0356944215768
 123.38370987922087
 124.82512619870636
 126.25130289816985
 127.75707104223227
 129.27184773144882
 130.88016270008796
 132.50823514432778
 134.23781027537206
 136.01809117867646
 137.93064032616417
 139.9357399701339
 142.07808386291924
 144.40882872530324
 146.93888416391007
 149.7417656199617
 152.87752075884225
 156.4626511381107
 160.6302326628869
 165.60402207756545
 171.77257305070214
 180.06492330013782
 193.34146538605057
 221.6859872956602
 295.11168555925633
 473.8278699959037
 818.8927398400922
 1278.1085055830156
 1573.2716799462341
 1327.166834849816
 468.47299756115353
 -551.9658336545126
 -1135.6538817868159
 -1092.2686370170195
 -696.4018482754134
 -300.88444857774834
 -57.528875199211825
 55.122143995911756
 101.35579536500131
 123.53765596677567
 136.78821056081324
 147.05193753356002
 156.19575371712153
 164.71074384155327
 173.2399846349008
 182.17790878722258
 192.004209240848
 203.37160326134904
 217.11732144644748
 234.33563029617767
 256.3117398570171
 283.8977566308347
 315.93158168841273
 346.6079293977248
 363.4698345282027
 349.93742168934386
 294.7168006196275
 203.11888097437986
 100.23524335614547
 18.184366744392264
 -22.418185084874494
 -21.71812503314004
 5.4822757183528665
 42.18507282312203
 77.39634728431884
 107.45080199989752
 135.89857549535077
 176.80194866033526
 262.63127455343874
 439.85094351917724
 723.8730991261584
 1027.0907193305384
 1163.6682989935443
 1005.8720400658012
 644.6725408879656
 318.1178269916445
 159.1451348397859
 71.4380484174253
 -120.28171997298523
 -434.8988310509417
 -691.2537879232455
 -707.6510125986956
 -491.774543565238
 -205.16781300338562
 12.329668774398442
 127.63040642580461
 173.99559649176308
 190.00648489840546
 196.6088361692423
 200.38173535869817
 203.56811744625918
 206.57405368328148
 209.49791679489897
 212.21923281659292
 214.93377936452976
 217.6152687005267
 220.359825576317
 223.0470531457861
 225.80089398717791
 228.64154944845768
 231.64679276079414
 234.68123882428722
 237.8989068047041
 241.36467996992383
 244.9517721945906
 248.75725455767372
 252.79868641348958
 257.0495397786664
 261.3255460839383
 265.59014028337447
 269.5795693240043
 272.87442530265537
 274.89114353859304
 275.0584369916969
 272.6786015933212
 267.24604650428773
 258.70440078493357
 247.32779778978897
 234.30470841901592
 221.089068190769
 209.22369525367367
 199.9252625458414
 193.9538318790144
 191.2798003409979
 191.44376168187614
 193.7614917547853
 197.44769337338892
 202.02044458699436
 206.85561524057664
 211.6846931871056
 216.3185664880823
 220.68192269250574
 224.7232018348949
 228.45628305550406
 231.88407234165277
 235.0464572310741
 237.9528775407557
 240.6944104385741
 243.21583487939563
 245.5377763995918
 247.76555927734455
 249.87373942706733
 251.81158794298392
 253.75253851487594
 255.5078401309138
 257.26237864610715
 258.9195912671945
 260.5265811776445
 262.09734302522656
 263.5983442320601
 265.0928385629751
 266.52122553484213
 267.9346739114418
 269.34257862860244
 270.6591979271705
 272.0422401249748
 273.3205330180961
 274.64189983247815
 275.93244100890695
 277.17783704982094
 278.4759231231331
 279.70243117788107
 280.92620158344215
 282.1853589123309
 283.3994004983864
 284.60096585608966
 285.84167267637577
 287.0207803423959
 288.23261205583236
 289.4485571775583
 290.6300070416862
 291.8230455346719
 293.04837492119105
 294.21934894735426
 295.4177899929537
 296.6528522426176
 297.81380480374827
 299.0331219868967
 300.2706645179885
 301.4541002722358
 302.68974846289143
 303.9344412039618
 305.16056974651485
 306.4220715143903
 307.6773386172752
 308.9483485415753
 310.2525113009615
 311.55380714617854
 312.8750341649572
 314.232157761906
 315.610951081854
 316.9942810702383
 318.44237826781614
 319.91386763304126
 321.4099283142791
 322.97258208761053
 324.59071399332004
 326.24282289925935
 328.01269435684407
 329.81153351951843
 331.73897962078917
 333.7779050483405
 335.9148308309146
 338.25456055851583
 340.7130893934682
 343.4294117850113
 346.35804516671
 349.58817952472157
 353.17549895386855
 357.1066379771281
 361.5415049578521
 366.35778458000493
 371.7153591934198
 377.325714921614
 383.11049947668744
 388.4175748343814
 392.50778229888556
 394.2609525460459
 392.30017779981483
 385.7554407860398
 374.17542322086865
 358.51445896747805
 340.80554005152044
 323.76377017035566
 309.79092998767214
 300.42425913941406
 296.0348293372331
 295.9211820937247
 298.83880003545016
 303.6961712406155
 309.33692999871244
 315.140896955048
 320.7479120343555
 325.9631154507289
 330.7396425763437
 335.08781945353303
 339.0367025990354
 342.6569234811343
 345.9730073330255
 349.0498031217163
 352.00548518366304
 354.67753246509983
 357.2600468911023
 359.79535655137715
 362.1921851930314
 364.52605757950334
 366.90891385099485
 369.1708561834058
 371.491384347744
 373.83867393787887
 376.1710297073654
 378.63399226711624
 381.08378071004756
 383.7325167928143
 386.3996269353729
 389.2742606059701
 392.31898426278974
 395.5481077862145
 399.0831909530797
 402.82320804180017
 407.02319789379465
 411.4900505294304
 416.4628939719157
 421.9536160202466
 427.91682014360083
 434.53604674923406
 441.6552119276878
 449.30941146731936
 457.4459839167971
 465.7406731225419
 473.85597945341465
 481.1403743652386
 486.4347664289055
 487.96190142500336
 483.0560647740831
 469.1575325703352
 444.560817608648
 410.0622520604643
 370.1515053238777
 331.53559772853623
 301.323869518887
 283.9763958045842
 279.8886650028303
 286.2468140636322
 298.765688637887
 313.699827334427
 328.5015367729619
 341.8211358825731
 353.3054060828009
 362.9183210231005
 371.0820170332214
 377.88673868797764
 383.6826116980433
 388.6684852253878
 393.01626025855774
 396.84906439330473
 400.274447748283
 403.3627533752399
 406.19352234300936
 408.8469536588658
 411.23920179395463
 413.51564952944057
 415.7336627584351
 417.7464056165493
 419.7759970111155
 421.6697445216523
 423.53697663458405
 425.38846330799254
 427.15576002425695
 428.9665571524327
 430.698715697599
 432.48953909216726
 434.22685421799616
 436.03625003797214
 437.80889142103433
 439.6793857677156
 441.52855563334487
 443.589048744487
 446.3328043456386
 452.66209286700393
 473.22285694079517
 536.3969197647975
 688.9440444592126
 957.8820277179334
 1271.4272888593894
 1435.2021287343473
 1272.4598767052685
 825.6125044509163
 350.85750163384
 81.04487633687677
 49.471231256394276
 146.53670127341957
 264.1987818609455
 358.80268002860475
 430.1114685060843
 491.1851641215503
 552.1945392033272
 621.6894694985663
 707.3199602327772
 812.0309307640455
 917.02392750033
 952.1009564065807
 796.9892384538534
 378.03737495017776
 -188.88976218366042
 -612.1281383723217
 -664.9896091675255
 -391.5703337249379
 -23.649909490754908
 251.54923123726394
 393.3912886851416
 447.3464277643121
 463.5764813476148
 468.41084318919496
 470.17322173631817
 471.44292364541207
 472.69913935130484
 473.9070395714617
 475.0798082852455
 476.22279206510325
 477.34297091253086
 478.43125652694545
 479.5121786698942
 480.560897212857
 481.62210479345663
 482.6243931877326
 483.6891783482309
 484.6577924403466
 485.7132203731716
 486.6859047106753
 487.7200938452316
 488.6994902382333
 489.73465517398284
 490.73018183787786
 491.74228722936937
 492.78701631430977
 493.77072976771126
 494.8399566015946
 495.83591029180684
 496.90320736753046
 497.938454258766
 498.97923030333396
 500.0687855573916
 501.0862713471111
 502.1825567765004
 503.2512902037947
 504.30290859985445
 505.4190963236151
 506.46858223441114
 507.56304829485646
 508.6704114806491
 509.73684017439086
 510.84407782257483
 511.95830349041574
 513.0163844857799
 514.1387957563861
 515.2554282707838
 516.3199384402424
 517.4382317433658
 518.5742630673365
 519.6220800737856
 520.7507971285081
 521.8941692706851
 522.9310167460346
 524.067684601172
 525.2237772608565
 526.237357470792
 527.3840094841124
 528.5477061895492
 529.5565066460424
 530.7094088765339
 531.8694269549085
 532.8737971900732
 534.0329716249971
 535.1925755598007
 536.1972280514971
 537.3578434515127
 538.5161335288528
 539.526899585223
 540.6873296393279
 541.8408013157821
 542.861825635196
 544.0214440758234
 545.168396629185
 546.2031812818286
 547.3546868786907
 548.5066859621302
 549.5426794740279
 550.7108884173063
 551.8395317865272
 552.8984485288331
 554.0628931152181
 555.1753349838277
 556.2602419422192
 557.4145919577826
 558.5137870246963
 559.6156166837795
 560.7613431943705
 561.8635248277643
 562.975499431665
 564.0870172152206
 565.2114337713415
 566.308097303233
 567.4110464991896
 568.5401091019869
 569.6153940960262
 570.7231220339121
 571.8181928913573
 572.8939096715442
 573.9977828549839
 575.0530593275083
 576.1303433963143
 577.2140005703769
 578.2416114986353
 579.3110092067466
 580.3447256895249
 581.3641323856755
 582.4253376162392
 583.3954517980962
 584.4487350432279
 585.4186513199256
 586.4248340351348
 587.4129688899773
 588.3800021191548
 589.3784826847364
 590.3172661181773
 591.3192404146462
 592.2614257121742
 593.2427748438943
 594.19958989662
 595.1762574183216
 596.1523161457525
 597.1258887240172
 598.1295236075423
 599.1040464115131
 600.1336468007526
 601.1300106323138
 602.1817838393846
 603.2031416608569
 604.2816445532407
 605.3258861220386
 606.4324976704396
 607.4970455704827
 608.6287276391811
 609.7127080306567
 610.8479674880871
 611.9657432106359
 613.0773504719871
 614.2140160927236
 615.2934298132479
 616.4234494683365
 617.4532700708445
 618.5470735617652
 619.5070657180853
 620.5123182086901
 621.3964038236785
 622.2498262373609
 623.0608627205628
 623.7270903104634
 624.4192236177417
 624.929349199985
 625.4182982248683
 625.8412697542691
 626.1411860634684
 626.4872165210547
 626.7016358699999
 626.9252353553709
 627.2156403518755
 627.4362532906141
 627.7521992993798
 628.1578311873071
 628.5758745071394
 629.1513371462952
 629.8271253075601
 630.5625848709526
 631.493304852028
 632.4938561207074
 633.5856205574604
 634.8744580975084
 636.1887880529647
 637.6142057904939
 639.231582930857
 640.8292915402563
 642.5870186024248
 644.4738494874325
 646.401788902428
 648.5262734023564
 650.7514886717246
 653.1210617019244
 655.7866604510422
 658.5914103533546
 661.7865934621084
 665.3994485711686
 669.5349501497766
 674.6279911148761
 681.292542434386
 692.4836259841157
 717.9538081449639
 784.4255373513338
 940.0437825128583
 1221.4107956990256
 1566.1746395924877
 1750.208787911571
 1509.2236302184174
 824.1810905015282
 40.59841937389501
 -405.93757917793573
 -371.35865582507336
 -52.37705968023579
 278.6065350115508
 489.51406478919193
 588.0918887208554
 626.4738859501769
 641.6569571021158
 649.4838247933568
 654.5954919219901
 658.7854723990336
 662.3181186699517
 665.4408983156486
 668.1616147185896
 670.58837134501
 672.8996756345855
 674.9224405415514
 676.9250110084379
 678.7167940760037
 680.5049091356057
 682.1359866095737
 683.7955650037434
 685.3097275420835
 686.8664017781375
 688.3051374262382
 689.7787684017104
 691.1893437506762
 692.5710613522851
 693.9914800807808
 695.310114291929
 696.6861885738242
 698.0133923239487
 699.3376261734346
 700.6957214499632
 701.976704171673
 703.3145324201635
 704.6234507104003
 705.9268012265289
 707.266240792809
 708.5560124287223
 709.889310665775
 711.213164161381
 712.5291387727476
 713.8792604044097
 715.1954449788286
 716.5598834722089
 717.9155217374807
 719.2604828538942
 720.6540383994638
 722.0104023628253
 723.4029666788907
 724.8059925722971
 726.1892506304911
 727.6329815704793
 729.0256873951746
 730.4653255970596
 731.896548199144
 733.329644913307
 734.7936388448263
 736.2323720541267
 737.7232335712933
 739.1654736127786
 740.6936126196225
 742.1618680997589
 743.7457411558321
 745.2825510585349
 746.9581012417268
 748.615392439981
 750.4538266949551
 752.3352410612891
 754.4916858742164
 756.7535031707658
 759.3764513091462
 762.3339066664264
 765.741204518292
 769.8350280849438
 774.6017608809508
 780.4472206891315
 787.5912159949755
 796.2859897190214
 806.917530756473
 819.4847901148096
 833.2079085267744
 846.1047077126339
 854.1711377221955
 851.8154065308067
 833.7282710935151
 798.6813636573354
 751.6933652665887
 703.3609249322603
 665.1694258763807
 644.0589293487847
 640.2095838351675
 648.9663200940568
 663.9314259580607
 680.4229215019279
 695.7844019755877
 709.7706050572899
 726.035299195741
 758.2293454292601
 841.1910509661542
 1028.7434055109165
 1345.9035322869952
 1699.3231185383083
 1863.5754599621055
 1654.0201233792623
 1142.8926129429428
 624.6260787783431
 342.6333005884044
 314.3154514353
 412.1702418234945
 521.1782798089425
 597.5354972388554
 641.7145874050461
 666.3470784890324
 679.8875813820468
 688.1903702395421
 694.7375232503218
 701.4423056887058
 709.3771435070344
 718.6921579421801
 729.4476402797422
 741.1708309094929
 753.8123204902286
 767.3336315142301
 781.8434558018548
 798.0282800116365
 817.0735622516013
 841.3272811228371
 875.431250602509
 926.4711125794997
 997.6727979239536
 1069.3531053863967
 1076.8442079602914
 931.0469566589186
 613.4601243107195
 255.01844297654134
 59.87134623867405
 119.81053933336307
 342.0587036886209
 567.8846730317332
 711.2612505819603
 776.6030578011616
 799.3053438001298
 805.326836605495
 807.6153179010482
 809.5787613017992
 810.5131594775228
 810.8321174895304
 812.647371310397
 814.5872693273654
 814.6982264054845
 815.161420966703
 817.6365395301605
 819.3021518197149
 818.7662651806266
 819.4338371202897
 822.4534501231466
 823.9403963195491
 822.9060783666081
 823.5202826912143
 826.9565618496129
 828.7021711013616
 827.2748673062663
 827.3447719191809
 830.9933414444777
 833.5500142004029
 832.1224202375372
 831.1062259904234
 834.3853249593888
 838.170424855435
 837.5579544989066
 835.3151678002621
 837.1955270745741
 841.9383762772406
 843.2962915768607
 840.5821057826079
 840.0762968670062
 844.456029440594
 848.3333672442423
 846.9914123137253
 844.2126554814786
 846.2153924203598
 851.563996142207
 853.4003895822607
 850.3619102307799
 848.8789517248317
 852.9727507834302
 857.9286320519152
 857.6122184114314
 854.0696896118587
 854.3985004508104
 859.7549682157146
 863.5030517780474
 861.4663741010551
 858.3282804263965
 860.4791105963703
 866.2667974024154
 868.4368958815106
 865.2613384734534
 863.1600065458393
 866.8963464080898
 872.389356018671
 872.842574646446
 869.18282278146
 868.5717110450685
 873.5197790144351
 878.0277160737596
 876.802976022781
 873.393185025562
 874.6093081625581
 880.1672009502514
 883.0412414643823
 880.4563763852454
 878.1409388904194
 881.3059569941431
 886.5541588463101
 887.2450548088664
 884.0777919466803
 883.8165312761043
 888.6804314346997
 893.4622097830335
 897.5549612986733
 916.7285850723539
 981.6193939049408
 1120.2404198129886
 1322.0853732407186
 1502.14176577505
 1528.3915117986855
 1338.3413978037715
 1025.3273758674418
 764.5329407432755
 658.0225825960638
 680.2601278083139
 750.3275878312174
 814.9347690426735
 867.9746241570256
 930.2445648518824
 1035.8620750654031
 1228.7361372832052
 1520.047104062623
 1789.3813946094924
 1776.2972290853895
 1309.394960228331
 575.2074004994402
 16.46726046280537
 -91.61174105139571
 149.18664476700906
 468.0260840050769
 694.2435254266418
 808.3780909032462
 856.2753620095821
 878.3304470487619
 890.9391621006389
 899.0598180404377
 905.7666962614339
 911.8903340920085
 917.0761042953275
 921.7788244077337
 926.4387588748978
 930.9841438315709
 935.3535918379587
 940.0374639340898
 944.8980965314825
 950.157012799898
 955.8699348893124
 962.5901321519013
 970.359479711745
 979.6948990968026
 991.9500125240861
 1008.7148164208168
 1033.0475309895196
 1071.2154457581403
 1127.9070175218267
 1190.6218598307096
 1212.5355443649628
 1119.336096924273
 874.8954754661963
 564.1893978830635
 360.13613064958145
 367.7130157596141
 532.5982791551331
 723.6619741992117
 856.3403212622659
 920.7856426884721
 942.6487418748169
 948.6181394107068
 952.4326578668396
 954.3586584639027
 953.892870151233
 954.3472400573328
 957.2249081509437
 958.8590857114368
 958.0366570670642
 958.5821095571372
 961.7292696741042
 963.3312454481625
 962.2486626060912
 962.7281242930786
 966.0338350515254
 967.8071594494319
 966.5836743612723
 966.7991876614415
 970.1586283568954
 972.2478363014727
 971.0476407198923
 970.8622497926708
 974.1215614035559
 976.6387110159635
 975.5943658778035
 974.9861664285909
 977.9804644975882
 980.9091583161518
 980.1962722139864
 979.2147339474469
 981.8242839929571
 985.0462499235558
 984.7817744347536
 983.5449520337476
 985.7210896395734
 989.098883092777
 989.2713950022732
 987.9563228190796
 989.7426809328798
 993.1301661965457
 993.6286197461413
 992.3983700436277
 993.9129363894008
 997.1906569596304
 997.8681736810372
 996.8129488478725
 998.2576701521502
 1001.329918295054
 1002.0093253426578
 1001.1953839281927
 1002.7690201097191
 1005.5560660760943
 1006.0596389477872
 1005.6142148762949
 1007.4452718519165
 1009.8221298033812
 1010.0739963089187
 1010.1652493640672
 1012.2571641713182
 1014.0511835962168
 1014.1667221436371
 1014.974621303012
 1017.1040979263893
 1018.2131235132094
 1018.5885579942473
 1020.0693014851224
 1021.8123049281106
 1022.528474776368
 1023.53541986803
 1025.2573885542204
 1026.4430268235783
 1027.4126051884339
 1028.95805846834
 1030.4145272397616
 1031.5528387254456
 1033.0528184325458
 1034.6395622357452
 1036.0331450754152
 1037.6485702292102
 1039.3824988174442
 1041.090746452679
 1042.965780097484
 1045.0095675244274
 1047.1668632170267
 1049.5556773143867
 1052.2322998572615
 1055.253188130067
 1059.0275384142028
 1064.9892828940544
 1078.6960159225496
 1116.4746548327448
 1209.9388876152052
 1389.8277540904796
 1637.1703624222685
 1847.3312449947107
 1895.4338341399944
 1773.2011938976862
 1605.7513351885477
 1476.5431205478008
 1306.374044473342
 993.8932111961058
 616.9966800179091
 380.1977571127254
 387.3145308101498
 558.2393895833716
 751.5846419380614
 889.7756050482985
 969.1543832122265
 1011.9715888065934
 1036.5843780775094
 1050.4586906316008
 1056.1752540259458
 1054.470993848735
 1046.175771404599
 1032.952085731154
 1017.8926401063209
 1003.9986885808398
 994.1869999126116
 989.8972536368133
 990.9925149403427
 996.3511668993572
 1004.7759094284952
 1014.4672373847195
 1024.3994047342444
 1034.479662468345
 1043.963872958442
 1052.6268344825035
 1061.266328200529
 1069.744914532271
 1077.72848347845
 1086.2610372352237
 1095.8738633667056
 1106.0858128620484
 1118.6112502453295
 1135.4781419093056
 1159.1940050322326
 1194.9873094200939
 1247.4470640826764
 1304.1722810485603
 1320.0087944370262
 1226.7041750718222
 996.8955708789717
 714.8923168744186
 539.6546286774274
 560.446804412565
 721.7362205721315
 901.1890129509101
 1022.0369453616431
 1079.4075924440194
 1100.151212223393
 1106.8578054764412
 1109.6502492385828
 1111.3851415732424
 1113.248292867421
 1115.1725075153945
 1117.1942589828482
 1119.4362920909934
 1121.8528086144856
 1124.4855074753768
 1127.4653031306618
 1130.8530730137672
 1134.7103903152101
 1139.3278507474117
 1144.8554816023743
 1151.7467650772933
 1160.6050043685163
 1172.3029245882449
 1188.4235584368444
 1210.8049227231404
 1241.3176488471256
 1279.2389627526582
 1317.6155382844083
 1340.2328294750255
 1326.106266575544
 1262.9417237506714
 1161.952247116787
 1056.1195050393303
 980.8179203442207
 951.9250207822729
 961.6902288688827
 991.114683301973
 1023.9104288527133
 1051.9774213717315
 1073.5362990916724
 1089.5962222026192
 1101.7397440968723
 1111.198457935772
 1118.9113288876133
 1125.3641436374692
 1130.9885590618187
 1136.055517078869
 1140.7458162542944
 1145.2039562757143
 1149.5519042905885
 1153.8929613840642
 1158.3229914165536
 1162.9544939908055
 1167.9243987803125
 1173.1924221594152
 1179.0220288402882
 1185.5020062110762
 1192.7800803706095
 1200.8147425985935
 1209.5596899339062
 1218.6653605799108
 1227.2180047963905
 1233.6762004076018
 1235.5690344085301
 1230.2472740703413
 1215.7257593310403
 1191.9214747745514
 1161.5907842544361
 1129.8834988592685
 1102.601744180166
 1083.9330209303419
 1075.44784327742
 1075.7100458240182
 1082.010827517501
 1091.6143248095377
 1102.1593271219995
 1112.4121380116649
 1121.705665791398
 1129.8769191090025
 1136.889438270993
 1143.0552457429176
 1148.3394755229265
 1152.973987340012
 1157.0572739232307
 1160.7061994383855
 1164.0260591295846
 1167.0261724776688
 1169.749287788592
 1172.293568302358
 1174.7489871874268
 1176.9601636378493
 1179.3899217725138
 1183.4421821520966
 1195.7351736829605
 1240.893326982025
 1378.4441407843638
 1695.8408527414736
 2214.893710521116
 2738.4157622757593
 2855.2883322688826
 2285.1313650198363
 1255.3725593524687
 366.97871246270915
 36.212397279010474
 198.12985126760668
 535.1710357076513
 815.1102523806157
 981.8657928080056
 1068.5616189521647
 1116.1538863755
 1146.0541327388282
 1167.8042685787334
 1186.0455336356883
 1202.723447226051
 1219.4172208203968
 1237.7936362438406
 1260.430857435697
 1291.7462134904677
 1338.0108492881327
 1401.6734851613182
 1463.8574484544056
 1465.1805525683403
 1328.806143365527
 1044.4049044180106
 733.4271328421542
 574.1226010441906
 637.3587312434522
 835.0419968876187
 1029.7685216209272
 1151.4069511681741
 1205.9433523470097
 1225.0105498921555
 1231.0541737579238
 1233.787612379868
 1235.6190502456398
 1237.4178814521845
 1239.2528536758023
 1241.0802308296625
 1242.9322575012075
 1244.7680144348587
 1246.6272172462332
 1248.4426076942375
 1250.2486458756166
 1251.9889446150241
 1253.6917393270494
 1255.2373385997907
 1256.7133037279148
 1257.9543482792164
 1259.082299950483
 1259.883567062936
 1260.5091094444788
 1260.857452535654
 1260.9434442920988
 1260.917667183347
 1260.6442149667878
 1260.3980252516444
 1260.7100769509254
 1263.7095409201536
 1279.258275285868
 1338.3303731664605
 1507.980982622574
 1871.9956337009985
 2430.1686499928605
 2976.1632395011393
 3155.8128852080126
 2781.184479743929
 2068.5370553375997
 1435.2367073750447
 1069.3454745943563
 826.2116504898859
 543.4936641292161
 294.5614094678367
 240.0531903293686
 346.21773745003975
 418.4627807298957
 381.5102709454577
 368.06679083787503
 507.89639999916085
 764.0408986738875
 1008.1281812529154
 1162.4755375292193
 1233.0527810715187
 1258.3015313944038
 1266.2640705399513
 1269.642360308259
 1271.645715755206
 1273.4290009288447
 1275.1729788143346
 1276.857455264059
 1278.3268735859933
 1279.9327068608745
 1281.431298897136
 1282.709569116037
 1284.1616695090656
 1285.6626105254334
 1286.7624162954178
 1288.0298373672144
 1289.6355571512684
 1290.676687569713
 1291.6309495159844
 1293.3300538690646
 1294.5730382657673
 1295.1742379577456
 1296.6622923872558
 1298.3573166055903
 1298.9020530493817
 1299.7762962195518
 1301.738982931539
 1302.8545911680276
 1303.1038769660877
 1304.6131888801413
 1306.5634916539377
 1306.9732688538732
 1307.4738960094926
 1309.535859930994
 1311.0009941278659
 1311.0150928332882
 1312.08554112249
 1314.3312421398148
 1315.1348465191716
 1315.163979326385
 1316.8762903469799
 1318.8709887353887
 1319.118209421705
 1319.5671108655633
 1321.6962372263815
 1323.1280009808263
 1323.1370336602788
 1324.2236225911188
 1326.3938126665707
 1327.1611341815228
 1327.3687685843315
 1329.0674188231078
 1330.8177342732072
 1331.1502292026107
 1331.9380315228973
 1333.89093428333
 1334.966248774834
 1335.351677274553
 1336.8034662967937
 1338.4508836370212
 1339.0461302424087
 1339.984529964747
 1341.6718018762704
 1342.7096075044838
 1343.4463898016652
 1344.9192372040175
 1346.2493715995422
 1347.0594897390476
 1348.321713538244
 1349.7428684235454
 1350.7110154272661
 1351.9029874423911
 1353.2891275858126
 1354.404435180652
 1355.604976462853
 1356.9623750422222
 1358.1818120954688
 1359.422455098057
 1360.7853303859029
 1362.0850545532605
 1363.39196970883
 1364.7804287632732
 1366.1637601312646
 1367.5379014026787
 1368.989749110628
 1370.449051868937
 1371.9111010213471
 1373.4491644437908
 1374.9947358471754
 1376.5609770675003
 1378.2013865259592
 1379.8334956767426
 1381.5210742400395
 1383.2577989784365
 1384.9927787812278
 1386.7899245674378
 1388.5706894896048
 1390.400916702351
 1392.1932145475803
 1393.9955896203383
 1395.7489564523614
 1397.428025170624
 1399.0136048782101
 1400.4511350376724
 1401.6962383061955
 1402.7423224243885
 1403.463120024212
 1403.925497532618
 1403.9535514870418
 1403.7016000036406
 1403.0116778117085
 1401.9727431686238
 1400.7330923053087
 1399.1771816823812
 1397.4974024888481
 1395.8023490790438
 1394.2111120797376
 1392.683062906322
 1391.4220777663672
 1390.4391147625665
 1389.7717966996388
 1389.5193436550114
 1389.4708744233606
 1389.787963183162
 1390.393494893557
 1391.2665615242413
 1392.3682975894467
 1393.6726016475434
 1395.2034232522708
 1396.7835557140625
 1398.532367685153
 1400.389747966455
 1402.3551233381477
 1404.4470400559385
 1406.623007212202
 1408.8419813831001
 1411.2080075048411
 1413.7004058963225
 1416.3830262939896
 1419.1504262197934
 1422.1725957642602
 1425.4980304962276
 1429.2065421349598
 1433.3163148147328
 1438.1022203446037
 1443.852175794927
 1450.7901980624601
 1459.7141357249975
 1471.8524639624393
 1489.504152389246
 1517.324607937836
 1563.3409407112747
 1636.2907730539455
 1733.476921195423
 1821.1988362355232
 1830.177131911983
 1698.873836751347
 1444.568936638239
 1178.3097711670575
 1021.9986033072742
 1013.4977076769187
 1099.6871123874341
 1205.4623519854665
 1288.166644975253
 1340.905919527198
 1372.3657058268764
 1391.7875851213241
 1404.701670897781
 1413.9891821110823
 1421.1799019784298
 1426.9588523446541
 1431.799931323089
 1435.986830303679
 1439.7020237367847
 1443.139205113318
 1446.2295906564418
 1449.172241415781
 1452.1045244765246
 1454.85018909481
 1457.643165619239
 1460.498268829165
 1463.3647174532152
 1466.459047462019
 1469.666199518263
 1473.2416426535892
 1477.1487724633243
 1481.6268274873705
 1486.876852435838
 1493.1689111190121
 1501.1374680218864
 1511.534774143116
 1526.2022383816795
 1548.0472095529349
 1582.600168355755
 1636.5223704927175
 1711.5980447918353
 1791.073397297455
 1829.0356794070897
 1768.7462318057792
 1593.0355361195898
 1361.134608873644
 1176.3205840915007
 1105.9461775195784
 1139.9451291710307
 1221.7779254480622
 1301.963552148437
 1360.2173434008837
 1397.4552719171415
 1420.768665648598
 1436.0187284977308
 1446.6871179056202
 1454.5291985294584
 1460.7738917716824
 1465.8017154704314
 1469.9910096531826
 1473.5320548795323
 1476.6333494218784
 1479.4760003413635
 1481.9045566901027
 1484.212019031269
 1486.3252693974405
 1488.2398550373268
 1490.101520202133
 1491.9057624752304
 1493.4218167095664
 1495.0885536474934
 1496.728920834364
 1498.0018020634075
 1499.4035317415512
 1501.1242787404904
 1502.2839161968143
 1503.2709855518144
 1505.0810920798049
 1506.5022722339927
 1507.0245337266606
 1508.4557336692342
 1510.5016664291982
 1511.1487235121504
 1511.575748271799
 1513.6767111922566
 1515.4777788764438
 1515.4227783492522
 1516.1787066983497
 1518.770361894101
 1520.1005978600988
 1519.63685769055
 1520.7795372815972
 1523.6568553982295
 1524.575927993078
 1523.868163276398
 1525.330579937474
 1528.3518398957049
 1529.0120556828936
 1528.161698927463
 1529.8117700596124
 1532.9172927503719
 1533.4467986364125
 1532.5289476653304
 1534.2534809811757
 1537.3814320452766
 1537.881581824971
 1536.9703838890455
 1538.7609403926099
 1542.1320256749536
 1544.295803963658
 1551.4222651790099
 1581.4013162321821
 1659.3316738427347
 1805.4803429217818
 1998.0815174043573
 2138.2492426984654
 2100.8995058698556
 1865.8359903522273
 1564.9245857089427
 1358.9743944202623
 1299.6370796658584
 1334.1658343031384
 1394.4595114206886
 1445.2556900327563
 1478.2879459336175
 1498.60065227759
 1513.3009003648863
 1524.9249812708565
 1533.1922647651159
 1539.9490887295349
 1546.5305046035096
 1552.1651156720532
 1556.8803202694444
 1561.720789342611
 1566.517309345717
 1570.933468722864
 1575.5015372739924
 1580.479494251024
 1585.5083832816792
 1591.1851443118128
 1597.5926297349345
 1605.1301249651867
 1614.3206906584978
 1626.396163512713
 1643.1727108067548
 1668.714619795353
 1708.027118471575
 1761.0499656036072
 1806.1715638771966
 1788.5401897309998
 1648.623971582817
 1397.955086889801
 1154.646296523241
 1058.0881310322593
 1139.3567001754377
 1308.311352059364
 1457.847037450256
 1544.7115776871685
 1581.5476409993312
 1593.7623694670212
 1597.7348277853948
 1599.5134606696306
 1600.8460883215855
 1602.148127020434
 1603.478734558445
 1604.8037476477898
 1606.1279106887869
 1607.4787060349377
 1608.8358743115314
 1610.2067062593549
 1611.62641655682
 1613.047205678974
 1614.553049412654
 1616.0456908933172
 1617.6803814983666
 1619.303016660485
 1621.1079259627716
 1622.9237696376167
 1624.935325135015
 1627.059239276008
 1629.339789719353
 1631.9018054871362
 1634.5838496468002
 1637.5949471630431
 1640.903459595641
 1644.486122072096
 1648.4677704904193
 1652.8555655781126
 1657.5187146665435
 1662.4979411616935
 1667.7172336877593
 1672.7545971783904
 1677.3719889032461
 1681.030783510429
 1683.1569680413854
 1683.1748175844384
 1680.7738558725196
 1675.7779022079926
 1668.8766231695508
 1660.9741346123596
 1653.252650540497
 1647.0348661231908
 1642.9158163218804
 1641.0894341946798
 1640.9989201180056
 1641.5739845278422
 1641.2321371329751
 1638.2962659335747
 1631.6545459645931
 1620.7713689170098
 1606.6653535364258
 1591.2310739556917
 1577.2128079661306
 1566.9113287230105
 1561.7688881142753
 1561.8128637593143
 1566.135836911965
 1573.2801160456609
 1581.7970249177756
 1590.687195616084
 1599.1330064841554
 1606.8978925006322
 1613.8406560630062
 1619.9353856892421
 1625.2970920355156
 1630.016014093766
 1634.196584237714
 1637.9153559484967
 1641.2563837614184
 1644.3243094692548
 1647.0826598780204
 1649.6053436849086
 1652.0010292308755
 1654.207127881059
 1656.2632262334705
 1658.2697120410344
 1660.1043362970292
 1661.934334199786
 1663.6221223253829
 1665.32273816679
 1666.900596331231
 1668.50747338165
 1670.001106213766
 1671.5351156696966
 1672.9981306527577
 1674.430550270558
 1675.9133758583323
 1677.2802690185822
 1678.7123256505965
 1680.1016275936786
 1681.4775609707576
 1682.9030936924798
 1684.2532082086268
 1685.6526620096224
 1687.0501197228682
 1688.4338197760007
 1689.8670124000869
 1691.2693434109121
 1692.715003747572
 1694.1817933912419
 1695.6567346833758
 1697.1746331927882
 1698.7119022043323
 1700.2926697868165
 1701.9348639268899
 1703.5969210248381
 1705.3446885720691
 1707.1596306590945
 1709.025231493363
 1711.0451142398274
 1713.104007612462
 1715.33320298397
 1717.697100732523
 1720.20259626818
 1722.9458369675133
 1725.8341181062826
 1729.037885047257
 1732.4349598740291
 1736.152556911806
 1740.0769221710343
 1744.2287584650337
 1748.4327824055158
 1752.4840099200383
 1756.0262072702199
 1758.5851617649291
 1759.506590599804
 1758.2911308455145
 1754.3711458426424
 1747.8534708050179
 1739.086492012678
 1729.057398758198
 1719.0823608846727
 1710.4758462131886
 1703.9482187299109
 1700.1043855438284
 1698.8601724866517
 1700.193859598358
 1705.1424374018247
 1720.3873109013155
 1767.021083705849
 1887.7279108583584
 2125.2944220666204
 2452.0002217762935
 2709.1968822459185
 2686.725778183527
 2332.224772124279
 1843.2447153924713
 1490.243914931697
 1384.8770392115011
 1458.1221129824035
 1597.685508200549
 1743.774282877238
 1877.3817053603311
 1962.0978672600131
 1918.5178969641865
 1684.1275865119733
 1325.7888680397018
 1046.581294918651
 1022.2876870124182
 1244.814586307084
 1568.0301328666112
 1866.4061210931072
 2096.026982390672
 2230.5669785100877
 2210.7582365492785
 1997.2857013426137
 1658.0839379851755
 1357.4109504892517
 1226.8751410021478
 1270.0798085772674
 1397.707385525317
 1523.1950625191837
 1611.0120926107443
 1663.544657421268
 1694.170949047545
 1713.1605645333839
 1725.9198792583754
 1735.3065400213761
 1742.5479828478524
 1748.4014707271685
 1753.3858044899835
 1757.6998132798722
 1761.4021496703422
 1764.7860351027252
 1767.8954571519603
 1770.8267502111437
 1773.6072824555172
 1776.2432199201915
 1778.8554603478221
 1781.458791200209
 1784.0100990054545
 1786.691439230871
 1789.381010467771
 1792.2368412728065
 1795.2942853653515
 1798.5426627648085
 1802.2255611108408
 1806.289518950215
 1811.2997876461154
 1818.3636710486473
 1832.4986024395507
 1869.755607536535
 1966.1233689821179
 2171.3452841552144
 2496.8171048672402
 2839.8765933646628
 2982.4814226045655
 2732.5547032648838
 2099.876176239508
 1328.7961520209337
 755.0267232357619
 593.0906669950259
 805.8007411436524
 1172.233289582489
 1483.668754449513
 1664.7385802973881
 1744.469006860442
 1773.488727349978
 1784.4662677602948
 1790.1571187906443
 1794.0451355195719
 1797.2691107230187
 1800.1145052093912
 1802.653717819379
 1804.9458822853635
 1806.9781057269322
 1808.9266263633888
 1810.6786391898997
 1812.3457424721619
 1813.9308615662455
 1815.4173777037454
 1816.8550665863936
 1818.2224210505326
 1819.5613529025507
 1820.8417808506365
 1822.095471368975
 1823.324846571298
 1824.4988232637847
 1825.7203919471679
 1826.8225518788356
 1828.0142291569582
 1829.107944010691
 1830.2308499004703
 1831.3558112483438
 1832.4132376004104
 1833.5584056661028
 1834.6144536988745
 1835.6923298906831
 1836.8101302320297
 1837.855744007226
 1838.934166112735
 1840.0460002581458
 1841.0805202221986
 1842.16726173066
 1843.295756436201
 1844.308544780781
 1845.3793362015867
 1846.5624110671413
 1847.547999617616
 1848.5955703428951
 1849.8400478997607
 1850.8119036461208
 1851.819151214796
 1853.1251158225086
 1854.1071050921287
 1855.0399784804304
 1856.4010552694442
 1857.4536722864987
 1858.2766045430124
 1859.6438149529677
 1860.8434818530427
 1861.568688004502
 1862.8489741358326
 1864.2298476251467
 1864.9645707178893
 1866.0211801759062
 1867.5707731098407
 1868.460528274431
 1869.2596270961703
 1870.8134023962853
 1871.9980253812273
 1872.640576761888
 1874.0149845389906
 1875.485553629714
 1876.1790929933209
 1877.2771616613582
 1878.8809622206227
 1879.8182861495718
 1880.685637025443
 1882.24313825079
 1883.4844240321581
 1884.2824115937349
 1885.8707087940247
 1888.3875347783433
 1894.7698461583714
 1917.492079821954
 1982.4655190896317
 2121.941826040632
 2335.4163310257554
 2536.0258476941463
 2573.938095836137
 2372.009016398484
 2028.63531947942
 1736.8245805152715
 1610.4598927324905
 1623.9912430648874
 1692.5668600562049
 1757.922030600245
 1803.7894029935733
 1833.8419130586037
 1855.0740622031758
 1871.355031938581
 1885.2536668532919
 1898.062909854339
 1910.953354300809
 1924.9539784312283
 1941.6284685988498
 1963.9995372658484
 1996.5969088244497
 2044.990261419407
 2105.1303749106746
 2144.677686386252
 2097.208025379777
 1908.953129729673
 1622.578625709109
 1386.705278804768
 1334.565643364554
 1461.2324260593177
 1650.8248556461472
 1799.2199909939638
 1878.3152243047361
 1909.4658768212373
 1919.2437351578346
 1922.6820224766016
 1924.1987914488157
 1925.4370724899277
 1926.7537587545694
 1927.987275442156
 1929.1970104661314
 1930.5036030811789
 1931.7219235008463
 1932.900979930372
 1934.2218090040064
 1935.4354916376187
 1936.6119108918529
 1937.9374637731453
 1939.1532846303699
 1940.3470632085443
 1941.688907398021
 1942.9281651318609
 1944.160160105515
 1945.515203586078
 1946.7877161141223
 1948.0859626611034
 1949.4674416636758
 1950.8021260822138
 1952.1760234597782
 1953.616024014966
 1955.0584773600997
 1956.5311696678582
 1958.066229994812
 1959.6631577630033
 1961.2833683991817
 1963.0044756991044
 1964.8007503915853
 1966.6717569286516
 1968.7093967795595
 1970.8223180624855
 1973.1438275145915
 1975.6865821736642
 1978.4182089841765
 1981.5259275869487
 1984.9931683860414
 1989.0076540295015
 1993.7044089625947
 1999.2665209115032
 2006.1487571098637
 2014.7425320751404
 2026.0414746736205
 2041.2680516498726
 2062.7925404653965
 2093.664460933647
 2137.4796302707377
 2194.201818907147
 2254.3605686005358
 2293.0224512418918
 2275.7396828871742
 2181.5037992097787
 2027.1514617719436
 1866.0205363156742
 1754.5115710027853
 1716.2129068391566
 1736.5647627471578
 1784.1012606756835
 1834.0033706659444
 1874.9594909882426
 1905.55927512379
 1928.390102517516
 1947.8199297352005
 1972.9550351407668
 2025.1056382008153
 2141.617755153089
 2352.014856806847
 2618.14577032993
 2799.2278839842775
 2740.433441087489
 2437.808726364257
 2072.7455248753586
 1846.2490946539547
 1819.026112692438
 1927.991214257052
 2093.029841814109
 2257.6554973931316
 2346.1951427498043
 2242.3279345707997
 1879.323757956574
 1378.3714691785904
 1019.6833545791619
 1001.1706098466711
 1263.6753303554417
 1591.693850614905
 1826.8058077625547
 1944.02357172692
 1987.7234817489375
 2001.0432559299802
 2005.6454982683722
 2007.6683004978631
 2009.4429839627574
 2011.1458633264956
 2012.7318717249882
 2014.3851690718298
 2015.870401969972
 2017.4033174723588
 2018.8708186891909
 2020.3064205611522
 2021.7519983781085
 2023.1180816166525
 2024.5347246409706
 2025.8557411943686
 2027.235328160649
 2028.5229016561866
 2029.8718187270567
 2031.1403157694228
 2032.444960683415
 2033.700565164142
 2034.9671599722674
 2036.2123232512993
 2037.4394406654465
 2038.6790884366897
 2039.8691693905946
 2041.0969904920744
 2042.2480970111785
 2043.4599769362806
 2044.5941411096394
 2045.7621567104402
 2046.8911025656002
 2048.0056353333225
 2049.1393230005324
 2050.1983273279507
 2051.302809819779
 2052.3315286565785
 2053.4052672097914
 2054.4080483721054
 2055.423377126872
 2056.419938264187
 2057.366304468068
 2058.3518856811324
 2059.2466898181906
 2060.190973822579
 2061.0675097618214
 2061.957325432868
 2062.83191982458
 2063.6639758230417
 2064.538811720928
 2065.337150624675
 2066.191560064275
 2066.994247378321
 2067.8233578098893
 2068.6502236246783
 2069.458131491863
 2070.3159479676183
 2071.1237165187804
 2071.999142725945
 2072.839091901387
 2073.726019522099
 2074.6154893834464
 2075.506076863271
 2076.455522339151
 2077.3579224968285
 2078.3454643598407
 2079.2886185904576
 2080.289046332575
 2081.3002170802324
 2082.2875172047643
 2083.3657774823932
 2084.3688665245545
 2085.4454636880228
 2086.514491903088
 2087.574442762194
 2088.7006438668536
 2089.7674077666775
 2090.875468569871
 2092.01162631253
 2093.101033202422
 2094.245205557724
 2095.3803877082937
 2096.48975616967
 2097.6672127894453
 2098.7968427924557
 2099.9326700057554
 2101.109836267918
 2102.2598345984125
 2103.414825866078
 2104.6034110087303
 2105.7542300393807
 2106.9325368474074
 2108.133664711607
 2109.2951867678253
 2110.4840850734186
 2111.7132259458203
 2112.8851770816623
 2114.098172592002
 2115.344443376116
 2116.5423649568475
 2117.7849379117356
 2119.0483726613747
 2120.2929506872997
 2121.564573722735
 2122.855735323789
 2124.164266287127
 2125.4678433076574
 2126.821250194402
 2128.179837473179
 2129.5547584737096
 2130.9878619591295
 2132.41595572588
 2133.8949841326967
 2135.4241419341934
 2136.9660332383755
 2138.5835407321865
 2140.252128506268
 2141.960723120337
 2143.77791891539
 2145.6253228223427
 2147.604543298341
 2149.6728871830824
 2151.827264639617
 2154.1570998411617
 2156.569318216024
 2159.195823817115
 2161.9371886620256
 2164.882658973132
 2167.988205297621
 2171.2507634674985
 2174.637889061648
 2178.0590745607306
 2181.391653800257
 2184.458950225553
 2186.9276930231135
 2188.5554781919586
 2188.7924710083676
 2187.452672062318
 2184.1287043402936
 2178.8529418406724
 2171.980840800567
 2163.975258676617
 2155.682549185128
 2147.972627281357
 2141.5638224200075
 2136.8850316622547
 2134.084164788883
 2133.046072207707
 2133.474842893141
 2135.001551222418
 2137.291074157437
 2140.038433083535
 2143.015839935094
 2146.092284974782
 2149.1833997690574
 2152.0914940391804
 2154.9412123058783
 2157.657364074953
 2160.25468414845
 2162.711990697865
 2165.133916197087
 2167.355576263566
 2169.65043436646
 2172.6016456326097
 2179.2374162954466
 2199.932614857037
 2260.137258745427
 2396.3295526301167
 2618.5117003288583
 2851.512413424937
 2939.0142543329694
 2772.8731965019183
 2425.0034519278515
 2097.104488714269
 1935.1812860866553
 1934.4008447486099
 2008.9549693814852
 2090.43755716372
 2157.3639637139304
 2215.6406872200823
 2279.3375960574976
 2359.2589070692597
 2455.179076977732
 2540.212420303743
 2557.4870154393975
 2454.4467340256306
 2240.0745050477253
 2003.9394416719465
 1854.6358799159975
 1836.326813496497
 1913.4363851742173
 2021.0726903239547
 2116.911545375674
 2190.898269565396
 2250.2517148825423
 2306.1863556562907
 2368.091350415297
 2443.7426008335647
 2538.7289097378402
 2651.6593404015953
 2755.5015162162535
 2771.3200481814256
 2576.229650437537
 2107.086328552966
 1501.5363822447307
 1068.707220635722
 1032.9692766792255
 1332.739178789273
 1720.83456104355
 2005.9466322471399
 2151.0757385492784
 2205.9916640777296
 2222.362484955885
 2227.5503245220925
 2229.4250209956035
 2230.996542982526
 2232.403490667009
 2233.844160923594
 2235.162839859726
 2236.4766865467614
 2237.683078208383
 2238.864879099429
 2239.9663034167024
 2241.00712251807
 2241.9771634330596
 2242.8778317395695
 2243.711508326837
 2244.473117972972
 2245.1749674484045
 2245.8021295184703
 2246.405046356448
 2246.9253917817505
 2247.4464497351305
 2247.9007768411943
 2248.3998683174286
 2248.8302631801257
 2249.3540888986263
 2249.811483913154
 2250.4018598628795
 2250.9277640106366
 2251.6149655017234
 2252.240043119399
 2253.0379911777814
 2253.778386026371
 2254.6735476722147
 2255.5324943681594
 2256.511567726126
 2257.4851436860504
 2258.539537602437
 2259.586686597159
 2260.7096220846634
 2261.810256560942
 2262.9832909142824
 2264.1201671887866
 2265.3275607685105
 2266.490372409784
 2267.7290793701495
 2268.8961909787017
 2270.1337074727508
 2271.315384407183
 2272.5615999240617
 2273.7470505636866
 2274.9743906847248
 2276.1864280371165
 2277.37501464016
 2278.61639636175
 2279.7766618689893
 2281.012089735632
 2282.18759311565
 2283.3811723398712
 2284.605657736099
 2285.7504846664556
 2286.9612258584393
 2288.1335804216124
 2289.30328198973
 2290.517904822694
 2291.6571409672165
 2292.845264804417
 2294.022144694582
 2295.173124229739
 2296.3702162458285
 2297.5170898727174
 2298.6852852005704
 2299.8657893985946
 2301.0095039169873
 2302.194539289382
 2303.346462831397
 2304.503441230985
 2305.698271464753
 2306.8224500737474
 2308.0114589561917
 2309.172590026578
 2310.3177973291267
 2311.500679539026
 2312.6431484803575
 2313.807409871116
 2314.983028495161
 2316.109245274204
 2317.298609645862
 2318.42827556185
 2319.586398963711
 2320.754987696003
 2321.870026014947
 2323.030377981296
 2324.1508944194475
 2325.283880612902
 2326.430941717049
 2327.5079096241216
 2328.6542216801945
 2329.7212167868156
 2330.838777882659
 2331.906146955707
 2332.9778699025164
 2334.0642081519127
 2335.0782116139926
 2336.1663040535486
 2337.1679475516567
 2338.2264395558336
 2339.2252784989364
 2340.273943352285
 2341.274739150457
 2342.3195384806863
 2343.3446201843117
 2344.3914870951576
 2345.4560432174485
 2346.537651880084
 2347.658611508311
 2348.7987361292426
 2349.999793088299
 2351.2377074175665
 2352.528647346432
 2353.9181348454754
 2355.346054569514
 2356.9032631170207
 2358.516855879342
 2360.3217704032836
 2362.1627442131303
 2364.264341330148
 2366.4495470489946
 2368.8904536714517
 2371.5595968049674
 2374.4446975221886
 2377.7016417092145
 2381.1835812511526
 2385.0752899271492
 2389.2478954634175
 2393.6307989318575
 2398.168567326293
 2402.3123847687157
 2405.6136412104033
 2407.2973678040216
 2406.2303776921553
 2401.539710834544
 2392.6990796153677
 2380.084378815396
 2364.79575781523
 2349.1318550082924
 2335.343389552549
 2325.2659434607203
 2319.712390011998
 2318.4847597993958
 2320.6674564172763
 2325.087726538797
 2330.67309820429
 2336.634967185009
 2342.4175270302
 2347.907202871455
 2352.9430937187594
 2357.371481558496
 2361.3756837571773
 2364.973860647363
 2368.218782068611
 2371.221676762719
 2373.8713581635716
 2376.3545760545367
 2378.6727685361484
 2380.787190825304
 2382.8246150682367
 2384.6861414187742
 2386.554179156624
 2388.188986806624
 2389.887626873478
 2391.5135901382087
 2392.925665920598
 2394.4943038239635
 2396.0198303205466
 2397.2639806584684
 2398.643685202955
 2400.2502799361296
 2401.358855063483
 2402.501662768382
 2404.1932134855197
 2405.37402337435
 2406.1950486581713
 2407.8183403696758
 2409.330725084926
 2409.9457849760047
 2411.172027517332
 2413.0473406415153
 2413.893231872027
 2414.5340134871876
 2416.3513925912466
 2417.843213464782
 2418.230779366928
 2419.438025159038
 2421.4187686204955
 2422.2258373427626
 2422.779473271914
 2424.572755005924
 2426.129585512481
 2426.553883865501
 2427.723903775393
 2429.644252482072
 2430.552348890629
 2431.2371892176507
 2432.9495889576096
 2434.429570249254
 2435.097991292245
 2436.4273665574733
 2438.1396342835124
 2439.1275949350693
 2440.236261586812
 2441.902984099939
 2443.215459900292
 2444.35967227371
 2445.958997087665
 2447.474731557183
 2448.796272890394
 2450.4411900767273
 2452.1063328781006
 2453.7067866716134
 2455.5124755666075
 2457.434261283593
 2459.3880648615486
 2461.570510329418
 2463.9388229797223
 2466.5029709776936
 2469.402663134606
 2472.7572724480933
 2477.15389621371
 2485.1303986991034
 2506.7182833620504
 2570.4444324453984
 2731.301999024089
 3045.2444718236284
 3495.4356396224157
 3938.3149567892488
 4177.486720510047
 4101.123489690104
 3680.9794978488517
 2891.449330118132
 1817.031186719225
 828.3822787795525
 395.3953617794041
 647.9123067595265
 1272.6533728118275
 1859.7408623021322
 2218.4437337516283
 2377.8011184995466
 2432.9880081987644
 2450.330954239668
 2456.989536447503
 2460.6208047249775
 2463.729869744723
 2466.482973649303
 2469.0288745623984
 2471.3029633631995
 2473.3987811503503
 2475.4087705727893
 2477.271921182313
 2479.013639875782
 2480.754259086652
 2482.32303929491
 2483.945663592073
 2485.4154904157053
 2486.923177726536
 2488.343157204054
 2489.7615552616126
 2491.1455030698235
 2492.5047679260933
 2493.846512770293
 2495.169922569617
 2496.479069770992
 2497.788437502448
 2499.051196825494
 2500.3677799650977
 2501.5959224176627
 2502.903744168957
 2504.124088852835
 2505.421238259938
 2506.6382814031244
 2507.927861069085
 2509.1476488495096
 2510.4283538607388
 2511.6655664722753
 2512.920219462014
 2514.1837469618163
 2515.4196726489517
 2516.7134676691726
 2517.9311236322324
 2519.2356480826825
 2520.4665920897974
 2521.754257184741
 2522.9988342400243
 2524.2802525293037
 2525.5306258418714
 2526.797541140615
 2528.049204023356
 2529.2913841301615
 2530.528253545675
 2531.7488598336968
 2532.9604786613872
 2534.1210988493144
 2535.294793364696
 2536.3856956807413
 2537.4913103477584
 2538.4896907211
 2539.4945570606073
 2540.382515757211
 2541.2385250997704
 2542.0104138061197
 2542.692453033475
 2543.316668372679
 2543.8162674979694
 2544.291738823123
 2544.6149348216572
 2544.9548719155227
 2545.1385056234103
 2545.3485425696167
 2545.486102463844
 2545.5970424768448
 2545.7728243448164
 2545.875873591267
 2546.089999922873
 2546.3195859599905
 2546.5899612058893
 2547.015165633692
 2547.424332483331
 2547.9637766826536
 2548.617744805563
 2549.2731864645057
 2550.1144839713807
 2550.9455995198678
 2551.8732330638163
 2552.9016475949134
 2553.911053791632
 2555.0523664298526
 2556.1759213825885
 2557.3471303201422
 2558.586648348668
 2559.7817733534184
 2561.0817341236607
 2562.3036407696045
 2563.643132223776
 2564.891025693281
 2566.2263480139145
 2567.514684748259
 2568.8384554909926
 2570.1562994393917
 2571.476364598394
 2572.8011823202232
 2574.1292634267193
 2575.4549969477252
 2576.803272329833
 2578.1151916540857
 2579.4854838473216
 2580.8001529180874
 2582.205276170612
 2583.5212303014146
 2584.9347422007977
 2586.284211525788
 2587.721705404469
 2589.1092552146997
 2590.576700498531
 2592.0293464938495
 2593.5169042822663
 2595.0689457885537
 2596.595316352654
 2598.2482787815584
 2599.883012810673
 2601.637442749819
 2603.427218212784
 2605.348489744161
 2607.355317265007
 2609.502717434003
 2611.8330239685156
 2614.336655724754
 2617.173447661543
 2620.2552124368617
 2623.8733706199273
 2627.9953981685767
 2633.012041197834
 2639.1267193901886
 2647.128397678842
 2658.3772124908755
 2676.8576621018888
 2713.629509429451
 2794.4477378374104
 2955.8704221216412
 3203.630251328763
 3433.9101152170992
 3427.2386302377818
 3031.6223230965074
 2389.9148777735604
 1875.406735926323
 1742.1983554753288
 1924.6902999140405
 2194.0952797932014
 2394.905890698512
 2502.495644780269
 2551.3788259686617
 2574.4429405532137
 2587.401388970982
 2595.859996094234
 2602.2681639596462
 2607.3846966799583
 2611.6100154808955
 2615.1954104114525
 2618.317055872872
 2621.1179995926573
 2623.545668688601
 2625.867295126222
 2627.917532350265
 2629.886010272354
 2631.680738379513
 2633.485742611308
 2635.0357936565515
 2636.6703959554575
 2638.2482492824747
 2639.596317402025
 2641.0739519284984
 2642.596522536373
 2643.785397883048
 2645.0593375423387
 2646.6682694904825
 2647.7848656076635
 2648.8007730706663
 2650.4489726133165
 2651.715264639049
 2652.441451964729
 2653.9306836078413
 2655.5455301981287
 2656.184274612374
 2657.2256832571898
 2659.083143464781
 2660.0861498164663
 2660.607873566963
 2662.253189057848
 2663.903189298743
 2664.329428958044
 2665.33255637228
 2667.2960043766248
 2668.2812216706366
 2668.7063286088123
 2670.350018491878
 2672.0435922973293
 2672.516133723819
 2673.486209915561
 2675.4015299229463
 2676.4508919598743
 2677.0214461913424
 2678.616301453115
 2680.220603826355
 2680.886267883494
 2682.0472143118195
 2683.8014649956913
 2684.859882361007
 2685.831875241956
 2687.4721610167144
 2688.888380063995
 2690.234288380343
 2693.633451535177
 2704.702523364095
 2743.088147863279
 2854.4764862289753
 3096.723895811712
 3470.821850619647
 3830.748189130426
 3916.0486952697865
 3575.549511256262
 2956.029701892672
 2389.4870762027904
 2101.941890512723
 2086.149940248036
 2209.5049551245233
 2357.6226208545786
 2481.182723685303
 2574.677003922022
 2649.9507267940517
 2720.7103120861757
 2797.4882261523876
 2871.7822671863896
 2898.7883531727343
 2807.806427693156
 2572.837736869777
 2284.8376593669072
 2109.256737208413
 2137.5694571573636
 2310.6229202707045
 2500.133490114824
 2627.22697512288
 2688.191002656578
 2711.2772046321475
 2719.5142556558017
 2723.947202694922
 2727.395219484557
 2730.9453304174763
 2734.912018763813
 2739.2289417045854
 2744.2544267287094
 2750.1422478242375
 2757.3056193581488
 2766.398437644696
 2778.2765553446047
 2794.559756481434
 2817.034803386306
 2847.590805852323
 2885.232464766651
 2922.107076885713
 2941.0477438778908
 2920.0777632343325
 2848.414278906428
 2740.5233447618575
 2633.2341287124964
 2562.5854820818104
 2542.070075447049
 2560.1172143185413
 2595.4258673125532
 2631.3155756919327
 2660.468080479858
 2682.031570484204
 2697.6766083878993
 2709.194788488038
 2718.027965837384
 2724.932254888991
 2730.6768379643904
 2735.511570152291
 2739.759876530631
 2743.4281753823534
 2746.894639387533
 2750.6800607355735
 2757.275209790121
 2775.572082633578
 2828.470043305404
 2952.411974584996
 3165.485846170104
 3407.7060597921495
 3529.5037349409267
 3406.921931932229
 3095.303396047885
 2820.241628895134
 2792.5043397685313
 3041.466757779345
 3393.3077437733123
 3583.2356244826815
 3452.863996191508
 3094.4350701682088
 2767.457308644477
 2658.568312376008
 2754.1970819093904
 2899.219848602477
 2923.2182181107155
 2756.488358006164
 2503.099440630801
 2365.307145254801
 2426.785953127185
 2558.090753065443
 2586.2966113706325
 2505.0392604783738
 2453.984878163723
 2538.2039516054756
 2725.887759823343
 2879.1360080313816
 2842.3966531116203
 2558.8567546617996
 2158.961983696425
 1894.5728360126618
 1920.3921592373756
 2166.580565583452
 2447.96516384373
 2641.4669810068103
 2735.696084227291
 2771.0393225896887
 2782.5720304060287
 2787.3893355701844
 2790.1400269188875
 2792.4780021558727
 2794.67701855309
 2796.7314294108405
 2798.648633886357
 2800.500398830655
 2802.24250137112
 2803.9415134790656
 2805.598055515552
 2807.1657329521076
 2808.7805303076993
 2810.2715776802434
 2811.821685727065
 2813.3240389899042
 2814.798185630456
 2816.318863360754
 2817.780398686299
 2819.292061469874
 2820.7976419091024
 2822.3066304401755
 2823.8717597727546
 2825.412282101298
 2827.0288826096025
 2828.6772710486184
 2830.3495850992613
 2832.110268498194
 2833.9307709591794
 2835.830499601073
 2837.8683555673147
 2839.973018902539
 2842.301932109429
 2844.773340670504
 2847.4902236181797
 2850.5293778915293
 2853.893467714889
 2857.7992969053025
 2862.2857910227344
 2867.653825179107
 2874.161163135938
 2882.2427240187785
 2892.663388927499
 2906.267197898566
 2924.614205070674
 2948.989245559596
 2980.224999127559
 3015.7403466132046
 3047.3377204144804
 3060.3140224258477
 3038.945464320228
 2977.848185939223
 2890.0371705090492
 2802.8980821106825
 2742.6956485538185
 2720.1935114254056
 2729.30378048481
 2756.330185671077
 2789.12328265288
 2821.469018504252
 2851.7510886028895
 2880.586696197829
 2908.6607951689466
 2934.907486387816
 2955.0881321433462
 2961.48601340585
 2945.6704768270483
 2903.662812676409
 2841.93618933024
 2776.8341550632663
 2726.8210389504384
 2703.1658765447846
 2705.112406117665
 2724.00715638119
 2749.4809826829764
 2774.435419060782
 2795.595400909604
 2812.43866747848
 2825.5194966531008
 2835.758508758484
 2843.8810181103486
 2850.4980102944737
 2855.9531126552
 2860.581538290169
 2864.5628335563715
 2868.1041630264235
 2871.231962969392
 2874.028093096355
 2876.6296822408026
 2879.0465246712806
 2881.247829040664
 2883.4196566160676
 2885.387262464338
 2887.3371811935626
 2889.1990828028966
 2891.008086105278
 2892.7703115252493
 2894.505776778465
 2896.207353666946
 2897.916509230321
 2899.5693660546262
 2901.2935923764885
 2902.9353188117416
 2904.6693948682564
 2906.3493248501945
 2908.1246243163205
 2909.8757891171167
 2911.7026955359165
 2913.5670888405193
 2915.48201337679
 2917.513191926579
 2919.5466697818383
 2921.768516120743
 2924.0162003501964
 2926.4754847285603
 2929.000852333564
 2931.7598177434375
 2934.6505607066656
 2937.793878574727
 2941.109924314994
 2944.675025163815
 2948.41681147954
 2952.367519405143
 2956.3403609726406
 2960.3142478404634
 2963.9167778743954
 2967.045623304749
 2969.113203075037
 2969.873358570913
 2969.012579802919
 2966.267545171147
 2961.9387029123272
 2956.924249108938
 2953.607869684059
 2960.222734573981
 2996.6301448098566
 3095.6445362559916
 3278.2626990383515
 3501.330296265591
 3639.4119612935133
 3575.695215815686
 3336.7437463312503
 3090.7051989251668
 2977.9880414126146
 2967.57566405166
 2897.745444631415
 2654.4175891084005
 2314.5008962213105
 2092.6404041465958
 2129.646743284115
 2364.0036646676185
 2627.871801669793
 2808.9953261841747
 2897.1648116152296
 2930.068976240062
 2940.7093138517953
 2944.961513496939
 2947.355000579944
 2949.392255628172
 2951.322748816824
 2953.1368712887142
 2954.8642522415553
 2956.4817752979066
 2958.118100400004
 2959.5847957928386
 2961.12620262722
 2962.551903770973
 2963.959004138359
 2965.3856479396736
 2966.726092892207
 2968.094758786996
 2969.434597361945
 2970.7378181695626
 2972.0805044025115
 2973.3706394027067
 2974.6649047309033
 2975.9657666716325
 2977.2624332257265
 2978.542905806723
 2979.8343607746515
 2981.1129105702166
 2982.4267382447583
 2983.7034118048
 2985.0012335613305
 2986.3108631340756
 2987.6054613674514
 2988.940408897487
 2990.2403596546524
 2991.586637948654
 2992.930675156604
 2994.2629552506723
 2995.631308258774
 2997.0062874757605
 2998.37192115352
 2999.787548140017
 3001.161202965071
 3002.6024742758236
 3004.0235396996723
 3005.44776355779
 3006.924985400722
 3008.352320887671
 3009.8531839630436
 3011.3073612052935
 3012.8136447240563
 3014.3151471814117
 3015.8037627104804
 3017.370844788062
 3018.8681025220476
 3020.472205801264
 3022.0347546506637
 3023.7229095650823
 3025.3773215554093
 3027.226675730985
 3029.088852897109
 3031.2070350853437
 3033.4792387592815
 3036.0773118825664
 3039.085710013354
 3042.5980759215563
 3046.939384015181
 3052.2523698740124
 3059.135612185101
 3068.3792484516953
 3081.2696694282954
 3100.477265313235
 3130.533954713366
 3177.478106588781
 3245.0915313999694
 3322.848789562464
 3373.6771633401722
 3341.285068352345
 3192.7107742387184
 2965.0816754416364
 2755.6322833900226
 2649.4975016901517
 2659.4233696027104
 2736.786546192984
 2824.6892745612527
 2893.4043203101573
 2938.6195758973568
 2966.9095501327083
 2985.060940949201
 2997.441554962635
 3006.4720447473533
 3013.32675212389
 3018.911233996225
 3023.5093678076005
 3027.342621794759
 3030.6854587373164
 3033.653697482282
 3036.3384572484547
 3038.7051280772785
 3040.9643902030484
 3042.998837451901
 3044.937250855438
 3046.778343570735
 3048.503947795536
 3050.173571123421
 3051.7808962134286
 3053.3008927880346
 3054.8596919919482
 3056.259599358277
 3057.7440010038254
 3059.127851570257
 3060.4860681340556
 3061.8918509417003
 3063.190484331841
 3064.525616139399
 3065.8554876970347
 3067.149150614633
 3068.438393219811
 3069.748397100934
 3071.0110673936515
 3072.294055805967
 3073.603262064111
 3074.854331211575
 3076.140577846928
 3077.455393123343
 3078.719330451409
 3080.024059295737
 3081.3472629401112
 3082.653439836195
 3083.9850481315852
 3085.337457100114
 3086.7095086733257
 3088.0753525445384
 3089.503388104094
 3090.933381161119
 3092.394637671675
 3093.916389118669
 3095.4446374126546
 3097.0567060819585
 3098.721607456486
 3100.4275283795746
 3102.397399279421
 3105.145067982078
 3111.617045991765
 3131.3593874677517
 3186.0214090157565
 3304.04758956265
 3486.653847203411
 3663.6703818721858
 3710.28299490257
 3557.3232427287926
 3282.3044109704324
 3047.042058566582
 2952.3417595220303
 2983.7685705697163
 3077.97335832215
 3190.4919403167205
 3295.875151695854
 3345.9729552738468
 3261.541851084469
 3000.608151166191
 2654.5610542457653
 2418.1251480268147
 2419.832339042364
 2609.5039601304215
 2836.6891549395164
 2996.232737016041
 3074.63306321998
 3103.779723761476
 3112.847253644905
 3116.161650308553
 3117.999897642807
 3119.4957054043984
 3120.9322793745537
 3122.469654614122
 3123.8935484713966
 3125.1295841468523
 3126.5970753092447
 3127.9896597273423
 3129.0952964620483
 3130.4900166122757
 3131.912526632494
 3132.9375625974494
 3134.229757616258
 3135.710520393798
 3136.7376505439556
 3137.900483540293
 3139.4191759076525
 3140.522880243899
 3141.5862529000015
 3143.0871186377663
 3144.2960088447526
 3145.3236341136767
 3146.778641149493
 3148.096704397641
 3149.15823400049
 3150.568078940349
 3151.955655371597
 3153.108096407732
 3154.5297653089624
 3155.964121269245
 3157.2529347307614
 3158.7201015802902
 3160.240235516891
 3161.694720928102
 3163.286733455198
 3164.9517883185245
 3166.638444962245
 3168.4545091973114
 3170.3973665451517
 3172.4483373350045
 3174.681212102987
 3177.286853094434
 3180.7901839778783
 3188.081735978096
 3209.345492164161
 3269.7488114775597
 3408.2278236561815
 3641.932220290765
 3904.521047500744
 4041.666477660083
 3935.0931535919644
 3644.4504878429993
 3357.3807770224676
 3178.011046615484
 3027.9284956002957
 2792.9726195459784
 2512.6444345178743
 2358.2777613860917
 2433.212499099167
 2665.8670988390977
 2904.995699637154
 3061.3379979008814
 3135.3306483731376
 3162.9229908555276
 3172.489039624462
 3176.992420182586
 3179.881861813982
 3182.4861876853256
 3184.8432507010384
 3187.1238525978424
 3189.273058032143
 3191.3022189977623
 3193.3456890958405
 3195.244830565533
 3197.1891621928517
 3199.0585577644983
 3200.939926631219
 3202.82744344597
 3204.700425607969
 3206.624892714841
 3208.5307130676547
 3210.5339076723467
 3212.5045941487165
 3214.618754137302
 3216.704437181789
 3218.954786022002
 3221.184075687229
 3223.615961065713
 3226.0359399464865
 3228.623714218881
 3231.2792220269403
 3234.0127597252585
 3236.8501549434004
 3239.6512578637326
 3242.523181108865
 3245.1890465494234
 3247.6951655653156
 3249.863222510844
 3251.440993318849
 3252.3890977569504
 3252.4565162476683
 3251.499613583075
 3249.5442454213226
 3246.6972509524394
 3242.968108661328
 3238.7927688252043
 3234.4728089916016
 3230.3581136410976
 3226.7472972899586
 3223.8452236077273
 3221.758469131971
 3220.4936854136627
 3219.969912953883
 3220.0793695448724
 3220.693521611831
 3221.6890923287583
 3222.9547862606946
 3224.4259847087437
 3226.0220118494253
 3227.709516033247
 3229.46543274762
 3231.272040817825
 3233.1462447321537
 3235.0662807528843
 3237.048882836093
 3239.09985132372
 3241.261874708552
 3243.5267019723756
 3245.831495255086
 3248.304981566404
 3250.930761958327
 3253.737635264294
 3256.761587859191
 3260.145254398434
 3263.786595641527
 3267.912594926742
 3272.665921527412
 3278.2835073385754
 3285.2306277847247
 3293.9655713656866
 3306.086605753586
 3324.735104356516
 3358.1849216502346
 3424.097900243405
 3547.608457112885
 3734.838352742113
 3918.910233902966
 3944.7465282766225
 3680.985631049117
 3193.1064391105283
 2743.7276232758086
 2561.6066095028077
 2651.0299631326525
 2854.8660748429884
 3033.452234992468
 3142.8920272016167
 3199.2908324569707
 3228.262920455488
 3245.3611756564032
 3256.8425801798267
 3265.6393851030407
 3273.0198368751935
 3279.4695229403246
 3285.3765949847093
 3291.012147773446
 3296.605007038893
 3302.2646353728574
 3308.0858776110717
 3314.227625131055
 3320.6801970660554
 3327.4293499055716
 3334.0113204458844
 3339.9197892300567
 3344.1313634629714
 3345.2957307183483
 3341.76822336699
 3332.5020508560783
 3317.536459133346
 3298.397101243133
 3278.0229532049125
 3259.8423415970215
 3246.5723719012603
 3239.454884614889
 3238.141881199671
 3241.23920713791
 3247.050563872617
 3254.0955752623345
 3261.323899680772
 3268.2357885096985
 3274.5377194641837
 3280.1266279225338
 3285.058989884267
 3289.4193229567704
 3293.3426621618096
 3296.738911521463
 3299.831937678581
 3302.666231049426
 3305.247824214037
 3307.581211925205
 3309.8187207945557
 3311.8440458993973
 3313.8014820811477
 3315.58497207358
 3317.417829457277
 3318.981192211317
 3320.584801980836
 3322.2574679993913
 3323.6145631193117
 3324.9844750316847
 3326.6570602371507
 3327.943329204245
 3328.9541302786247
 3330.640867002652
 3332.1590447808194
 3332.8014595198424
 3334.1150616484388
 3336.1233136611936
 3336.919800872481
 3337.370717083163
 3339.350100815748
 3341.187783227566
 3341.241371377594
 3341.9686030356434
 3344.5043081764516
 3345.853472735457
 3345.4530384099994
 3346.5983324596123
 3349.440664460933
 3350.35106295544
 3349.674016629198
 3351.161753420704
 3354.1723054363074
 3354.807394900875
 3353.950828266938
 3355.62847951867
 3358.7595546772723
 3359.272144209898
 3358.2987565735607
 3360.0185931777446
 3363.2236969265814
 3363.7488642554536
 3362.7215015430547
 3364.4086276641833
 3367.6228342816466
 3368.1934898762615
 3367.211716764688
 3368.876167036339
 3372.0038643003722
 3372.5822122823965
 3371.763649649883
 3373.4923209893727
 3376.418087361445
 3376.908815199066
 3376.397825228906
 3378.3059910038314
 3380.8896600028083
 3381.2025879739504
 3381.2049438838626
 3383.336812010145
 3385.399215413468
 3385.607879581017
 3386.3046711615702
 3388.544845430339
 3389.958227545405
 3390.386764719353
 3391.842095514671
 3393.8100137565416
 3394.8083402072207
 3395.9028275934706
 3397.760585896749
 3399.29386613015
 3400.55835015896
 3402.3268445316016
 3404.175987190049
 3405.8328039624676
 3407.8226067869523
 3409.9998501972555
 3412.2368902030385
 3414.8113648334192
 3417.9362195791045
 3422.4544492827326
 3432.720296110863
 3462.642238103769
 3543.9135856789326
 3719.065729809502
 3994.6242415381275
 4278.463104821291
 4399.495741031384
 4250.112831730718
 3892.539357081666
 3471.1962797838924
 3069.498118318046
 2730.1661502928896
 2541.301763724335
 2581.770263286149
 2805.4480806809524
 3069.142898889718
 3261.8600107833518
 3362.813137583805
 3404.997457336027
 3422.360390714966
 3433.2674114023207
 3447.648338490668
 3481.3715009044104
 3567.69177194047
 3753.439120091278
 4053.972527874852
 4384.464279220515
 4560.67663185985
 4424.579425118031
 3971.2200692317374
 3337.433741133721
 2721.345950744484
 2329.0011146515894
 2288.4032817264147
 2544.9821819963536
 2900.545948139844
 3180.9411757584044
 3336.411296332407
 3401.9470172442984
 3425.898886990741
 3436.0316107303274
 3442.137970509796
 3447.2711555428687
 3452.252737496328
 3457.2461795367462
 3462.4508252911637
 3467.8252920332307
 3473.6391653739593
 3479.980530421645
 3486.8975451160572
 3494.2669214427824
 3501.962540905184
 3509.4460067168766
 3515.5360483503796
 3518.77603929582
 3517.2814263359433
 3509.4994255052807
 3494.738965208439
 3474.3688710460992
 3451.415230243768
 3429.8438077364945
 3413.1034562503773
 3403.0641434409363
 3399.7120786256287
 3401.641112734335
 3406.9312617258424
 3413.999164905573
 3421.436163170244
 3428.5691128319704
 3435.2068313104896
 3441.093984179921
 3446.3029025699675
 3450.907060401782
 3454.998481046237
 3458.6481925067283
 3461.9352651500303
 3464.980010921027
 3467.6913609766407
 3470.210512849483
 3472.5871631175146
 3474.8278929888115
 3476.886384294149
 3478.9184651535047
 3480.824378823698
 3482.6597324240124
 3484.4659884392518
 3486.1750218860416
 3487.9149272542018
 3489.543770672752
 3491.238958614541
 3492.8274012599704
 3494.495556865384
 3496.073986358921
 3497.74637504381
 3499.346176233904
 3501.036417300989
 3502.6851372541796
 3504.457928181425
 3506.4741034212634
 3510.000265756159
 3520.277982353697
 3554.5763817438547
 3650.1013247717797
 3851.5612704094924
 4151.208503035923
 4420.684404740341
 4455.351689413685
 4163.9096603668895
 3696.7725105485424
 3318.3618050546374
 3170.8527647542064
 3209.5407362835654
 3320.812483240804
 3433.773999974794
 3536.031581007195
 3639.0081844500082
 3738.6160846924167
 3782.8143039728952
 3681.768753423221
 3392.497510012326
 3019.4138683732676
 2775.5912056982997
 2795.24397159962
 3016.7374656871043
 3275.088356269724
 3459.7891361239454
 3560.941692870736
 3615.4818843048124
 3655.0230420879216
 3690.6261949664076
 3714.3000449522096
 3708.6586148003653
 3657.7846941094886
 3563.6996764395844
 3452.90279345981
 3363.2248302011003
 3320.071113838881
 3323.5677251338407
 3355.5913955019123
 3395.908574448661
 3431.943625109401
 3459.7369456821625
 3479.957682246054
 3494.604885238999
 3505.4170316719674
 3513.7230505826765
 3520.248890040244
 3525.565029070852
 3530.0078470992926
 3533.790322682025
 3537.090282284934
 3540.059014326104
 3542.6268142528074
 3545.039926671757
 3547.2199641264606
 3549.2534376407452
 3551.169276423587
 3552.9417991429436
 3554.681273986694
 3556.293055089709
 3557.831194685908
 3559.422869586634
 3560.7996467600265
 3562.231354106602
 3563.6825296003035
 3564.965290764147
 3566.2632642041463
 3567.686195545105
 3568.8843630771617
 3570.034963200198
 3571.484919244156
 3572.6608324851995
 3573.6591857664844
 3575.1000078880966
 3576.343412764658
 3577.2006635434814
 3578.5543361553487
 3579.9432749447133
 3580.7319039132444
 3581.8894496032312
 3583.427621231463
 3584.295754727649
 3585.1876998255216
 3586.7556569113394
 3587.8530416427757
 3588.5412765388583
 3589.9714226484607
 3591.329020120355
 3591.9830966499358
 3593.149344681922
 3594.67878326137
 3595.479743696229
 3596.377760573788
 3597.9146083067817
 3598.9613703253126
 3599.6946704962984
 3601.1088301278896
 3602.358807688644
 3603.0903357653137
 3604.32454517422
 3605.6833153734133
 3606.5091457310314
 3607.5973206037706
 3608.9681879981795
 3609.9182090468403
 3610.924403376325
 3612.2517358423584
 3613.3112176343107
 3614.2859582266233
 3615.569219305527
 3616.6739397708234
 3617.6704353337777
 3618.9250062332117
 3620.037264004719
 3621.0802118037363
 3622.2932251809807
 3623.4175945158345
 3624.496709238125
 3625.6897888235926
 3626.813146745599
 3627.9259078846235
 3629.097047210482
 3630.226502925103
 3631.359607488787
 3632.502256497575
 3633.6564445363
 3634.7760583959252
 3635.9160774380252
 3637.0713049226515
 3638.1774516487717
 3639.314743716453
 3640.4358598012604
 3641.5386370836345
 3642.6620148056063
 3643.7413594925347
 3644.8269289214036
 3645.911614762005
 3646.9477238509326
 3648.0166050462253
 3649.0041815955683
 3650.033367114456
 3650.9992169827
 3651.951143857039
 3652.9138139961965
 3653.779249565439
 3654.6939823184744
 3655.5080132006624
 3656.3690505113577
 3657.1301475667206
 3657.9315230622274
 3658.6514232857176
 3659.389056533282
 3660.0720086732563
 3660.768809378082
 3661.419841705976
 3662.085822107267
 3662.7214818892967
 3663.3682470776344
 3663.9972946232624
 3664.659835849351
 3665.2868020112237
 3665.9788323424677
 3666.6129040691567
 3667.360306233504
 3668.0174653110817
 3668.8082768246372
 3669.5144794008856
 3670.32569182414
 3671.122911158759
 3671.947915692105
 3672.825291340717
 3673.6775715308495
 3674.6230067755973
 3675.508515728736
 3676.513272142782
 3677.4435671291594
 3678.461698276358
 3679.4696428327143
 3680.493585168042
 3681.558812720481
 3682.593292675222
 3683.704094039482
 3684.7464748099496
 3685.893643746996
 3686.9552615353705
 3688.0871470003567
 3689.204309294268
 3690.317152607181
 3691.4563400337665
 3692.5607922806935
 3693.7103382414266
 3694.797132273586
 3695.9635457678087
 3697.0303317744574
 3698.1882792302267
 3699.2400460489016
 3700.3828096325933
 3701.4202693382304
 3702.52190806243
 3703.5607619719594
 3704.613592074928
 3705.6441200327163
 3706.651030218133
 3707.6641007424646
 3708.6280751035747
 3709.621146100569
 3710.5461804821803
 3711.517748157586
 3712.4114986166996
 3713.3641188519623
 3714.2338599041495
 3715.176225901662
 3716.032704643907
 3716.9657102874107
 3717.916105366146
 3719.44872435689
 3723.7952702973257
 3740.1216754728384
 3793.5230330071904
 3928.080260175467
 4175.954878118941
 4483.823011590646
 4678.216233071756
 4579.370189169167
 4196.206222841876
 3750.821155219134
 3473.059274357454
 3417.7764113717285
 3495.468751928161
 3604.1490978885154
 3695.8107132522596
 3761.293595428525
 3799.740126091443
 3804.8431901812824
 3771.028858276428
 3704.2687432113253
 3625.0956207041504
 3560.885114307583
 3530.0720310483784
 3534.385644399846
 3562.0671457255544
 3598.6749873472545
 3633.978077433804
 3663.911520256803
 3688.118598837485
 3707.8993074654713
 3724.713511149735
 3739.908300788891
 3754.5627672298037
 3769.610298841415
 3786.424522962183
 3806.690553792621
 3833.598578968521
 3873.0850713783548
 3932.8929901690676
 4013.4619036495733
 4083.8107140268194
 4062.516348101423
 3858.736809071548
 3484.849285025565
 3114.6584337772247
 2960.5555640944185
 3075.7976070280483
 3328.4604592046194
 3555.5638067011696
 3688.847896911238
 3745.369484686182
 3764.0079055952174
 3769.646914178402
 3771.925451856504
 3773.3565121554725
 3774.8125248044344
 3776.254119160721
 3777.6713435751444
 3779.134944635901
 3780.5398669591214
 3782.0112625182164
 3783.449581839768
 3784.9039452266984
 3786.4116425641355
 3787.874793737321
 3789.410772552403
 3790.933924335597
 3792.5033049270396
 3794.111042971967
 3795.721120498184
 3797.408163723575
 3799.086355546058
 3800.8452331432127
 3802.62959116192
 3804.446871966914
 3806.345818564676
 3808.207283395622
 3810.18045998461
 3812.085176432295
 3814.0459532271025
 3815.9045870392124
 3817.7181474299805
 3819.3570521858655
 3820.8171249373095
 3821.9299710187615
 3822.6950308673545
 3822.935138239487
 3822.6974232683997
 3821.7588039484863
 3820.3485674949197
 3818.3097048890036
 3815.910820796318
 3813.3349151149205
 3810.669058708059
 3808.252410915559
 3806.23747056039
 3804.6762080722615
 3803.722440264079
 3803.45883348051
 3803.6317520470593
 3804.353751122525
 3805.466844728423
 3806.992182915014
 3808.6227350651243
 3810.468209553144
 3812.432395689383
 3814.49347077587
 3816.504290313942
 3818.564701124818
 3820.6717693869778
 3822.672040865611
 3824.720570181628
 3826.7459388884863
 3828.7128454790577
 3830.763081256553
 3832.708901490491
 3834.7438695208534
 3836.745722222355
 3838.7920864187563
 3840.9003504220727
 3843.0250052964266
 3845.279110162178
 3847.5824899404224
 3850.056736193724
 3852.6470524004344
 3855.5167618110204
 3858.580666014223
 3862.0643636624545
 3865.934033679562
 3870.5035718490367
 3875.8167940187586
 3882.3888841965672
 3890.547003973454
 3901.344459824798
 3915.9347023944815
 3936.7055482825454
 3966.6021360177956
 4008.259765231868
 4059.9989771668934
 4109.222821986305
 4130.15241749981
 4093.7261857018298
 3991.018411139829
 3850.2751199436575
 3723.8520056804723
 3653.3231678822003
 3645.27560204765
 3677.7673952376244
 3723.253061413129
 3764.568283238431
 3796.04597276566
 3818.4770846759748
 3834.3639181101616
 3845.677119344046
 3853.8604164143217
 3859.6772591323142
 3863.664328844401
 3866.077095897131
 3867.149805250043
 3867.314053936703
 3866.6204061379685
 3865.4532738231537
 3864.0850177612456
 3862.803549634527
 3861.8513347124053
 3861.382368639657
 3861.4760845923597
 3862.159397154889
 3863.3698606315515
 3865.023691290352
 3867.045831091434
 3869.3531115649453
 3871.7216242212025
 3874.222515713225
 3876.7541505263102
 3879.2736078993908
 3881.745181895945
 3884.2515151619295
 3886.5596649049144
 3888.8581090555
 3891.105463166028
 3893.3089753172335
 3895.388336231234
 3897.4842520925185
 3899.522815295724
 3901.4800898700246
 3903.515389420818
 3905.415720732166
 3907.380108721119
 3909.329229502079
 3911.252991289688
 3913.2689954127827
 3915.214990891802
 3917.3025434436267
 3919.3397436288783
 3921.5326963522
 3923.7486664926073
 3926.1000601830547
 3928.557327126463
 3931.1745433303395
 3934.013777957087
 3937.0249851648305
 3940.4181265472293
 3944.0754305533223
 3948.3208851840473
 3953.0611736636192
 3958.664936879538
 3965.327661784094
 3973.413053265325
 3983.690474921578
 3996.9467866762343
 4014.963727794644
 4040.2560562402823
 4076.0671640182536
 4124.88079558151
 4182.975148258027
 4232.5587835432925
 4240.084797563509
 4171.202584005972
 4021.5602939188134
 3835.0381645000525
 3681.8059153748495
 3610.540902182302
 3620.9261243735073
 3677.914137498905
 3744.3153360977244
 3799.6948945546355
 3839.556567090107
 3866.8147667739236
 3885.610729423951
 3899.0296038315555
 3909.063862046835
 3916.8106443970028
 3923.0610881392276
 3928.2477653357164
 3932.6076807677064
 3936.433499128074
 3939.686638014691
 3942.6369908550705
 3945.2998892611795
 3947.7930361099916
 3950.001841682827
 3952.122917512551
 3954.1181762781775
 3955.9636140200637
 3957.7891596205272
 3959.46340278154
 3961.1570219419746
 3962.7145124043254
 3964.3080560087146
 3965.7865717742916
 3967.304811794393
 3968.733485447451
 3970.180908568489
 3971.5852135569457
 3972.977990349247
 3974.3985675000945
 3975.7260484364774
 3977.144167354046
 3978.4807531496695
 3979.8552171069723
 3981.2359792668344
 3982.58847667011
 3983.998013101945
 3985.3608090020844
 3986.7888458462853
 3988.214401961159
 3989.649358035261
 3991.143850606857
 3992.626591675253
 3994.1921763455034
 3995.7883928197775
 3997.4214022060014
 3999.1622395878103
 4000.936644336881
 4002.840755690619
 4004.915516668059
 4007.8933500424278
 4014.946841788793
 4039.7957810961625
 4123.209386891217
 4343.288132907053
 4768.9206351307885
 5322.124316676229
 5681.572539884912
 5475.956364535494
 4702.121044248764
 3851.7654187624057
 3499.916592988743
 3831.78054067231
 4560.044739385741
 5117.579004164586
 4956.878819791275
 3968.0305574731265
 2692.445718471078
 1914.9826086237927
 1974.9888648759033
 2584.874375160023
 3249.7911005374062
 3691.878425343085
 3902.3185595070645
 3978.3651208792357
 4001.940212640629
 4008.815952170806
 4011.7721434775226
 4014.0978582598577
 4016.141510392759
 4018.1222597526807
 4019.961521190339
 4021.702269748399
 4023.373576592551
 4024.9756067180897
 4026.490992587188
 4028.023366134018
 4029.4111923453606
 4030.856246132474
 4032.2243289201815
 4033.5343925169163
 4034.907654583869
 4036.178330238431
 4037.422973641642
 4038.7284436973205
 4039.9580854233236
 4041.1459413549837
 4042.4200424559513
 4043.602905987428
 4044.7458939892736
 4046.0029700143136
 4047.1593889006353
 4048.2491912857404
 4049.5098353112776
 4050.644337720084
 4051.7013637481477
 4052.9497618327814
 4054.0653924783546
 4055.105545337113
 4056.3380971095826
 4057.4402505402204
 4058.4707819079085
 4059.685365950711
 4060.7745008544007
 4061.792659091273
 4062.995725369227
 4064.0805603489753
 4065.0913674863364
 4066.273537473161
 4067.340961263008
 4068.360109144041
 4069.5170211825393
 4070.566607622864
 4071.5963162715743
 4072.724857768281
 4073.7574806609987
 4074.797649517936
 4075.8957666591155
 4076.911892131364
 4077.954318927902
 4079.0247174601136
 4080.042191172217
 4081.078131894374
 4082.1045500165483
 4083.1384834538403
 4084.152186102337
 4085.166446771162
 4086.1839078451344
 4087.195254323499
 4088.2010534260235
 4089.20339290335
 4090.2051824851815
 4091.2153074839057
 4092.2013445337657
 4093.1968328733624
 4094.2233941569975
 4095.187526444255
 4096.214893046797
 4097.2043528856475
